child_id,father_age,father_educ,firm_size,industry_female_share,workplace_gender_balance,parental_divorce,child_outcome
1,30.9682592502415,13,166,.5731830754431823,.7396781533249398,0,79.93198714055295
2,43.00051862355593,10,191,.4273853691591366,.488757738079457,1,73.17299904701706
3,41.36080778664602,9,145,.2922211356384909,.2832692963695841,0,75.3979233785489
4,41.51261885768907,14,98,.3670697944526085,.4658811708913098,0,70.89114027201754
5,31.35797255779082,13,127,.544242115035186,.264910918268325,1,68.83448909465616
6,39.65821236631731,16,25,.5455161112908816,.4138378423664743,0,72.3313001116786
7,35.13408783729522,7,64,.5790812831062059,.574002996168947,1,70.74831332057116
8,31.55767751927374,12,42,.3235551999330888,.3094385031200423,0,75.44779090255494
9,45.96330655061064,13,110,.6210377386074907,.420707032222056,0,77.35231036308269
10,38.65532422086989,15,234,.3654645239439172,.3858340061328043,1,66.53020483396271
11,41.04264576253384,12,79,.4333197601206326,.6212593063221488,1,70.54928751947229
12,37.83844759141545,14,29,.5493231430149612,.6478866657932497,0,80.03286863467233
13,32.90719802246569,11,15,.4213223157362899,.4141333207663757,0,69.34039582893055
14,31.6776771957982,13,74,.3273927816202865,.3442252063316859,0,76.31065631681962
15,47.78865044893783,12,161,.7221914939253966,.7898280725750975,1,75.91343753946691
16,33.5493331482938,14,54,.6254949726578656,.4013904905227297,0,70.69087188866534
17,42.80458939443855,19,222,.377748261751767,.3273689765345469,0,83.98527984716776
18,42.10221878337862,8,214,.1596215574373962,.1900663282731811,0,71.85304217005095
19,39.74857960341075,14,78,.3887945458835226,.6719189203928562,1,74.83258163441522
20,37.90493230300874,14,138,.4139090028621755,.3655836208316817,0,78.31839617148877
21,35.50405018452295,10,97,.3987774834834353,.4706085563810193,0,83.88696891917496
22,36.84625937983503,10,51,.3626727933498608,.335518711910882,1,73.73187817082952
23,42.72426225288639,11,122,.435477901055145,.3195377916252764,0,65.77862480448024
24,44.37071107910936,13,38,.5468932976632191,.5939272012680894,0,76.77659146599454
25,37.55388245115616,8,81,.6549525814663897,.7462119229035709,0,74.1299664219339
26,32.33335568073287,10,103,.4178904372869163,.3427600613714493,0,79.01414573566147
27,35.88222009218532,9,52,.4250561197383592,.5492923823484528,0,70.64810545439603
28,39.99448543674156,9,67,.3896502415776205,.5308813350202832,0,77.50391264250634
29,39.83608480602388,12,296,.603591175534033,.4985730551976979,1,73.58120990212511
30,33.29895342541421,10,116,.637699617548462,.7484154837812131,1,70.14576076822588
31,43.72891332422444,13,30,.2383965808704589,.02,0,75.80670583760717
32,30.29091133175988,11,182,.3995362414412973,.4583491331038651,1,65.71265761519643
33,33.37344478812989,12,14,.5358422676440573,.4487648344421611,0,75.01296259951344
34,27.13551666609305,14,94,.4795980565602232,.3322019296991341,0,77.41410214220564
35,38.56056095613856,8,93,.4017455320468523,.1535903253625495,0,64.60953238651969
36,42.49460285644874,11,79,.3823386808123074,.3159038891609245,1,66.94964679114986
37,42.40529645190205,14,51,.4364448760622777,.5969335666851959,0,71.10472184178701
38,42.43474327928829,14,359,.3451425385638758,.4873796303684182,1,70.51908905801092
39,39.69835383123232,11,318,.3957618136371731,.2121494697815917,1,71.1743330921806
40,44.46213221057498,8,135,.5970261388786988,.7246567768500202,0,74.85447436970934
41,34.2552817837996,15,99,.2836803620005808,.346403539227997,1,71.14442225757413
42,47.83748561819986,10,13,.5800623927566321,.5413504728587368,0,76.21527408525573
43,41.58819643289579,10,119,.5729492549472421,.5472569369549201,1,70.26050265930883
44,47.4465066996804,10,135,.4916155233105997,.5965736042794711,1,68.41734946606867
45,35.72777467699382,9,344,.5797304879182359,.5455086983556787,0,66.75403497636532
46,42.78534242055095,9,76,.3094203120304472,.2512797928243362,1,64.16172619937538
47,46.26665041908746,12,80,.3646181186499675,.2617031543331342,1,71.366754103283
48,44.26762769625939,15,123,.4720500307683452,.7157787001729382,1,73.47452667629521
49,54.39540036813697,15,512,.3148530373049441,.0698661869605274,0,66.61266844958968
50,44.34343844795971,13,104,.2915005457298002,.3562055146908197,0,77.40827169016835
51,51.69089112339378,11,234,.3761810770243345,.1577402696870942,0,71.07122060226517
52,37.89860635104542,11,95,.2572368209155331,.3380896577581685,1,70.13697939665482
53,33.4017047035296,11,198,.5810686202272555,.5632852526908007,0,70.97949287934904
54,34.97350045407759,10,114,.5784226787704532,.4447842402335261,0,70.81255452650598
55,28.03647808234624,7,75,.5719063199721075,.3243630929445728,0,75.99947051288822
56,37.66812172884957,11,280,.3877198564245569,.3165969311698406,1,67.56582865822691
57,46.09180433628714,12,129,.4789783590066679,.346868348876419,1,70.02369574883556
58,37.7996470021927,12,251,.5158066741309619,.7084287623885209,1,76.51180116092493
59,41.09297912943371,13,410,.5260885752357526,.4505780955620615,1,72.05752838380543
60,41.37749313646822,10,199,.4021885982636633,.6699015216906756,0,71.86014327222234
61,46.36588407845798,16,144,.5171607402859659,.4157009696106835,0,76.5985155101941
62,36.19577485275509,11,53,.1877656546827355,.1425790958472531,1,73.14462528786764
63,43.58151004448021,10,44,.3548734995778199,.574274328703592,0,79.17043291577916
64,43.85967944493514,8,74,.3909499655718338,.5372162269921945,1,69.22092390916922
65,31.22774518944572,11,42,.3933220664958381,.430352416855719,0,68.13086296037048
66,45.65903359784019,13,198,.5371578437878815,.577143027362784,0,76.88109734242994
67,54.59724830494834,14,337,.176557136056211,.2100289045568569,0,76.03849757930297
68,43.44192515314214,11,97,.4224881097356528,.3403341608759354,0,77.51845076649127
69,36.49797479094258,12,118,.3185264524765595,.1790794687246107,0,75.80701152936717
70,32.99255105553196,13,123,.6543085777400386,.7690821960396269,0,69.68011781212188
71,50.44553582585399,12,228,.502239375703614,.5715586794908282,0,76.22151559198441
72,33.28113077226595,10,86,.4256580607035446,.3685126230512625,1,69.27891264293753
73,39.47892844028076,8,162,.3945070127344961,.5815780427901914,1,75.72133246934428
74,34.7295352696795,10,57,.2931843067728941,.2843558196774335,1,74.44209594221564
75,29.88768998049905,7,81,.1234483594128544,.2160331164875587,1,73.09622231858876
76,44.3157367770017,12,115,.5622388839013095,.5971731454195043,1,71.49911350966069
77,37.08551847183333,15,62,.208160962830737,.3586860237667389,0,77.59482988268923
78,41.40526445215253,11,92,.6466457675254527,.4575601773562001,1,69.80659233801714
79,41.04068043230989,7,43,.4791804961294484,.3007966138742439,1,63.09240752320919
80,30.54419369893407,12,94,.5144041128145311,.6598176526977703,0,74.38500896263446
81,43.49946471154486,14,25,.4319709188698952,.3023874777443815,0,75.70516069563996
82,35.11380276996726,10,135,.488306095497015,.525280591761583,1,72.11216316157069
83,38.96801377721072,15,24,.5397970237439073,.6611310164331052,0,71.50852956179656
84,29.58684622098037,13,237,.3104202024240945,.2080727355197316,0,76.85248234475748
85,46.68049678808958,11,60,.2938154555620479,.2499852867246424,0,75.5156152041712
86,38.99512033208353,9,70,.5167796703066597,.4668428824060996,0,77.07977281613236
87,41.08687516934449,10,91,.4501361174194101,.545112985369137,1,73.22533370240454
88,40.59962057595606,12,46,.2262188657163779,.4225389214999557,0,77.55230718201216
89,39.33172982207888,6,31,.4004445537360203,.3992793866663747,0,70.5713065761358
90,39.0052222102845,15,155,.4950504549753486,.6518414730872665,1,66.4152807071188
91,44.32276192619692,10,88,.4042308352353712,.4666118043442635,1,72.7272429198928
92,43.1817358224525,11,158,.4250528805202467,.5334332227816481,1,71.16269944119581
93,33.79856247603059,12,58,.4891439152432764,.4582168335023989,1,74.32200703783016
94,40.54492934277597,10,83,.4465928380978079,.5294789020946208,0,73.61808585351835
95,40.27228243582901,12,51,.3272472375689743,.1917661255926264,0,70.50937784067995
96,38.05685077687953,12,63,.4468513220248443,.7722320238889011,1,75.17871404466165
97,46.75043717986135,11,196,.3604882029210453,.02,0,77.07782415068701
98,32.32664462590309,8,24,.6856325393814378,.8065260296118583,0,77.47931144687777
99,40.24208660001632,12,59,.1955373431458039,.1983785179771733,1,68.08813822264187
100,42.36205152040582,13,38,.4499987410534966,.4746060935309718,1,67.81937228054673
101,23.19420664130957,10,25,.4950917700079207,.6176567716174595,0,79.45671194528869
102,43.19331317016295,12,155,.2239127098453958,.4395614484991269,0,80.28127940567217
103,45.07492870709741,11,39,.427209772819666,.5272900550146586,0,72.16597732112025
104,39.96966216636336,11,104,.6777198362527308,.6731338257161273,1,71.30510793217665
105,29.64048046297359,14,392,.3984736048037406,.6699398677408925,0,73.76950708632792
106,36.58509406298559,11,62,.3369995808126929,.3466584114076828,1,71.83129610523851
107,47.02817557887856,12,75,.2806504334122513,.1458865624481277,1,74.00997230660242
108,41.41428495375159,7,39,.376542710720054,.1266611060621362,1,61.85336237764248
109,42.05925707815142,6,92,.4187362956148076,.4697251336635438,1,69.25184594804297
110,45.01489623943368,9,109,.4375830263903894,.4979747976019711,0,75.48260075301849
111,35.02228600041423,10,45,.5566489347742491,.466058033796692,1,69.34470398684617
112,37.61401347833334,15,87,.5818198991864516,.5926355467608438,0,76.73830853072303
113,41.39238523144595,12,59,.4911929310760148,.2775455926298653,0,71.2804499388007
114,41.21518494198198,12,100,.3473728232125424,.2057580856328173,1,64.30991064204578
115,44.40168812483237,15,154,.636297308813305,.7745379231457825,0,71.10248504761978
116,48.56280057959071,9,140,.2548722640309596,.02,0,80.47369671460628
117,39.50177359529044,12,121,.4977027706296125,.3774803207699252,1,73.84461893456361
118,39.40217430598322,9,307,.3996238562703951,.5294619167464898,1,67.63468192963404
119,39.55348512993836,10,46,.3241304580682568,.1771555105037084,1,73.17065633475987
120,46.89431421251417,9,47,.3589856832495502,.6191600302404405,0,76.4343115302769
121,45.9838418782513,10,43,.6785794586056265,.5729446880957595,1,63.95172068082938
122,37.25043229783918,7,150,.648755546837121,.7831157200889629,1,68.95290810393416
123,45.79708441708966,14,86,.3950699119055464,.5149947927196963,1,69.85780810451249
124,40.50647760550311,9,22,.4283430048973243,.6559930159506615,0,72.16228238351437
125,37.34804374943678,12,80,.3815953271858198,.5625177351450987,0,67.1073403343967
126,31.41710035863669,7,61,.4925481171146527,.499382166400666,0,71.98124338463015
127,40.62932555505753,13,62,.49489003464413,.6239926362210477,1,69.1444680644898
128,44.80857300843883,11,86,.4046381336659326,.4438073191907048,0,75.85866707735381
129,45.41108768506024,14,47,.3713753153339058,.300014656649279,0,68.50535129385783
130,51.29743740496809,11,200,.5118819935103296,.5991698054749302,0,76.22736728790225
131,54.43910006373608,12,31,.3253370765753559,.4736953757882981,1,68.214169616494
132,40.3680788290818,11,75,.614698507957926,.5259397674853235,1,66.61552673681507
133,40.5401173862621,13,115,.5576222797448598,.6990641668899953,0,79.93201944484899
134,47.35238460486748,16,113,.3431126609220607,.2638127210834764,0,76.51769720642433
135,37.45912104939496,11,160,.484770139877315,.6048518920805322,1,74.23638352975452
136,47.32622018920652,10,65,.2419551655982287,.1771118859521772,1,68.10066414126447
137,36.38983633541291,11,128,.4511650586405075,.2436675382517683,0,74.44372586235718
138,35.72157495359654,12,349,.5854470359318922,.808719990481421,1,69.07220907683586
139,33.69582532956441,11,70,.3653468315368957,.5225515792473938,1,72.81977888127324
140,48.05006951289022,10,49,.4852702812385157,.6090137561151939,1,73.00529593049646
141,38.49831148641098,13,176,.2896378832467739,.244966888450498,1,68.50077485382553
142,39.30591448610503,12,30,.4744839416587072,.8763158943629954,1,71.9997637338212
143,47.45644333013372,8,159,.4640012259536859,.3310061076812584,0,75.10685274639127
144,36.61881294167505,14,190,.3922572399043434,.2864120787833451,0,75.49869148871942
145,37.89457357089593,16,52,.5973581316175088,.6010604168935553,0,75.08279382544198
146,34.73140926301149,10,63,.4787454133552042,.5608734456367881,1,73.37289020789885
147,48.82201420670363,8,92,.5200231768803885,.6789804421666401,1,74.72049602426479
148,38.11108117278038,14,47,.6858289331583631,.7014355536709496,1,80.80653423255787
149,47.66460757502037,12,62,.6234331078823641,.7205030530337956,0,75.19920185186561
150,40.45192907225471,10,82,.3204302842301973,.4273082249686969,1,66.69489908650682
151,33.68365604143214,9,204,.4839082707251545,.4516156698209522,0,77.99837642837514
152,36.69559357558052,10,80,.3398595550429283,.3966083029378307,1,60.84746921243213
153,59.22171655528646,15,100,.6793485394462311,.7853249867762554,0,78.76476621245413
154,36.8173009960902,14,169,.4891195461302035,.3448381872286655,0,74.28547820199694
155,38.80226326156526,11,99,.5057908241486908,.7043838152050155,1,68.55238526611893
156,37.72782118148082,11,80,.3384848711004361,.2179129349402262,1,69.23107137000861
157,36.67803109270753,16,59,.4086922793425746,.4979257515258842,0,78.54160726163448
158,40.1086081617234,9,56,.1514473607991657,.1508996561360646,1,74.68509482157269
159,23.63025363350157,12,58,.5648935614569437,.4853134455367123,0,74.30050034720203
160,38.77650334197567,10,72,.4654578345639402,.5021188647070154,0,71.26154311531157
161,37.98652051938276,14,179,.6919407100434539,.8213472524069703,0,74.25458585469536
162,39.36256230309814,7,78,.25108774127418,.2418553962708859,1,66.30795585411133
163,51.32633503214326,11,45,.5921684355932301,.8483935000884553,1,69.5183488162716
164,48.67820193165379,13,466,.5129705054734653,.4360464730949712,1,75.42337745697951
165,36.96710056275118,16,64,.5776993987517445,.6203915607166381,1,75.19694841398611
166,38.2380595599214,13,42,.3460358571828896,.3342971906273069,0,73.22340955776845
167,46.61498743917975,12,104,.4389646939557097,.4181744386632318,1,70.76029920706716
168,32.72535513785758,12,42,.6591058091552634,.98,1,71.02809353537803
169,38.0970832243318,9,74,.5564754521541846,.4361704564979869,1,75.40564011072279
170,36.49438588513422,6,95,.4576147705912214,.3722173130779852,0,72.48001955252634
171,43.4002840139224,13,190,.457240901749531,.2788058448623022,1,69.55127862840648
172,39.19436889915465,10,26,.6065263771250031,.5614235537074252,0,77.42077641265698
173,37.13193864545093,14,131,.3268537440978356,.2743215192141883,1,71.27958004432406
174,32.92577262300588,12,24,.4803155954200152,.5779398941031191,0,71.42438279583649
175,42.55377725212824,13,82,.5223937600689125,.98,1,78.02209992752381
176,30.72682960121647,12,179,.2069217512789833,.1686338886019719,0,73.55573287506307
177,39.18827641680298,19,222,.3567367250473928,.64746138964045,1,70.50091935399875
178,49.50061426155886,11,75,.5422803976404578,.7837086338558338,1,56.6546294755066
179,37.12910283879802,12,45,.5123076503485647,.5298955921222563,0,73.33401351934972
180,27.3910305328408,11,133,.6538276050793979,.6824128801080453,1,77.69833454792675
181,32.83800783550389,13,61,.6389348708293746,.5106948866981542,0,77.65281881307251
182,42.02568568350017,12,63,.3918132816283449,.5084105645712114,1,70.10082908262038
183,35.19594678079748,9,51,.4277289991144,.5073385369983204,1,71.17732085366232
184,42.55586343886739,12,95,.4720512847523583,.4178707639163488,1,79.67038191711958
185,49.03756943123061,14,343,.2607557795418624,.2476188730005294,0,75.00801424279719
186,31.03107243538469,8,125,.54579762070022,.6905701125959987,1,73.46736103972506
187,44.63588877871402,14,18,.623515175674742,.337247559060202,1,64.8759154874443
188,38.84150405431946,11,26,.6097052780824426,.8539480785171502,1,67.6654612802576
189,28.45586878321266,16,102,.4354989362420418,.4038210016365016,1,69.75947455479397
190,44.50286296819726,12,60,.3586542991937101,.1413450356061546,0,67.65232259545985
191,51.62412531226209,14,108,.3818317680987962,.2921714274668366,1,68.52631294060585
192,29.31260371182028,12,19,.5642515034193889,.3044556526464951,0,71.2136260387784
193,36.72778343399307,15,226,.4442533567169728,.7459944302238752,1,69.23440263870951
194,41.8381267928649,11,113,.2314714749173521,.3525744024949669,0,75.2330901481067
195,49.4358695692586,9,89,.499232516293103,.6169869649295724,1,70.5122218356254
196,48.0194771563559,12,164,.6042469644451867,.4570855713429348,1,68.88651223874709
197,47.9684847896535,6,133,.495277760470623,.4521074910061865,1,71.13600517622163
198,40.81213960899468,12,123,.4139578037368755,.1956860942651516,0,68.57535028735018
199,30.5294853612634,12,134,.5292092637025779,.7104879728416245,0,77.3173296958358
200,33.86046579156951,14,129,.2732463705099824,.3078728279677334,0,69.80214945169617
201,36.34959067518198,14,60,.4375480101771996,.3743522797433975,1,67.73155173057104
202,41.43236608922484,14,80,.3179297156841988,.6817641714306095,0,82.33612073823224
203,40.68726017675429,10,29,.348530242866564,.1011993480485054,0,73.40560201696179
204,50.44878143846362,10,115,.4625225051871056,.61573812295456,1,76.07296762831375
205,22.74984079688418,11,126,.4957074016644675,.4064823759634202,0,76.68998073479523
206,35.31193329955423,11,76,.28393383018045,.3000776846974224,1,65.64025832404035
207,49.37873429818286,10,229,.3748042878050165,.3171959231777823,1,73.52047928297971
208,40.78705759571481,11,112,.4124666790429145,.3880464685787607,0,71.41566995220485
209,37.72232785099983,12,31,.5918330018573061,.84458939414884,1,71.87619871463025
210,30.21322314592644,11,25,.2482033031192546,.2901611544224726,1,67.58760740895561
211,45.10361023065455,11,86,.4607118181273835,.5160419261847323,0,75.49032392367465
212,36.03452586299422,16,244,.3512712623222761,.4204345623912676,0,77.60993676723162
213,46.6004629130987,12,36,.4221103965825556,.662633170769553,0,78.29306462128689
214,48.86202024351321,11,62,.4960766486373413,.459572764069766,0,76.40604577186785
215,32.96662210819305,9,57,.5254922842141772,.6441541684972218,1,67.23577552315363
216,22.77403011270725,9,134,.5499461247019983,.6551792108964054,1,67.74810514884707
217,41.43848839166903,9,105,.5061696747584445,.5876972108619046,1,65.97022505001365
218,39.82312842279037,11,181,.2027744387565054,.3377495334007045,1,74.07810944818081
219,38.59959420509595,9,79,.1700835823609276,.3325140057224153,0,71.15060421826151
220,43.6411878923809,15,30,.5932430649395166,.7008439742238718,1,72.85217385547709
221,32.45363587433202,8,169,.6206956069125833,.6406588881019752,1,64.92799422262995
222,37.37967130642203,13,175,.4682154560418784,.5394423114405822,0,77.37615628827972
223,34.98249826459618,10,202,.2414781987826615,.1934549555862767,0,81.17586416407403
224,50.69008733145288,14,105,.5959337069200727,.3489563434936711,1,69.81128131081195
225,42.67945851894181,10,136,.6592012296180412,.644202192089981,1,68.29789385076315
226,38.16267382923625,12,63,.2353930497300961,.3305869547071618,0,70.41146379905139
227,33.19003009949588,14,67,.5642989420287002,.4091264611433004,1,71.75506309101667
228,38.77694430556643,10,58,.384292305953944,.4679683205820969,0,70.66535302567881
229,35.56182990154657,10,166,.4496815073905289,.291069610807508,0,71.96402269362758
230,46.9144540969111,14,50,.3888371957221329,.1763794782548861,1,65.74056765349972
231,37.91155986477853,8,332,.4400211201027238,.4226797090073383,1,70.11658344047197
232,37.1523973608745,11,102,.2691289175536853,.1313308885867727,0,77.89256506359632
233,39.24546484984612,10,101,.4467976039608225,.5282469400372587,0,71.25687834924653
234,49.1122504265809,13,182,.5394374135962055,.2893815871408371,0,77.8775910470622
235,42.4715447342463,10,190,.4731461004653698,.5530786215869218,1,66.9437942481253
236,39.71187290214326,13,385,.4095008314014875,.4555416868627321,0,72.86735464383599
237,47.71256523719243,17,40,.3743471098458621,.2234360305351535,0,74.52854809124864
238,26.67218943386855,11,84,.4052235346199265,.566718694748106,1,73.65512880343914
239,31.1409394295275,12,78,.4464156548918539,.3876205753511891,0,75.35128976307998
240,34.73563685314814,9,264,.6476455553047664,.8492906549913096,1,72.99251552794601
241,41.05021942853808,13,162,.1461266649990288,.2436813026459917,0,73.34366778670784
242,36.78800340869088,11,123,.14974828041123,.02,0,77.905146013169
243,26.68602063684605,11,76,.2345817156779776,.1012171376008768,1,72.72428766144833
244,42.55963111716861,14,60,.346352617095013,.1433602152521407,0,74.83425906124673
245,46.56895345273374,15,44,.5239015012193554,.4558146489853106,0,80.2874885145507
246,35.72082442775037,8,26,.4726930340742891,.5817530653668681,1,68.17401706569295
247,42.04158725486175,10,20,.3037202759986075,.02,0,79.14935249620238
248,35.18365414514976,14,272,.4396077180465758,.4827502233349001,1,71.78575580699606
249,45.55728909283851,7,65,.5996630016385527,.5832643100476079,1,65.81532633199997
250,26.71075834503959,14,53,.2739523565828675,.02,0,72.84951006692413
251,29.51383061359643,14,156,.5013475444146123,.3493199415808725,0,72.15124994760011
252,36.5863414487994,10,114,.269830656810895,.2043023078109827,0,76.94424302787618
253,49.56468123282929,13,14,.529669159837202,.3968210567874261,0,74.84482424978216
254,51.56401144039229,11,54,.5488548686509849,.4718749160886741,0,71.18996799714654
255,37.15617155000489,14,132,.4782140681299132,.6828408849514394,0,75.61042885515359
256,41.92425422599777,15,111,.5986734288039119,.6798187552116701,0,79.81948994330163
257,27.47097712400895,13,48,.426150411729097,.2299862186913836,0,83.54846511814893
258,50.67509064911106,11,239,.3832115808041042,.4174375530742432,0,76.21362827758948
259,46.51396949961096,12,76,.5126504099914533,.3894564205464968,0,73.7274549586319
260,43.64517022652132,10,82,.334284266170264,.3055904215861309,0,76.84978692358256
261,45.65227205739081,20,169,.2656441216078089,.1022450904014203,1,67.0747228644404
262,44.65352633851487,12,185,.4890707029858782,.3397500996795737,1,71.88930333004852
263,36.02869067382089,11,104,.5187698953004356,.7514907393092555,1,74.40379033398582
264,34.13261322197111,14,47,.3382342432679697,.2474618187162084,0,77.51228387295163
265,39.66257428023735,14,309,.4668489731193559,.3767664678827052,0,72.49694312099429
266,35.16774155301404,13,62,.4048356789679937,.3268185580406007,0,71.91075916955359
267,42.09438337197939,11,52,.287070192799373,.1231411798804764,1,60.96105687513307
268,41.64828451792424,14,86,.5297596073643355,.4268774570806549,1,69.09691350073878
269,40.54504865016369,14,61,.344935483634385,.5762214701942066,1,73.6527003834063
270,37.33835517786353,10,83,.4996547659067309,.4634720376502285,0,78.75195038390838
271,35.46881411141601,13,95,.5221435822416493,.3122591639331604,0,72.06903318139119
272,34.67152948247175,10,44,.6680410183589377,.7787560417825941,0,73.02781850469896
273,36.42320536868176,13,425,.4805650269426813,.3135247351422407,0,77.18898489480367
274,36.763403766091,13,36,.3830655274089159,.2569667548164286,1,62.13295212562187
275,33.87412238470846,16,47,.4047093392628373,.3064202055205782,0,73.66946577142802
276,38.17019676422595,9,249,.5830322937577983,.5740591363645727,0,76.18525452926181
277,33.00368501020797,13,26,.5106186692927434,.3843887631796773,0,78.59433406294187
278,47.53042430205222,12,51,.4521916497621607,.3321998014076452,0,74.37835163802747
279,43.1663297846667,14,61,.4738478745978264,.4410340111030713,1,69.5598219529903
280,35.47279077033379,13,42,.5878634195018182,.7927970523304653,1,69.33338892332726
281,44.60673928769301,12,32,.3868316666171814,.6401500617054325,1,72.67642885060623
282,40.43888189333816,13,199,.5876906987159979,.685030640189571,0,71.02996715801186
283,41.38391303064937,12,31,.5334334775964782,.5817417439123619,0,69.98801430910309
284,40.54236368670169,13,123,.4833920317091834,.5346872046478185,1,67.12385387382768
285,35.96445413980119,14,82,.3870871196439905,.3824815638073934,1,67.61046766253745
286,40.03828481643826,16,89,.2282945324185857,.1660588771626222,0,72.57556206456596
287,39.30706891763707,15,358,.4757358083375533,.498211694502777,1,73.26998736049899
288,32.94392737321006,12,63,.3302578918657837,.2915357868953347,0,78.69704165232017
289,46.13150576211027,12,113,.4865949911730825,.5553775036378079,1,69.1445786576102
290,43.74642012412442,13,283,.414340650626662,.5207006030754128,1,67.572910629524
291,43.43519767409659,17,74,.7482116572076587,.7512174225409812,0,79.43811475586271
292,32.57314303829634,12,58,.4660603572051036,.545220042316362,1,72.23410018968693
293,34.37055854686023,12,31,.4366888719301885,.4777783248729162,0,79.98262967083899
294,47.89629419638572,15,63,.5460367764132078,.6189000001983208,0,79.98597635088031
295,38.51734516259026,10,82,.781458835563875,.6771366472346096,1,65.80570821576039
296,36.83878186054152,12,135,.5281624877354621,.4906589195449608,1,70.04294999925885
297,41.90614032167423,11,16,.6189265443122531,.8590221687764761,0,70.99824998872752
298,37.8888054083625,9,97,.4869083971800079,.3535036304776659,1,71.3947377614022
299,40.1313574318399,9,34,.5611432161984952,.4392545977204338,1,66.64185322583687
300,37.07231725085666,10,101,.4038474355994739,.2120465440254711,1,71.94857186289912
301,36.39049924698303,10,168,.2337974068743164,.306186949475819,0,71.72905934861149
302,34.70155258436004,9,233,.3750041326901545,.02,0,74.1852513070377
303,42.4862715252557,11,48,.3772137349596659,.2942728252235478,1,63.82013209804077
304,44.49823170261408,11,278,.4973536146674956,.2626442553371808,0,73.36906625864682
305,33.71742559582657,12,91,.5069501629576699,.5081671710854102,1,67.91736983484532
306,38.10904101087351,12,104,.4469508430123296,.2624942873170525,0,80.77898932886791
307,36.19310753867877,10,278,.676465992017124,.6408666519106209,1,71.81282470819951
308,38.08083234264916,19,206,.5328168146415506,.3982832645187497,0,71.32651057975369
309,36.6298900101914,10,182,.394557175599163,.382653529338391,1,70.37441106022195
310,42.77441370293977,11,109,.4854499181452637,.4309225439651716,1,67.51170150470205
311,39.67928365525684,11,62,.3975013812418139,.0659666978636825,0,74.64100573543678
312,45.24769222287623,13,66,.4843656238895764,.4579176925611776,0,76.94488230592312
313,26.39967388917573,13,97,.3830081912594507,.3533172156201571,0,79.59458857931047
314,48.43803122698374,6,61,.3046282817625635,.6019366363645837,1,65.33808930125599
315,29.42742082818368,12,67,.3100866806509389,.4718398136619008,0,73.70639412750835
316,36.5221063286636,10,40,.6893578941848475,.98,1,66.95742419535624
317,31.44743958971869,12,185,.4514054430901525,.164839374189781,1,66.79131611253285
318,39.11603678410171,10,23,.2780403859358314,.3008251558555866,1,70.16641895875414
319,53.49635225371308,9,190,.4838766538095548,.4169139540692529,1,72.28286902778071
320,45.709230230482,11,462,.3542163577785961,.1404275433862452,1,72.04023237503718
321,34.63250627632507,10,53,.3887636027198212,.3902069896824859,0,68.08476604017206
322,44.22411984265697,13,234,.2490204858090662,.2576160006511884,0,75.61889007085782
323,37.12379016599007,14,191,.5336288869652355,.3196013807864724,1,73.62680547242761
324,37.48873623415917,15,54,.6693126341764607,.6948492995033102,0,81.9289744159488
325,50.11286660975745,13,102,.629961803594862,.615145022293679,1,72.8052145070649
326,45.12762528823942,15,62,.4205170472335323,.6216279280645893,1,69.67946913672913
327,47.09404895465559,12,50,.2968522595064257,.0335370791997522,0,78.44861871286994
328,33.92067101573367,9,56,.4772898152115933,.5418797425818596,0,76.51014121815994
329,31.27168439881276,10,60,.6669286220166381,.528687769825684,1,68.75646352048327
330,37.44614611730624,10,51,.4317759405866481,.5371004783520503,0,77.76150706352185
331,44.86098157749198,10,34,.5676280112645282,.527875238887468,1,73.33462551011597
332,37.94077044511884,13,54,.1149248783528484,.1524200281950592,0,75.25386852592941
333,42.80100025345018,10,126,.5661049459818712,.2974768693884028,1,66.43938823353129
334,38.89231171860825,10,161,.2992045079516694,.2762856854116996,0,73.09346450033854
335,33.59782846984032,15,83,.4533428109208728,.6399641487011509,0,74.25793512917838
336,37.0385404811186,12,50,.4667118127365595,.2814672234738596,1,68.34653815780494
337,36.71470718032516,16,118,.334001768027102,.1843688104915654,0,81.2168413057054
338,42.43718794338916,12,187,.3466139420913675,.7078839068215811,1,71.02770285167352
339,40.83616760317405,13,65,.2822322401279315,.02,0,71.29013159492831
340,37.5649585420611,13,53,.4910324844652191,.4591555886591161,1,67.97083602097727
341,33.26627237671524,10,99,.418862213914946,.5421191986602166,0,74.17461904934623
342,40.98162455650434,11,67,.3288638834985025,.2299039251080006,0,72.17711304904363
343,27.70902620623884,9,15,.5551578938869536,.767363304134089,1,69.5890742856281
344,21.73455045414629,11,51,.5557209821486198,.3589825171980883,1,65.88732660169295
345,33.08120811741701,11,195,.5194221416232527,.627948365232176,1,73.8707288063838
346,44.4322294102853,12,84,.1252608578715522,.02,0,74.13568699560591
347,46.82203067584019,10,315,.4139661644718563,.2336571190724805,1,67.56665362711205
348,37.26523598440911,15,68,.6951693086167305,.7308567158316654,0,73.72670493753752
349,48.65209011064714,13,30,.390985978081459,.5217989114723437,0,75.69649312452145
350,33.66272743119269,18,44,.62298031153813,.4551262710009828,1,72.31132660601685
351,42.06948457005591,10,658,.4278632491346245,.2429262691794517,0,81.15801928202022
352,42.24323908158598,10,215,.6638380272349013,.5961108658718856,1,74.352707305764
353,49.70952101498709,14,256,.5592506058795103,.4824410037717911,0,79.42131100556409
354,51.68502049940308,12,66,.5155840210808534,.4682595900034808,1,74.59476425149965
355,43.65343454136494,17,115,.3390977431994192,.6132357157242057,0,76.10693235917601
356,37.30559665711215,11,355,.3537128013060731,.0659710860550522,0,67.25577401392492
357,46.83008352713175,12,88,.3724692880627642,.4731920364396838,0,74.40185008142478
358,42.8175695185971,10,32,.3833062718286065,.4814541409739886,0,75.04902158423539
359,55.44296787205141,13,72,.3594536838692091,.4143708876049317,0,78.01689778691862
360,40.10676884041729,11,70,.4721639685638819,.4206453581887541,0,73.83450505112586
361,46.3110793000555,13,118,.3895158876024117,.3898344015896164,0,77.95522743353112
362,44.50629427232386,14,57,.2840581257907773,.2681835551154523,1,69.18233645801683
363,42.62365138744834,10,59,.6380602119895395,.8195738296335076,0,73.72613052807175
364,34.47366851970813,16,388,.6008038987959275,.6528946961978859,0,77.23990246823665
365,53.4487109235136,13,124,.6166477956275754,.3703719825975429,0,77.92753025846763
366,37.76898075224908,11,19,.5349106939163359,.4711056427836338,0,72.77053265842927
367,43.0021721520391,15,64,.480848186108216,.1774271129464904,0,79.87450748576214
368,31.39515685450562,14,143,.3886326026751036,.1597999408480298,0,81.53639157782209
369,44.05187222619024,9,155,.4187780277417704,.3625909777378308,1,69.80357938947546
370,33.09740705809961,14,71,.4822349381414343,.5756653932116096,0,76.74657709236799
371,47.25027924607755,7,134,.5032890312580762,.5851536194557239,1,69.94062372327687
372,45.50717808953415,12,70,.3467842070927671,.3751474423473424,0,72.16641614902142
373,47.60963749995212,13,348,.2153187405577227,.02,0,75.82500121381226
374,40.16636605968547,9,78,.5237314097294896,.1805332219280795,0,70.09149498836575
375,44.41575632843205,9,41,.2787636854005538,.2791098079168833,0,68.28890258760757
376,47.40672544048823,9,45,.2217209205183174,.1572562332703358,1,74.43238217427391
377,35.696751528777,10,112,.5593313915401753,.3412289009829454,0,64.68556551979869
378,44.8252530251707,11,105,.4750308078420912,.4970053243737949,1,70.19488514528831
379,35.76568002437289,11,92,.6815978431149153,.5027443011029903,1,73.20604471565414
380,34.33626339995679,11,126,.3403645006244596,.3296931081631838,1,72.16163555724413
381,40.8031262705295,9,242,.2173827185506402,.3257445588815198,0,76.61947998261449
382,45.47430848403752,18,44,.5274388722902362,.4465924814561336,1,74.57551171977325
383,52.16901351783858,12,36,.4335312867510847,.5882136918590357,1,71.1230218150787
384,52.36271440314849,12,71,.4542783022526696,.5079621330621297,0,77.33389895753974
385,34.75343550312607,12,248,.3895529893960233,.4816271095982203,0,78.82935180561995
386,40.95342092332829,10,165,.4878348404795277,.9240842685725528,1,69.59920684365095
387,36.61474195053175,12,82,.4128689545931665,.6458868552992103,1,69.93947910062992
388,39.19670053673588,14,58,.478606364686497,.4633707234778572,0,74.50922496300248
389,50.15286939990275,14,163,.6058715540704369,.5713917793275162,1,61.70376176371228
390,41.24228317742204,9,33,.1337234394141547,.0321968599797659,0,66.36783321898267
391,36.88420262160298,12,144,.4881618906418125,.5033651469097442,1,75.06032492940244
392,44.61672208696844,7,118,.453017568754149,.5216307342231731,0,70.80411229914949
393,36.83036843148611,16,64,.6021376951510778,.5729717048295656,1,72.35454872358284
394,39.20604943096624,12,181,.3184213096444622,.4296727199793113,1,72.50672877820944
395,40.97697950160266,10,276,.588355152248607,.604608241994905,1,68.61253802554383
396,36.45980739657795,14,64,.478843566460669,.3375802546964511,1,73.99446719772911
397,51.51804412586517,12,76,.5446872472053231,.4569833315022007,0,70.5277739535963
398,49.88759875772953,15,101,.1963660261360985,.1553108787618473,0,75.15971958902534
399,30.11824827645614,12,66,.483405376913513,.6334289506605375,0,75.31442347670044
400,46.52652445778306,16,222,.4887249237499661,.504974038663298,1,75.06931388845197
401,41.25115818974356,8,80,.5935471043017817,.4544057158309143,1,69.16055226964626
402,44.31232936048228,14,82,.3991965513507941,.3572581929243405,0,72.86919778003092
403,39.21993038410499,12,36,.5494978014859587,.6554003930962744,1,76.47642700081076
404,30.88776790316767,8,376,.4102475578761399,.3216077257376461,0,77.2896678665814
405,40.12651782833537,13,44,.3599202711880591,.5553027744274894,1,78.17664936248494
406,37.60374840028199,14,10,.4537884187290433,.4112723938730978,0,72.30301721736137
407,28.06331709440055,12,23,.469200759476088,.5330910300740231,0,80.15298086265904
408,28.37443094965951,14,30,.3936725858579906,.1135414895829864,1,73.30750350603073
409,38.61735570620032,13,109,.6049240210983687,.7624736803993688,1,76.64145989584138
410,39.60966451711145,14,160,.6288920665706748,.5049224916951632,1,68.25990026772938
411,42.89041642067012,12,17,.3562280655025998,.3552108001384352,1,66.86724339481921
412,41.32432575371576,15,75,.4851876227974332,.8340369338978657,1,71.16135427803343
413,39.30341209648728,18,49,.3293373412786067,.2068238647981658,0,79.5651048455311
414,45.11111826339594,14,42,.5346056509348313,.5614630723831981,0,74.12866388923318
415,43.88087236043161,13,32,.4164564583763683,.2538143071545009,1,72.30438771282176
416,42.58038890498332,16,58,.4485748380626352,.5269439699668103,0,70.54644440560563
417,33.90431834432404,10,31,.4751087706645605,.4691988000655666,1,68.66511733681445
418,42.12734046048231,17,393,.499250918811142,.438914299046273,0,74.57941570245194
419,36.19043108937651,13,136,.5817625135016128,.8322724693490253,0,76.10521241549354
420,43.54771587984612,15,106,.4666195594738186,.6302347268531059,1,74.35175332507508
421,31.16931920313895,12,79,.4476814391766569,.0951618014594851,0,74.36185346100429
422,45.41684856452145,11,470,.4043930092624869,.3792923997952564,1,76.25646218444292
423,42.88622632989359,13,21,.497900341578596,.4092606140298753,1,73.0057921609374
424,35.71634355179066,16,217,.5032078999384624,.2600896431088561,1,66.85969570944289
425,38.41923666009261,9,154,.2468208377714397,.1280701695922504,0,74.39759868988165
426,40.73575739187226,7,60,.3961926301574116,.3659238580893613,1,72.34603831064814
427,34.43041076529367,12,182,.3426544009964088,.2037915174781045,1,71.51887465389622
428,32.29124499489125,12,73,.5068476922091291,.4804827518398056,0,71.23326900622592
429,33.18595461873359,12,32,.3430396694860671,.3558044537731332,1,69.20805793956777
430,40.3699027866815,10,50,.4693663605093576,.635133624574165,1,62.22759208376078
431,38.53060643767319,11,103,.4612350118102142,.3037678865383124,0,66.07164125404552
432,31.52014803850451,6,191,.4532055883941263,.4428450569327963,0,72.98317234583482
433,43.49207622465557,13,53,.2965243351671438,.2938358434396158,1,66.02509694854736
434,38.31840005991245,10,64,.5172740393153078,.5299945389468858,0,70.53632277762355
435,41.57207215001969,16,68,.7796034320401396,.8318569610304762,0,76.11117022082104
436,47.896135518709,12,136,.5710438867477103,.7383458705772252,1,72.3667428174434
437,44.8380081450608,14,66,.6180598856386268,.2747553583836365,0,70.19298470955444
438,35.89082176334723,9,76,.4177513887531693,.4489442683921643,0,71.28117865094541
439,27.275750986335,9,91,.367649615885406,.2648882541524195,0,78.05191880830019
440,46.17179683099828,15,52,.4586883877293089,.4741248236578787,1,71.63163838138306
441,38.41132788489876,12,158,.3527944902190905,.4938334314926116,1,75.59675602768462
442,43.85457699312084,11,171,.6185844082348384,.6081877337691901,0,75.18930418939709
443,38.98465691279611,8,111,.4381913442505487,.1994839504123926,1,68.1011881275851
444,48.68908080570485,8,69,.3490463316359012,.2465012800698779,1,73.70164551409387
445,44.77085804616421,10,39,.4474371101014367,.4830180099179793,0,78.46893763382334
446,40.65998675381179,16,49,.7016981057617351,.6880825685192726,1,77.19113910189151
447,41.86313754704817,15,241,.4346947048983311,.5351979352251482,1,69.43245761613875
448,41.26977687056684,15,110,.3599745467245098,.3207769642035887,1,73.18276980802975
449,39.99355096738511,15,86,.3574722561166497,.4845622533827721,1,77.59411957660583
450,42.06213488239656,11,62,.5545422784992007,.8054605264879428,0,78.78424780963579
451,51.9798605221735,10,110,.3012013970024272,.3608593395203122,1,63.04619629940444
452,49.21162064270739,14,22,.458534970670465,.4273359443703612,1,70.84599897759847
453,25.47758809232371,12,79,.5312045224222071,.4997847712279149,1,74.2146946871421
454,44.3706510865397,11,121,.5890305843420702,.5689271911492336,0,72.12581663562617
455,45.36238096475838,12,122,.5069635595817191,.1427689736265943,1,70.96642250045815
456,50.46738269555502,10,97,.5620774416532086,.6365082946755617,0,75.47226259070138
457,39.86871881349184,13,149,.495961189387748,.6338608751340301,1,70.40096881622298
458,33.90652252319532,9,224,.4270489715972791,.4716592359191454,0,75.15394972052928
459,46.66816729879752,11,151,.3226984162287881,.2159607936384355,0,79.21212863371184
460,42.69625076770564,14,19,.5040075240181429,.5033111325746438,0,75.83699115914756
461,40.33092726172093,15,53,.483348104030995,.4708400638732189,1,71.34779397544202
462,35.95399671706827,10,41,.4193946200374326,.5666739236147752,1,64.93782915320311
463,55.87192423930202,9,34,.5810489993340874,.6639312525790562,0,71.44717240466393
464,44.64112600592492,14,212,.3539299102633887,.1453450509835071,0,72.26853856824383
465,44.62617603869892,14,121,.5281464755310871,.6726467945207434,1,71.71350447296726
466,43.13989270520116,12,52,.2326185339733348,.2127564791223295,0,71.52743335531319
467,45.94455412503829,13,172,.5364772733088606,.812632661780914,0,77.49099340409857
468,31.25213486171216,14,158,.5821460296665553,.5767046890303223,0,74.06565496722557
469,41.53584075539381,9,62,.4212405222540595,.3136267381402238,0,76.83861161537148
470,26.68558039930661,12,32,.3254816104078327,.2007114407357644,0,75.46840745894104
471,32.04983503337844,9,66,.59632762095486,.6630443130223693,1,66.38322870275641
472,46.99328285964247,13,41,.4620753169961663,.3260894656341392,0,79.95772596762856
473,31.07312973332631,15,178,.4590509345846786,.341310506793494,0,76.67089742063297
474,31.7645781822971,10,61,.7301303166857204,.6381690840898705,1,68.94785281919124
475,39.98029446354752,12,87,.5556445570836991,.4578483976596781,0,77.23826546347665
476,33.64660167600925,16,51,.6777239730525302,.5323682904219782,0,74.64236552367564
477,55.45782517594484,11,51,.3595127968864677,.5690153431466283,1,76.01188911938699
478,38.84163356403371,11,111,.4216034166265587,.1487670372444756,0,75.64477842249467
479,47.94933730822691,14,55,.5840522016033073,.8148808805089248,1,75.27750184635259
480,43.52326767939731,14,57,.4148889967248432,.2658401627860764,0,75.98715288612166
481,35.76244568653176,14,65,.5336282331972592,.313437898932622,0,75.8866822520523
482,46.8990963301367,14,43,.3201752249407279,.4863787596033822,0,77.04210050051034
483,44.8965356033565,12,39,.4243863998867735,.4283238903482721,1,72.68960735191817
484,39.2617522857622,8,51,.4924146291982574,.4213389423610183,0,73.01869691310768
485,41.45944035145008,13,55,.3300422318210109,.4020072502783424,1,70.48086248761354
486,47.42484750924462,13,309,.7469655041049038,.7983526052325972,0,72.51554903750117
487,38.93844278114169,13,195,.3971271725893589,.5384875347172539,0,75.61335671857752
488,38.04352149232067,11,62,.4557490810086668,.3990635108173521,1,71.44212814737499
489,34.7174514448547,10,182,.5228220570148985,.4711605970760513,0,67.45006712920882
490,40.17207404559938,13,681,.3844516291042595,.4635178810149155,1,67.16248003188024
491,29.34170236742489,8,88,.5910315238232908,.5216288537615362,1,69.9586005081437
492,43.37298852030295,9,66,.5108941129801408,.861153853409993,1,72.78855535043235
493,39.38772100436653,11,167,.3353428063450776,.2366736129706725,0,72.15014401096008
494,47.88086184629535,13,154,.6832023767994183,.5461213860942279,0,77.24501829378075
495,51.08594824762022,11,122,.5496168915889037,.5818645890227354,0,69.54147094093653
496,36.33399839688229,13,55,.5565322616122852,.2802169310214966,0,75.14671822302969
497,33.94077103067853,13,67,.5406873342506855,.4774694100051471,1,73.61637990769788
498,30.62482213247952,12,145,.2083100105967514,.3294317152099372,1,72.94849272627374
499,43.81753941201622,13,58,.6751058200763733,.9597640135131962,1,66.68755915003312
500,36.26141140853518,12,271,.3475935464507196,.1524665381366824,0,67.23824056705081
501,38.14153978429192,9,12,.4967544862606156,.5696483178275151,1,68.96661885302724
502,41.51424480107267,13,28,.5401306850899364,.7184705542057438,1,72.71065476423956
503,47.66521091656885,17,57,.6210723710405858,.7015587535037677,1,75.16015079159251
504,38.92971305352548,10,246,.4338737481147522,.3327402092765631,0,72.12387868297594
505,40.09279291638293,12,112,.5199272822427008,.1419673741966732,0,75.83846304799468
506,44.97737201108717,14,97,.4595565104094395,.4938055063340545,0,81.35470428354128
507,39.95811524210059,10,190,.3279619411335754,.4860524177990158,1,70.28295946272561
508,36.67756944062184,9,91,.1797217925033627,.3443477378076314,0,75.32386948493418
509,41.3271525803678,13,44,.6815358899123087,.5686821882936994,1,69.42439233293491
510,27.62951931138064,16,228,.4043080848198016,.436429272296716,1,67.97431960674122
511,45.46278561818004,12,33,.6259526868365363,.5453861853088393,0,72.78618878190584
512,43.22791556266278,10,86,.4698854128927019,.587964360036949,0,71.09340352473797
513,46.80529028384005,10,153,.474541780860702,.4709277553991492,0,74.74580089263827
514,35.53986143060725,13,40,.2222432346831791,.1548432091582388,0,74.69413574140914
515,42.05626967281547,18,68,.7140768470847569,.8192945441458254,0,83.06465302046448
516,40.19503623886732,12,310,.5613060872281096,.7420877043897534,1,69.956105918106
517,36.11364805656862,17,49,.433958598655119,.2534998572450938,1,69.88499729461226
518,34.18306147572093,14,72,.4651485163397714,.4493248494149771,0,75.36809113946531
519,34.72147174875114,15,76,.4981039860009465,.4493901996089846,0,75.6933672658637
520,38.83970892661407,9,152,.0931846713316057,.1251005889049958,0,74.03894916429537
521,47.69286592196391,16,61,.1641230430943708,.2339905520574324,0,79.05926727103956
522,46.0998602371035,12,110,.5130175601857641,.3163772231426434,0,70.43197322868912
523,33.83759380686687,9,136,.4697795702096549,.3895998407887084,1,70.9265731140903
524,50.76587862242519,16,367,.4726511634509802,.5873731708050572,0,77.09202226146222
525,38.09658076220498,13,227,.5021442747451503,.574705266570387,1,73.91108836663248
526,48.25087813057787,12,187,.5490544252215017,.7493115866787081,0,80.99598355671407
527,31.90945474693372,10,35,.3187101016611935,.0707243312417712,0,80.54138482876019
528,42.88260988280431,14,56,.7431393092565717,.8070619506762134,1,70.11513242389179
529,36.17076714930612,14,85,.387210025723697,.2095036612322261,0,72.44631529665595
530,38.87190127069375,10,54,.2471679377604298,.3889024885842466,0,70.82337209618554
531,43.94637878418002,13,79,.4114914178080919,.4627644706330227,1,62.76685910741437
532,41.50067349878837,16,535,.2992852538598602,.259867255271407,0,75.30017348218497
533,46.72403859641422,11,41,.243143926580645,.2080473600312678,1,65.99856423637883
534,44.80347783236063,13,47,.5140098832103279,.7107401306975621,1,61.37665593738097
535,47.78252712791065,13,64,.4174666802945735,.4393116325151365,1,69.19248250054238
536,40.80082870137433,15,33,.5767681808833429,.4845444411708033,1,68.4038291902843
537,33.06432883076511,11,107,.705692444500875,.5424975356092551,1,69.99494167557356
538,43.72884556479374,12,320,.4952289570845838,.3566953416846574,0,72.35104935090703
539,41.79533488899429,8,29,.5280780883611843,.4558069620882074,0,71.65905973615929
540,38.4700738040405,12,170,.5366250532279933,.4348376640950486,0,74.44424293762121
541,32.85766771489759,9,239,.4930838823828304,.4903629498615177,1,75.87876506599311
542,38.44256359428645,11,96,.4917586189210362,.6126640934291709,1,64.48969000655508
543,41.69949218711271,6,50,.7046072273953284,.98,1,64.22397754242161
544,36.28932776564919,11,76,.3807274665303126,.3363030024695481,1,70.1217074798199
545,35.81077026959378,8,110,.3965896105573661,.5213556754282745,1,69.44418183177001
546,33.96938958415248,6,135,.3288574180890557,.5442414469578952,0,71.59819048437799
547,34.85741421854691,13,76,.6472856266944992,.7057616973164149,1,67.39451180072258
548,44.32004684711001,11,316,.5706869460090572,.5064386674664436,0,76.82093215879516
549,35.11920161284884,16,79,.5485682720597469,.598867142818412,0,75.56363809602878
550,43.29907994682691,12,43,.4104253536161449,.5549538836351968,1,78.10285950584104
551,37.78159040047598,14,321,.3916153665446893,.2799755899343189,0,72.52874867416308
552,37.19004201822163,10,400,.4750219311214362,.5472041142970809,0,70.32466414336577
553,36.77719356237182,12,145,.5599181506287266,.6349747357512436,0,79.90251197098431
554,39.94502970053089,9,65,.4065152132691511,.5532242819766857,1,64.68112207225826
555,45.15866381803151,11,260,.3314805224760912,.2385010874147805,0,76.42706287368011
556,42.9911356124555,15,41,.5118398923205378,.5897780154026414,0,79.29549990927502
557,45.58062445640343,11,34,.3612901049545117,.3935840274197439,1,66.48248394357304
558,40.55171906744656,10,385,.6823315963463678,.6133165660199416,0,78.29003328395243
559,42.1177548167832,13,295,.3818819221615234,.1786110809968113,0,86.80609886698332
560,41.28422720407188,9,202,.5585153286301726,.5690762973396934,0,78.17687688867234
561,46.11980396631489,16,99,.3971899894593359,.4196574476324955,0,64.57428214091996
562,43.57721615332977,13,167,.5467131632120436,.5860331236260272,1,69.23119121879481
563,37.83464075397453,16,79,.4679225942224265,.2931622848494869,0,83.35200774498614
564,39.0503038820137,13,75,.30742835695334,.4133489202550552,0,76.66212213903484
565,37.59596540813167,15,97,.5092013562646164,.4394334866308452,1,72.9658262688309
566,40.15340867436186,16,40,.5990643888235614,.5296159728909222,0,81.72846433543006
567,32.2692111814972,15,142,.306896668280443,.2238513298913863,0,76.41551820394095
568,38.88452615408301,10,407,.4000813148052582,.318992527132737,0,68.38045500989367
569,25.92919996177319,11,41,.4444049369627138,.3611792667744755,0,76.59153565624835
570,41.14304068209481,11,126,.5295469828677462,.4088169053261625,1,66.85183748080821
571,42.83554502513986,8,43,.5628686736243047,.5901180033698536,0,78.20882226225311
572,43.29950639185642,11,271,.4056403154994483,.6240261755413158,1,74.74195391341276
573,41.69086035376672,13,149,.3746093484864237,.340068503125824,1,78.77131054535934
574,40.60757670182221,14,102,.247409671791522,.02,0,66.41928636750337
575,35.97907584286741,6,167,.3984569947337127,.3800395464199134,0,72.73958016965774
576,47.71442500656227,12,199,.4416590182931178,.4262133405924913,0,80.64848550074366
577,49.00229745728005,16,65,.29217740830296,.4849593404784185,0,75.31504693981131
578,44.55891838820205,12,163,.4645879986582135,.4420545886148889,0,71.5858340692694
579,35.251375827565,12,29,.5666054819375448,.6966503140242193,0,73.39651820318524
580,46.00646808726657,10,84,.5896450652263667,.6573776993315574,0,72.88638688697174
581,47.56477529346166,10,85,.6729595930964166,.5810845623476277,1,68.88726363440895
582,46.23691039522717,13,205,.4895900193195204,.4056409136074648,0,78.50701706920881
583,45.54043283319874,12,19,.3677657125997063,.2923853830190084,1,66.20941927341322
584,48.43974839534556,12,70,.50604109188668,.6782317318601261,0,70.75917305679567
585,36.70729487900046,12,78,.5461373167103245,.5063795369580187,1,71.58986801280643
586,39.70216128023512,13,66,.4358958044342676,.5801215257096176,0,77.17203442455163
587,39.98882290697541,13,57,.2540915268131145,.08586180766628,0,67.79985606851767
588,45.77410614903631,12,91,.2759415749703142,.3530204661898627,0,76.85352481392822
589,39.29350315461493,14,38,.4507090958720299,.5640877924040426,1,76.73331951642716
590,45.59234928054406,15,65,.3105081921534674,.4090716689505906,0,77.5828493577017
591,31.49054298185108,12,77,.3600787974122861,.3869407821904475,0,70.7412276789978
592,33.88224916310152,12,57,.599879739797632,.3493750891975521,0,69.75980602626178
593,28.52262912346073,11,88,.4446864681418634,.3712834010516336,0,75.46069927142682
594,40.50739481745367,12,53,.6148279013436009,.5639708846150512,1,71.84886628979849
595,42.65156566477705,13,118,.2746585354717549,.2687417274846373,0,73.12021524045608
596,40.96935093551038,11,188,.3652487225104118,.1763286855549051,0,72.04766841482262
597,51.68269790242277,13,50,.2434777293480228,.3883346611937309,0,69.1280332010394
598,46.62939880392385,12,62,.611579126421926,.5885310806863289,0,75.40246081056803
599,35.83853246805538,14,106,.5338307200346468,.3894329458743261,1,71.64187257838879
600,37.48708494669508,17,96,.3536881497918942,.4591661294076841,1,70.68527293714261
601,32.70510411054573,15,107,.5474535189267392,.6459309046454909,0,71.58763546193482
602,40.8491346648451,10,102,.6809632352448232,.7121232875947419,0,72.61333024050725
603,30.79659165658802,9,63,.2215734028494764,.157263969530323,0,70.45264429381042
604,46.36176141498582,15,49,.4985737891320249,.5450684318906363,1,79.96626858861629
605,44.92762225603392,14,85,.4334664334667865,.4852027891697323,1,74.07518160228496
606,41.8864292599166,8,44,.5105972284826096,.4032246042674268,1,71.47559671763672
607,36.47448129138665,9,104,.7091143373261928,.6352554607002426,0,72.16341858674905
608,54.61040985913425,12,30,.5677363296662246,.6353566964812477,0,75.14672940758089
609,41.04773472368875,11,123,.2472907647019582,.2215911843873396,0,74.9525398251899
610,42.83631867031054,8,105,.5838500843471837,.5323869798905368,0,77.99562611914246
611,48.48939085204535,11,653,.4512190153409539,.3255429495117435,1,67.74233190763913
612,33.98933171407746,15,101,.3869628360710411,.4045683886624387,1,69.49437922596871
613,42.25927442204829,13,207,.6276120263076661,.6594734109093697,1,72.9448703428102
614,40.0168368257195,13,117,.4834523615538671,.2108144446177823,0,69.12068015743283
615,38.54248692207598,15,80,.2600003390261529,.2906753670382156,0,77.70837083797824
616,38.29441761520529,12,103,.4282412245220258,.3863041110730102,0,74.69895008236901
617,37.58727918553286,11,37,.6677764341552119,.6346508369243073,1,67.46891279326016
618,34.42784334436679,10,151,.5246642312297655,.3005430888691484,0,72.14560796463356
619,46.10290231488097,17,142,.3835522554678664,.0581489075409309,0,74.0688040373183
620,28.16277062174095,12,89,.3500120122492382,.2893063399703096,0,67.53759165986571
621,35.24683805504093,11,122,.5367675047449074,.5053256610586063,0,74.16522785975063
622,33.02037593600483,12,81,.3108703234281808,.4614514444870542,0,71.06130330857263
623,38.7508065158801,12,378,.3359289020469793,.4542303104666432,0,73.98633348327945
624,48.23265596743356,8,26,.3002241263009892,.4118291487683917,1,63.39785766371934
625,32.13762563073419,17,174,.5100359311649638,.231716498720948,0,76.84120641732324
626,35.82134423707875,9,52,.6484698154802553,.8049458344058342,1,70.27173516821249
627,31.48377573661363,8,63,.2358655874976186,.3505006532649415,0,69.84176149415987
628,40.36062437482131,11,70,.6540456104100103,.6230545483297898,1,66.33385992555802
629,42.16212968922547,10,100,.08,.3341267362652989,1,73.63557750064679
630,44.62294448516757,11,252,.5889659277794556,.872127052553731,1,73.2451136834262
631,42.80539367063913,13,60,.5131414896980312,.4714111064709548,1,69.92819127421571
632,34.18563922316935,10,130,.4737973417579175,.5148396333030748,0,73.60314178489753
633,39.33300097565472,14,53,.5038071412700217,.4756615340171341,1,63.83131387975722
634,35.51700634342104,13,40,.5576942711669092,.3815663538421983,0,78.37726954629906
635,41.59942486826264,12,128,.5351781109539572,.4331531205282857,0,73.57213166795729
636,42.761032339346,14,25,.4245513506136535,.599562408287357,1,65.72184157135328
637,40.02121741922085,11,68,.2454379980543998,.483399091953807,0,74.14698327489451
638,38.53218296085619,17,211,.5056874121501931,.6459896303268248,1,72.00817956645476
639,47.76919648283074,13,86,.6163008155023423,.4290898177957558,1,63.72868074090373
640,40.05112218397078,14,87,.339924839390792,.4678646081046585,0,77.11229868916801
641,38.78701222171379,10,92,.6626258798259236,.7564507175526067,1,75.87219585264801
642,43.47101191838266,16,60,.5167967191828201,.4620857748820089,0,77.81278047915522
643,35.16719230260979,13,180,.767323887088738,.4437505262043618,0,69.67101986023512
644,46.40403058716633,11,36,.3565795332159648,.5566924915338034,1,71.11552851873152
645,35.60469093365966,14,52,.5207226763203109,.7306079386444537,0,76.10028675648151
646,37.3389973564378,13,63,.3944097832741252,.2814359530047788,1,77.36766732936395
647,43.55283724941506,12,127,.4779674744936779,.3300645056538697,0,79.76075205182021
648,26.61065888139697,15,79,.405964539774307,.329903501460345,0,78.45490395186357
649,32.69495649845702,14,60,.0891602143226032,.1110897162654998,0,76.57119471112003
650,34.94054865303693,13,97,.3994090258464668,.3915517745505925,0,70.91936418624763
651,48.23498556287944,15,295,.4358380277459544,.5118170988958639,1,71.33126763116107
652,32.78237180533488,15,57,.2597955621290227,.4094120620588142,0,73.1301681494013
653,32.51842571818254,11,46,.5161659577602833,.458717312038908,0,73.65489702888119
654,40.21407588060168,13,30,.359051063340749,.5350144838964191,0,78.36216111519155
655,39.56659430493002,14,423,.4487666578038948,.2919181345343999,1,70.14579138040254
656,35.83369751197529,8,82,.3915717008075587,.2018388089859313,0,71.95292654080278
657,35.44566008809774,11,48,.2897505716897514,.1552684917861042,0,70.85228926061062
658,37.29115991091117,13,50,.6033974339112612,.7601323921060961,1,67.2292672075189
659,39.95808153527932,11,189,.5777454627613064,.6415328703264435,1,64.18482342476551
660,39.38170321258141,10,93,.3180372486422404,.413605154531652,1,69.26780051603725
661,43.05786744013164,18,157,.4044221840609278,.443222183275701,0,78.64096666835124
662,43.36966487659334,11,144,.6017436243425188,.6767023502500493,1,65.56011228838202
663,35.01654545595195,6,153,.4954085236470268,.4567393211036453,1,71.78617162710577
664,48.12549572803986,12,46,.4701775384913824,.5813045991257817,1,72.36068724321746
665,33.69684550861605,8,280,.2404350560338161,.0380228284299079,0,70.79194209525629
666,36.83637686734545,13,459,.5719350908373699,.5684420541197771,1,71.7016012599103
667,48.70995691950499,11,55,.4501915096743698,.4532462261407878,0,71.8416641521827
668,38.90900186037342,15,39,.5622474254147627,.6362377121439886,0,71.36728612202847
669,35.0078915875119,16,131,.3838500279107921,.4156805266424743,0,81.23496957013714
670,46.49588878682627,10,371,.5213047517830079,.1786121331266717,1,64.59039049764104
671,47.13175755640396,11,53,.4619522952507286,.4443812465677318,1,69.66035362520887
672,49.80997383235369,16,68,.2148268015737981,.4222320433369083,1,65.08431709033611
673,46.49623938573281,10,82,.4197413688058754,.5557795058512224,0,68.80995098417984
674,35.53268700680414,12,34,.2062545490451975,.0967692374000156,0,76.22684144577521
675,38.77544579657725,13,84,.4866026089091375,.5497430418185797,0,77.46030428908971
676,38.32159390670223,14,101,.3796950577503394,.5710399267559293,0,64.8782423961223
677,37.19320086761153,11,58,.5758117336895077,.5119194550840565,1,70.16347334203877
678,39.32699353557867,12,14,.4144341281834938,.3649934549157233,0,74.5336129527888
679,39.7876436011251,10,220,.5766964809823915,.7495123285788052,1,72.86486784223649
680,34.88216860246661,15,91,.6067732329642872,.5664140657031136,0,79.46078716020617
681,33.08853357271109,14,95,.4696641321576537,.8432780258440313,1,65.1791646057749
682,45.08679664313313,9,57,.6687751885211356,.4322599886392894,0,63.47913988873623
683,34.5451079571282,10,89,.5169768304804059,.4843656541695067,1,76.86637012706636
684,45.69875243250247,15,61,.4364222766391823,.3807421994281978,0,74.30118154438001
685,32.03213614695424,10,32,.5838121339051979,.6509477036853114,1,70.41617540567592
686,37.41372419323395,8,50,.1892596102452389,.1434735487673327,0,78.19046406955793
687,38.89135586259497,13,67,.280771680890483,.2001518050868075,0,71.13977271141346
688,25.98235475023989,11,142,.4151517510398229,.4735948070982993,0,70.72712212193559
689,31.61306295949726,13,58,.370252925583008,.4278811165736915,0,71.47263018596567
690,46.54032071307318,13,40,.5689191215020274,.4590722494399343,1,64.0154585717209
691,28.64923926285967,13,122,.6296979852140703,.6891832093976287,1,74.1528906640653
692,28.66164075867569,13,171,.6497984412110271,.6861663860762504,1,69.94698099352092
693,42.99500777319734,14,33,.5298243237314278,.4752770802678923,1,70.01214821841586
694,34.45248495206279,15,27,.435517071300857,.6410021793210937,1,70.81693936028047
695,40.83766906793705,10,58,.4290837104792146,.2631015790384224,0,82.78084722863829
696,39.35532141609261,12,62,.424665498231359,.3486091582849664,1,70.64704763893882
697,41.3259677407829,10,102,.4778118185892611,.3161779718650616,0,76.90955984889651
698,31.40917628935988,10,76,.4153271461107944,.3565198380057997,1,64.738160298982
699,29.5848246769361,8,200,.5221467487994108,.4776734158692365,1,69.69162534834854
700,49.57726570673744,10,248,.3276437848026933,.6389366864552131,1,74.8293973076287
701,32.55136967862813,12,103,.3309304707231413,.5023721358960348,1,64.84128802964429
702,40.72050210607657,7,86,.3372532207507227,.3217216298544407,0,66.5791866222758
703,39.09280650556803,13,55,.4509314724603321,.3350086053958461,0,80.95683063678268
704,43.72715573561338,12,102,.4532643850698589,.4989819206774666,0,73.79232581995865
705,39.09554035655705,11,304,.327739548259036,.4483593034081785,0,82.45977422687713
706,43.65285365673778,9,121,.597302860013935,.6978043958907991,1,71.12818678778451
707,34.10441837764484,15,109,.2616120509067349,.2647146991584378,0,75.87394108686097
708,45.08610733578056,14,124,.5985506044164109,.5761831318880881,0,68.79332212936298
709,37.54156362977712,14,179,.3905143095214153,.4548217276084268,1,75.65398864192629
710,40.48006787972956,14,48,.5559312354330472,.587484897361424,1,72.37810479614772
711,48.21668048511381,13,188,.4455485006282162,.4746130261038197,0,77.22500690257164
712,45.38277955282259,15,98,.4208102296934815,.4743686800684766,0,77.67057457615947
713,34.67444712540348,13,106,.5372969845007664,.6465236277085082,0,70.72116328614669
714,36.07559858395269,12,74,.3370259570274375,.4649792567899066,1,70.04207170708941
715,44.25191411028185,11,222,.5217286117884178,.2610484286089071,1,72.89442220275474
716,35.69884967563013,11,30,.4945722754750572,.6583637920104375,0,75.25295649926777
717,31.58196630761623,15,48,.4966683816958146,.3594647189067882,0,69.80883395855888
718,46.01116800245121,13,90,.4558860101349497,.4372266118887303,0,74.5664152194541
719,40.1160199058835,11,45,.4356092784805449,.3392941884868191,1,65.88341771335689
720,43.99682121492943,10,48,.2961354203044975,.396691891685307,1,71.41178207777176
721,40.13398494733244,7,46,.6077912867294153,.5103846797527248,1,74.21970665349244
722,47.55339067045166,12,116,.4944527121154293,.400859410980586,1,69.21574026818658
723,36.38456057560772,10,136,.5360562803843625,.826212009057453,0,74.2216031413069
724,37.12876245048086,14,112,.4774933357380497,.1550281029323416,1,78.82125334300743
725,38.57435554414689,9,58,.3681616658169997,.4120428496802535,0,72.71625939709796
726,43.39354287546908,11,36,.8487044192711166,.8405336985054846,1,74.32851347591475
727,48.49787990464682,12,40,.375709809852407,.1923177125943388,0,74.81042761671003
728,43.85749291846358,13,112,.4505436627516327,.361523093985981,1,63.89199254434809
729,32.54325648729753,14,189,.4533260117696813,.3672898950991716,0,74.41422086507259
730,45.4923211297188,12,79,.2379338830823285,.1141174351163077,0,74.71289725432507
731,40.97080080674824,12,30,.5634099216016657,.6730354500992045,0,72.24517510881392
732,30.66647048893407,15,49,.3960936616359013,.3224562975813748,0,72.21766544604282
733,46.30813511578508,12,61,.3957184039288317,.2375844035527181,0,70.41987486905902
734,33.98315347937968,10,203,.3579469387274105,.1476220781372827,0,75.57116961404758
735,36.9296617415841,14,43,.416369347289014,.1858968781403747,0,71.24313706867676
736,42.2774206049266,11,43,.3083797566992017,.2525285102116715,0,66.51748087305266
737,37.6885678321457,13,124,.3485193588614107,.3190317449285131,0,73.2770069700592
738,46.02566543599312,11,129,.3342628785130649,.2977493270264764,0,67.15411063457577
739,47.59392673909315,12,36,.4039508808635379,.3235636760689455,1,65.80582925074694
740,34.2759495793197,10,107,.38113825626667,.3132924205018718,0,74.07044087024376
741,37.96207206034248,11,155,.384673265916749,.4041977496887789,1,64.75299583047527
742,33.52424646300993,10,33,.4486071077473767,.422476075597684,1,69.55127807498395
743,45.75949334416781,20,48,.5679284843649897,.5786186498178824,0,77.14168511161085
744,30.85340921408708,13,113,.4924306436172712,.6076961655218898,0,72.88769259533821
745,47.57411357649537,13,265,.2881920816084473,.3052754677269791,0,75.56854410315401
746,48.55076445057648,10,42,.3338263818000148,.3626660967310515,1,70.31244722182076
747,43.68725626622076,13,28,.3957361136576193,.491233078996438,1,65.29539304725215
748,45.94030714716171,13,35,.4449800893472241,.2418168621502951,0,81.16133956749435
749,41.25287897674989,10,88,.4304986103523186,.6831723992126575,1,69.41217356705756
750,42.0282332727901,13,41,.4779185208559826,.5828394634045398,0,69.07353241452707
751,45.59958362573604,15,56,.5019097058878986,.6249365886517948,0,72.00110974522235
752,32.56169837805005,13,45,.340880361896858,.3719286750762284,1,67.95786838273469
753,34.79896792157913,15,111,.3367028160515895,.2840743380188578,0,77.10283221144672
754,39.72679020415189,12,26,.5586839456783009,.6512817949160867,1,71.10469836675661
755,45.88466913641497,16,90,.3340707191351693,.3373689517738813,0,72.68175477051669
756,35.95336478957866,14,15,.4790797566621031,.5577337961586942,1,74.1417264887351
757,36.82065589071725,15,21,.4729773920299805,.5007025128555547,0,81.80675597234585
758,50.42776177520162,8,52,.3184839528184552,.294136756769886,0,73.75752897124489
759,36.52955686668328,16,185,.1117921944677833,.1652126021310385,0,75.04627365413177
760,40.57000080539414,15,67,.4283108349594084,.5106974443338579,1,67.93690881254123
761,43.31660698776413,11,32,.2143449715416701,.184921731991304,0,72.49854115151888
762,44.35441537734022,15,45,.579973094857638,.5264931315706686,1,68.9589861737614
763,48.32875896324693,15,83,.3803472941606618,.7790227515259653,0,77.05754869489267
764,47.67713514190773,11,38,.5266819665314307,.5283610492385473,1,69.91314713183733
765,47.06711671983736,11,55,.5076873440410347,.6308347802542277,1,65.77083604079176
766,44.22224028252879,13,77,.5491958256231105,.6668530230069195,1,74.09270801904621
767,35.08977176395495,9,173,.4049089291982653,.3161373648338487,1,65.13187615926864
768,34.37388533902748,11,93,.3847732507414245,.3755927012995043,0,81.65978856558824
769,53.20693876422563,12,51,.3253784484587663,.288412712880298,1,64.60497553840899
770,35.84890961168325,10,146,.447265207254611,.2509565331064743,0,71.77992326619885
771,32.16779258381091,10,102,.510043961409591,.598857851023697,1,71.65753944468399
772,47.79316440770702,13,94,.3032182612610875,.4905617494151241,1,69.47651867493605
773,35.85501726296268,11,63,.4816060298384837,.8121859326850323,0,75.60772795507019
774,40.72197871943005,12,391,.644936127838541,.5567125955754424,1,64.94143249961881
775,54.17007761135861,10,186,.585035041727512,.6368935340085158,1,69.23470849820494
776,45.47788624152456,12,97,.415857774037466,.3679083086413794,1,66.13598204432553
777,36.09884748803631,7,78,.3749097940974505,.4989114866266002,1,71.31037783850226
778,33.87269989638584,12,132,.3620809181523283,.02,1,76.31610365526052
779,43.58171486309841,16,137,.6323748291436269,.6821661596881604,0,70.85503094695552
780,45.29795467302793,13,98,.4848185459844913,.4667654126787399,0,69.23609534882786
781,32.07080327717992,14,161,.5332380105900668,.7011966678652115,0,78.06847794223651
782,44.61089035650608,13,158,.5307119688912353,.5451141841606444,1,70.39355487175992
783,32.90725005586529,13,105,.379055309665517,.4936495592033549,0,73.68206861068185
784,39.59641747194186,6,106,.8408008567717673,.98,1,65.74891864918177
785,52.72952818111861,15,76,.6127591446026014,.6169428431446272,1,67.34929665288988
786,44.30206915714825,9,205,.4330520024934781,.5028882406071268,1,61.61670267876388
787,36.13879893703669,10,106,.6407329484120142,.6539335698194109,1,73.58112344492574
788,38.83716505263429,16,127,.5657023002926315,.5532514748510804,0,73.74749521949653
789,40.13415968127473,18,40,.4330390480423092,.3798370617443429,0,79.45461491501545
790,42.24674777141101,14,36,.5052738348596109,.4410605623476225,1,72.62088283375276
791,42.58310753594468,15,14,.5159302504118767,.5909941333408036,0,74.13747101602087
792,42.02277523503071,12,138,.4482502299139435,.3299793130518422,0,69.6683011222033
793,49.31151527947678,13,59,.4021143924784206,.3948056074561315,0,74.74225787851508
794,42.93320580510871,11,132,.3368851957158318,.354375507849847,1,70.10250280419258
795,42.25767289323259,16,68,.4859519341012506,.6016048955561842,0,78.57894267765747
796,36.10206054700666,16,124,.2979060464123832,.3339107704351993,0,71.28159881968465
797,42.09170806723886,9,107,.471759588640738,.3974750910543993,1,66.78886871335385
798,44.04330417705796,13,175,.2889162429315383,.415695367276654,1,72.80884357435814
799,43.0809572998167,8,58,.4419323955081569,.5567115797611615,0,73.76911781690372
800,46.89716022913012,12,81,.0973394219682511,.0725403336496301,1,61.2721793411004
801,48.39874449980459,12,44,.5545645033029584,.5493737664955687,1,65.99489262839799
802,59.18277004237976,10,36,.2576195895596265,.3295420911550841,0,77.28508242176918
803,40.36049297171928,14,114,.3445614892823096,.3039550104907816,1,71.48229227890093
804,40.72179631389155,14,174,.3697885196879269,.4582241681053056,0,76.67468083342973
805,49.17415084666474,13,36,.3743175545385936,.4105005645757837,0,76.82490942377136
806,44.95186680416738,8,273,.3682344793803073,.4678195164417935,1,70.2818605331254
807,34.07194787381319,14,146,.5760819759995572,.5892279562747121,0,78.55773349902991
808,31.33469919620968,15,253,.4654534713891037,.5136096504529193,0,77.2495844160716
809,45.95276478284225,14,57,.3233879555689645,.3758466637548765,0,79.35025478861512
810,45.92402420194594,12,97,.5982874864234646,.7534591015697516,1,72.88119033687228
811,43.85270711166009,15,37,.3650413143513316,.5423154936817663,0,74.33960997474783
812,47.64619612299431,10,119,.2573021927538379,.2024317150442791,0,76.98387300384914
813,39.3284042931344,10,72,.3007080015641644,.1235644732031947,0,68.82651087090181
814,57.94210570464413,11,82,.6119596962153442,.3780291234784953,1,71.10993079092637
815,51.09054254724811,17,159,.3767781414316022,.3709553452765653,1,68.12824850543875
816,35.08671506467658,9,59,.5138236337236011,.6091293914430713,1,73.58190917612804
817,37.987080095691,9,49,.5759740165978554,.6489368802587631,1,72.28657806062928
818,38.10998453259285,14,122,.4962059818795575,.4739403266860565,0,79.65025267312976
819,34.93259928652691,14,87,.3237766817201257,.4857884749351687,0,83.16991294768789
820,28.22663139957109,8,95,.3808000609033443,.4764495277625585,1,71.01868574174198
821,27.76340418781657,16,66,.2616478857130462,.2477861518628431,0,76.71565492926025
822,36.21587762009453,10,89,.4499527615229236,.4208207610695543,1,67.20905751068061
823,37.58981934136614,10,27,.6211671187709429,.5474518800765791,1,71.89515380256911
824,31.6264384850698,14,67,.347738009167601,.2121590549819601,0,74.65747449720051
825,46.52414390253592,16,78,.4864059697927659,.6470008767972147,1,73.61862592042242
826,47.34049518410765,9,46,.4303095026840043,.4500083331734551,0,81.39740737908579
827,37.97212603040255,14,164,.470387145136808,.5582669222967184,0,82.3174816102437
828,41.2070526393499,12,54,.5312160506509385,.9143448754964141,0,74.17773966007267
829,34.91606020768407,11,60,.3431424213474825,.4135369078759993,0,75.00438541033424
830,41.84205421020829,17,133,.3937111816452195,.4375647448115246,0,72.0943034258505
831,40.18430271149864,10,44,.4872473292499025,.4770151966113969,0,72.24501348235583
832,30.73312777083211,14,47,.4971758032569193,.6246201548398972,0,73.37886090914411
833,46.55650771472155,11,49,.3765223458372144,.472091303068662,0,75.49948135022939
834,42.1762317331692,9,47,.5933857281268909,.7521997099326584,1,62.38567439717902
835,40.5419365588757,11,72,.6548694485852448,.7266024082311736,0,73.99177527674429
836,40.85306278758883,12,76,.3742841449857587,.406725155676829,1,69.64350546619353
837,52.78810926641294,11,56,.5536352368321258,.5100423978829456,0,69.8098021967882
838,45.73572617999943,15,58,.4197020293586078,.5159005185779921,0,76.04881922775512
839,36.33163494307355,10,121,.3733974020818723,.3434654603415596,0,71.06776078098201
840,50.23903927890243,11,39,.6246094572346538,.8383067584896801,0,76.92767863298057
841,32.42067571992443,16,76,.3213689611853991,.3386846570043512,1,68.03729109484728
842,37.46429832953601,15,27,.5219809813808121,.1288050859181047,0,77.28418593186711
843,42.29561202376243,12,16,.7360293761906066,.6517334087088034,1,73.49022054163659
844,39.54060426141977,9,99,.2380246958061799,.1910468910049232,0,73.52703743451345
845,43.9094534800069,12,90,.2674143693708014,.4898712631183983,1,66.01915732274493
846,45.2168142007756,13,95,.5037688147977704,.5799740077087104,1,70.38026357693693
847,52.91470215339885,8,81,.3896770822023943,.2620604820810921,1,70.55562625643964
848,41.46104039841165,15,107,.5065128427619151,.5512847712648644,1,73.15652046320064
849,30.12266637013668,11,52,.3848302932419754,.4828467942944171,1,70.46519141597358
850,42.9147009060908,11,169,.41288322370766,.2804600905037183,1,66.74054558684035
851,46.32877928529741,12,72,.396312175171799,.5435873801113505,0,77.99077931548973
852,35.16042363736732,13,45,.5323851123463721,.6042605874332539,1,75.74846617076037
853,28.51431575901767,15,115,.2689298027212551,.4657940352766693,1,75.53804460016296
854,41.6717753583678,11,95,.4179114970702058,.2519056439206792,0,80.73151119120001
855,37.33592298171241,14,100,.3961196978631979,.5890075688695343,0,74.45596281882692
856,35.8129338176498,8,95,.5844148464638144,.4660481453464077,0,72.77888752156817
857,42.30584388237831,8,146,.5931333260276874,.6535852006742651,1,68.38373732323647
858,31.50777714395305,10,109,.3990734984107092,.3880912349027462,1,65.01160132863775
859,45.15244187247032,13,297,.5628795509026315,.6006944428925356,1,74.03100799660778
860,41.86356122382981,6,142,.5899273722642676,.3067042636749952,0,71.17169560242704
861,39.04220179705092,11,165,.3647711319609521,.4483517672246707,0,71.49197666631918
862,52.28246881013631,11,741,.5771811178058142,.5173155634411184,0,72.17800223261507
863,33.20592564259746,16,93,.2834537700112604,.1992788565400452,1,69.86610049547775
864,37.87698336322887,11,31,.4947934833878435,.2889361029060405,0,72.0330245920469
865,39.42316914497025,14,36,.3270918624936331,.2033357938477439,0,75.9329282553682
866,40.99454984334495,17,70,.643271053323524,.6688654636991186,1,76.29742382632635
867,42.83440568104175,10,111,.4042331253509995,.4596851666680277,0,73.70278792741506
868,44.20005041321626,11,49,.5955575036930002,.5491115781951772,0,73.58744842528128
869,46.27711457781881,16,166,.5690149884955602,.7046002080235212,1,80.6887309206992
870,47.6092799463257,12,53,.4084704810487039,.3807893630924741,1,71.10173211017374
871,48.06150274483644,11,45,.3794504180774813,.4445151188406705,0,76.25941492259597
872,41.32860003897561,10,27,.6953465312106446,.6850039159191876,1,68.57119712816773
873,44.47074426359254,9,20,.5722079383305091,.502398393811742,1,66.47241568623714
874,37.89461183555254,11,481,.6801445298859891,.4480832524793802,0,62.34996999858431
875,35.92541760001353,10,74,.342162754275295,.3476342683355709,0,76.75591021477825
876,36.22047592002077,15,1837,.4887256790501335,.4037367275399181,0,75.3388959762468
877,27.31530535958619,12,89,.5252474509391021,.5744117612912778,0,76.70225105044476
878,40.8233487199315,10,142,.4538986412376951,.5742894645383418,1,75.40467080132554
879,44.72314826154684,18,203,.5123971569180963,.3552414206211413,1,75.30200967474855
880,39.04600110605295,8,46,.2517164962153308,.5120847647922201,0,76.21089459362597
881,38.68620746936842,9,109,.4825348617585705,.6675984328570755,1,76.61967513926064
882,31.59349405208566,11,158,.411475881804736,.4116043301542232,1,72.222561555217
883,42.04230931207165,14,159,.3029402353318196,.4085094583947278,1,64.20793256357346
884,42.81987910732722,10,27,.4129575291999897,.2699899465955276,0,70.93328278182962
885,35.81554091013878,12,58,.4999650358519485,.3630901418293876,1,70.9371914665784
886,38.85485379716522,11,95,.2801759840298488,.2818373223319582,0,75.94871277896885
887,32.99978128538191,9,144,.5527547165252601,.4319001554377778,1,68.04175216626564
888,42.16683968710963,10,439,.4403638505134041,.4587262413442487,1,68.38944046196619
889,43.275021414732,10,31,.3439823710392231,.5623413609761017,1,66.21754792250714
890,38.5158926402765,15,19,.5328417676104249,.6781904636588452,0,74.91251265614623
891,25.96543710311007,17,40,.5145131651481608,.3720973598289514,0,78.09257663652217
892,38.39513137871896,12,21,.4625486151910059,.4574355108574016,0,76.73081245288462
893,44.80719481718638,11,400,.5549664950788673,.5221769366378979,1,74.18450204184093
894,45.24581217947426,14,195,.4636544095275414,.268136351368101,1,69.82826907025708
895,41.1541140139372,14,92,.6741938819323857,.6111389368039007,0,75.47923599414641
896,36.3366376070873,14,217,.5446469270159727,.6726688071962794,0,66.77980857934217
897,36.67431488264812,12,150,.6521604987231947,.4751160428541749,0,74.97802424067326
898,37.32234292411948,13,95,.3934947900831166,.6014036635068796,1,71.35158536594837
899,37.10251224029025,10,119,.3669730291223742,.1718765054546814,1,75.57385988351211
900,46.32893310968578,12,68,.5889865434206411,.5028410066916805,1,65.28610673501693
901,51.63068214105684,11,78,.5019621140689553,.4142638978767688,0,69.64344325414226
902,34.25938490702132,6,41,.2477747106578568,.461056838945877,1,70.67052941718291
903,43.66756492957199,8,56,.2880146131369663,.1082463152995908,0,71.00315406167185
904,45.47712750290381,13,214,.5027167239014441,.2384136596229669,1,69.74592352811446
905,43.07476492860824,13,34,.615970897778392,.8591927249694509,0,69.53382897769248
906,47.3745949874566,11,169,.5266112998601439,.7807016800446427,1,69.17976749632898
907,45.51838363084913,11,58,.5503735358900766,.4997541875809722,1,69.78715264037714
908,40.76796984855986,13,115,.5711964693498033,.4825031432953581,0,78.1913937441813
909,45.67227678622695,13,28,.3344039002448873,.2672639667745188,0,76.47588647278403
910,43.58866299217578,13,127,.4403151691552317,.5609589783573466,1,70.02861827867625
911,46.01304127700891,14,230,.284834060335418,.0382172396463095,1,65.23616820020405
912,30.86542671910352,10,42,.6513106178322243,.4324450678793261,1,66.99810144414541
913,51.19315223598468,12,130,.5339315750631464,.5707981972854956,1,67.53664356863139
914,42.55141117486594,11,83,.4915033359164819,.3910318136742165,1,67.43654623088287
915,39.62135229264953,11,59,.5369798681465267,.3752469757396363,0,71.80829500581282
916,39.43669724220617,12,66,.4020253812915352,.2114996370334178,0,77.13381362946022
917,46.14111677331435,14,52,.4067731727343308,.403429143599565,0,70.6290181690177
918,45.02524349638169,9,72,.5373366646700937,.5502731344235121,1,66.39576120898596
919,46.75201876015937,14,28,.2685569344719003,.3777799984168029,0,71.82886563988907
920,36.50422850686529,6,59,.3630968067209115,.4139019529971736,1,68.91422012225344
921,48.08377477163982,12,15,.3879552680260228,.5203318032548959,0,78.31023499322917
922,35.96962041677622,9,46,.5591241080804203,.6053804690004081,0,75.18921592583149
923,37.05144845671912,13,19,.4392149691631115,.6005060526451851,1,71.0219548865113
924,42.5139823418649,10,57,.3697575056891971,.6739336132457601,1,67.6210062499114
925,33.85144770137997,12,112,.5529006184537468,.6033098004960806,0,79.71553676234034
926,44.52799259593083,15,127,.6047257554120662,.477573224330424,0,69.30084391586273
927,38.11865251778538,15,169,.6771375243019215,.8395312839537515,1,73.76948622930335
928,41.08741405616752,13,80,.7875725693515263,.8626614918647297,1,72.24499453431565
929,36.93762302848428,13,149,.2762776290192001,.4406645136841451,1,74.070829459034
930,40.8892753622633,12,139,.3980784843521131,.270872767590807,0,73.56750728190931
931,51.44529512604346,15,91,.4508304546842598,.4705215884180984,1,72.09365426725782
932,57.08618854810711,11,98,.5186205957508028,.5175865537338803,1,74.41384833476329
933,38.26298059573259,12,88,.447408861175113,.5470920550423065,1,75.43597804150185
934,41.84073341415228,10,145,.3464834586972231,.057804601819916,0,79.20375690081353
935,34.98010243443502,13,40,.5807877979727712,.4066916524516572,1,72.2786771271232
936,37.87702166622442,12,242,.5231601799971272,.5011411038060295,0,77.18569514147013
937,40.99356459942609,10,56,.3849944690986128,.2218617096117589,0,76.78125265247594
938,52.71932271446988,14,35,.4063978720317852,.2228877162870981,0,76.65053581457005
939,38.6256115122237,12,100,.4066665210496724,.3896987317186229,1,73.56893812973499
940,43.4144872014208,9,67,.3361444075179728,.451543018990194,1,63.98922528096838
941,40.51609165456215,10,43,.4510831601561603,.375200578470593,1,68.63597249325855
942,46.79208602672367,9,118,.717765270323609,.4740992528509064,1,67.98989004764653
943,43.58372731792934,15,57,.3871668358068289,.3147540879059435,1,79.08818569115884
944,40.12211062643272,15,82,.5271361371718617,.4675954621560079,1,67.20662284366408
945,38.33568166946527,12,205,.4045838370848299,.3859334404945552,0,67.08568808241893
946,50.1377341271094,13,140,.474157624040139,.6558208116523576,0,73.27039253443337
947,51.18622646768625,13,24,.6073308924660367,.5688390778235977,0,75.22345962645076
948,44.15179222362345,14,76,.5058579845051042,.4964534185134202,0,70.79011446262497
949,34.55122504382045,13,84,.309868507523921,.2585927382935638,0,73.51583307336573
950,44.55717237975264,11,24,.4071283174637487,.3167007573509412,0,70.60286998923323
951,30.41035700959592,10,198,.4584669572604153,.137835854783018,1,64.1010361019395
952,37.99548629102745,10,208,.1776342974056617,.0477682387089358,0,67.87534823771696
953,42.32063580555444,14,119,.3155996632287388,.173524089352203,0,70.55661660983563
954,51.31501049152687,16,121,.7200421077120932,.8150327933256164,1,71.3142865746717
955,28.64198631091359,11,68,.4873453330951686,.8450476317947553,1,68.0191451659491
956,38.38742135649764,18,68,.4834509936679962,.5728963541817437,0,81.49508214052781
957,35.99252174041429,14,94,.3849431296251514,.2492101464549678,1,63.2122194770422
958,41.55562411204349,10,58,.40295452021557,.3267107618280997,0,71.22588744053387
959,40.49846753920271,13,139,.2616605105180292,.3409669263154139,1,65.8588053383417
960,48.58927680253131,14,165,.7287672686454508,.6983236841153123,1,73.25790344212957
961,41.72545727085725,13,85,.6162094021917091,.7832785441568006,0,73.83481789052266
962,34.65797684708993,14,154,.6087375228098049,.4399898354276448,0,76.21313072935678
963,37.38464743636727,15,151,.5369083214891465,.703493449711448,0,77.43022366057781
964,47.6847772683691,13,212,.5130743456489208,.4110966935295332,1,76.93583697602155
965,29.93507356954737,9,32,.6340424884599009,.7906266236848569,1,78.08976848313394
966,40.79984996784002,9,129,.5650724646325723,.593562295423545,1,68.45222210873828
967,40.75920533333607,13,20,.3159981560880757,.3220250671376758,0,75.05719509275238
968,38.76721660209664,10,50,.647460947502757,.9171239368757018,1,70.11804434452165
969,46.25396522779184,13,174,.3663756314418324,.3762648399310037,0,74.51369650102565
970,41.40122745509041,13,46,.5057109011063033,.5526425374310067,0,76.36021508883886
971,45.76269646220871,12,131,.2967869493087691,.3052446813355949,1,68.10680471894899
972,43.53380844619462,13,32,.4874707270062429,.3381377226587158,0,68.2632654548873
973,50.65247166227329,9,26,.5061717659766676,.516594906412786,0,82.43000999654038
974,40.56186484137021,16,132,.6075119178709079,.5510441820791716,0,72.36305172177008
975,49.01470825959426,8,333,.2189267623739743,.3070202077703054,1,68.70640955751784
976,47.28595489160436,11,107,.31605135434554,.413644074260671,1,70.96384662064705
977,40.00521136487497,13,178,.4122415115127587,.320244562820107,0,75.6226231350616
978,30.02667469416501,7,49,.4454345741565756,.4831550613876342,1,66.78706644922129
979,40.41370067924287,13,78,.2854767794547246,.12489720203698,1,65.96189932904295
980,42.72872970204146,14,103,.2143616496046064,.145063762196203,0,77.04287757297925
981,40.08824115737657,13,56,.5417173623896421,.4191090412721886,1,74.42722750601681
982,39.19598727240744,16,72,.4617066607502818,.1034194843124156,0,79.26479572991381
983,40.01080199906007,11,56,.2355248584540176,.02,0,80.42290207873421
984,44.82772864146695,12,89,.5792766651301096,.4754600539928777,0,70.15872037707216
985,31.69773307875324,11,109,.4290756412750534,.3828157571191531,0,77.45864438314004
986,45.82203436800271,11,215,.3932422668546073,.4273052822144019,0,81.4422821548536
987,40.13452712731129,14,144,.5781903282147596,.5061390034625606,0,76.02141386054437
988,42.9896555481595,11,121,.4270082823900801,.6777416713507457,1,67.21568488549839
989,41.40619931446918,14,148,.5365508335688453,.551531615904304,1,79.19309250274692
990,35.38082244418798,10,163,.3039464983403011,.2429985871131516,0,72.1753912254574
991,39.93741424433172,10,33,.3639452204026749,.5018163823815823,0,76.5783966128002
992,44.04524409468401,13,38,.4015802185069122,.25469416203863,0,74.99681509611997
993,39.80114089476811,13,98,.3744480070064641,.3656758723294978,1,65.81202111620912
994,35.47497215790573,8,120,.3716697909813048,.308374889738038,0,74.50298507305827
995,27.37808331115245,13,80,.4457844400165361,.4030869590299061,0,73.45576335363766
996,35.94707879738969,9,39,.297408151678191,.6510583054926713,1,66.86320526557368
997,42.52591396382812,13,112,.4359075504558765,.2151710391244973,0,72.44282962420436
998,42.55897257990552,14,208,.3254074549872236,.4504528683769108,0,74.61745217613169
999,45.32825110518593,8,282,.5044908626626172,.6162146255805603,1,66.66373367697264
1000,48.37706436843534,8,316,.454609547196184,.1441152580210239,1,77.49536248322721
1001,34.58787321070629,12,149,.2521031227808769,.2357942543609859,0,72.60727302292673
1002,34.90074723866252,12,431,.5937175607107081,.6281029296880516,1,71.80853510511055
1003,49.27314236949317,15,36,.3123321598592898,.4438567185996688,0,78.17271800596615
1004,51.99412636603012,10,106,.3301045649741488,.2321964495126806,0,76.56081776489097
1005,42.9087931068014,13,180,.3967638251299598,.4830561097174788,0,74.1991531107336
1006,46.88450322248178,9,31,.4978915618521391,.4266800686323721,1,69.05340057820693
1007,43.52783546031088,12,82,.4695651052158109,.3891266010454823,1,70.60829940782718
1008,45.49970756856567,10,61,.4917362390306598,.500634284242636,0,74.95037371213031
1009,27.83171088981634,14,59,.2712556300228228,.2381997958264893,0,71.2978023069159
1010,30.96399544167708,15,36,.3004631610386935,.1811702734607738,0,72.27082436374509
1011,40.27059872505418,9,154,.5426001015403638,.5274941808959089,1,69.30969530361611
1012,51.64480725472141,9,787,.3046735336954061,.4700047317974286,1,66.97087142907799
1013,51.61830549864101,13,132,.3928346240309829,.5390338420339709,0,81.05418897672826
1014,39.37780980856601,13,246,.4209288109873798,.5159258014348137,1,69.52793153336208
1015,39.17129648289332,10,73,.4450425742698416,.473994932078778,1,66.96500323818672
1016,36.17644878924801,10,137,.3496288874314423,.400793266176494,0,72.97317153345449
1017,44.80039597361657,9,123,.5590566303829536,.7295720124502354,1,72.12493050558409
1018,37.77843879449991,9,50,.2546093057273423,.5444536632408985,1,66.48036260788507
1019,48.4656417795395,11,111,.4364499042574441,.3094454198149499,1,74.01584955884229
1020,29.40113465742028,15,84,.3137172656355212,.3894652998044332,0,76.91129942285714
1021,39.40251154116417,12,149,.4131659942312593,.4310396438669786,0,78.28253717218661
1022,30.43922477266624,14,52,.3775862725279256,.3229424395474629,1,69.12268858995589
1023,36.15205776981547,12,105,.642837679727147,.5470931263881565,0,75.12842029300433
1024,38.67866581529029,12,91,.5742278905871282,.4949218990065192,0,72.25877852631106
1025,47.20021941652837,11,69,.3646218201265721,.1974498030990022,0,76.40561413059849
1026,52.48705754628226,12,56,.5798682515350647,.5228080027630236,1,64.50723285659735
1027,46.99553829936766,13,173,.3364724979804832,.4526357612165212,1,71.00230991637945
1028,46.36020483339082,11,125,.4016794683954162,.4116129571784992,1,65.7015867415989
1029,41.41857418715296,15,148,.2941274077671103,.3453001719351694,0,74.11786584309255
1030,45.56650148592959,11,86,.5999315519600783,.5510752276093822,0,74.94237119545673
1031,36.48622730169444,17,158,.3044895076017299,.6213971745076252,1,70.60224585476789
1032,47.3723249863956,11,48,.5005049598540382,.6604689590708741,1,70.17081102342422
1033,43.56075906395566,12,48,.6428623626923406,.5263183860164011,1,66.5417497267628
1034,44.02205890184477,12,24,.4628626013259567,.5532603350736494,1,77.04778236149954
1035,41.96008684806693,13,31,.2948941755672791,.2756954914498279,0,73.24597207946499
1036,38.18707652721316,9,60,.4509282132312146,.4648922285058613,1,73.3270324655645
1037,50.94812332075313,13,282,.3710261976942559,.4477451584298469,1,64.20670860915969
1038,51.06905836497018,13,61,.2990458316930816,.2480188983241566,1,70.37617175657397
1039,47.19323839957598,15,278,.6211775410249971,.7088238711031871,0,74.31071763094577
1040,36.19378644061793,15,94,.4141235927796099,.2853351605569186,0,70.99206798078417
1041,40.13062091033301,13,59,.408037524002821,.2914766844663222,1,68.58863821307277
1042,28.13479171574154,12,157,.4750620677001174,.4923974688979821,1,73.07420061274513
1043,54.45306420486343,13,28,.4643049185845178,.5339028104920087,1,73.38603282296077
1044,36.69813851142084,11,92,.3798722309665385,.4459826517979698,0,76.48849598385593
1045,37.02839440503642,14,117,.5933392374657382,.451618427136269,0,80.7922599759732
1046,30.98406344635862,12,135,.5866708841128194,.5463164759979552,1,65.69706785085583
1047,29.75513946572504,16,196,.5945924704136181,.5886441012729557,0,75.77555397156709
1048,42.33524010722533,10,86,.2759039465473001,.5110055213909001,1,72.368982349319
1049,52.03249222023669,11,112,.5598726984034148,.7801556762079891,1,72.1798829464191
1050,44.83852088958569,13,46,.3088734154739279,.3198880723032774,0,74.18952360884563
1051,50.19924617664606,13,62,.246238577274504,.3212280137784124,0,74.1126696773271
1052,41.79735414698536,14,53,.4240052869005271,.3047496133498735,1,73.01207267262033
1053,28.41456600121528,11,165,.5050543031803728,.4989278082580999,1,76.76934723917689
1054,41.92802030639488,9,17,.4266818214605779,.3803300885212454,1,66.22213318138452
1055,38.15849182839381,9,164,.6696101838318305,.6313922625821848,1,70.63966655452177
1056,48.27600276923066,9,512,.6131852638597501,.607797955781097,0,75.98651598810626
1057,32.49392914294703,17,74,.2717498353574611,.3745603313578694,1,69.90258552279738
1058,43.93199168532603,17,148,.3028806889904851,.2844783969932498,0,78.15303624591385
1059,40.38093052512649,10,134,.5239279643202551,.4067665328283253,1,70.18975477645178
1060,35.77753029615115,9,43,.4503638577649108,.4721708147988415,0,74.74990087753805
1061,41.87785180042906,8,39,.4162464475791585,.2756775815808039,0,63.07120477538793
1062,38.52563424890374,15,74,.3033563311673711,.1939608412290145,0,67.66047879289793
1063,40.75267161932143,13,37,.1623391527329276,.3311606629856504,1,73.9271518117046
1064,37.72505841259755,17,206,.6382526192528573,.6841389349736638,1,69.70902201947183
1065,43.26868808615035,11,214,.4841670407167699,.4847320908867513,1,65.28820071170081
1066,37.35952539580587,14,90,.5069825541029244,.6614879694604199,0,79.1072185309413
1067,46.6905902178341,12,146,.7009042035766266,.744309899582875,0,71.38739646909883
1068,22.74493915387339,13,27,.323914113007033,.1922923103827728,0,75.78519677027579
1069,41.93314067476675,10,44,.5823710146261467,.8357338399962685,1,72.35649092130136
1070,43.5256029240519,13,23,.5725297807833792,.357934756631193,0,71.95074139709179
1071,38.1823338040387,17,67,.5074969399363248,.4209443494989302,1,67.46767507573968
1072,39.25537146148895,8,48,.2135346093745057,.2965892806942113,1,69.9635630890385
1073,26.11133022727461,14,193,.3866979016981765,.2517054903291875,0,73.86786905762403
1074,44.70119834222102,8,179,.4111920034873096,.8320454913349938,1,67.49411821253733
1075,41.33165769383225,18,48,.2903685413487685,.4208169241837362,0,76.097363301054
1076,35.37996228718292,11,111,.5160703630829642,.3974032968797201,0,70.15676099324013
1077,47.90175672539389,14,171,.4858783689813188,.5041205540405299,1,74.74126854789591
1078,44.71938635620718,15,306,.4457287508664732,.6575024330201767,1,67.17988062105711
1079,38.68328321917157,14,169,.5071514830832186,.5909921436193145,1,75.38473334135507
1080,36.46134221273903,10,94,.4898665432026734,.3700052419728652,1,71.87074086815925
1081,37.49906766671341,12,70,.3960643423730668,.3758596700737561,0,68.70463570709755
1082,35.69643446298169,10,51,.5452243306305371,.4979461908985053,1,72.12287575585663
1083,36.63728821057759,13,135,.4390989234935809,.3056582810030875,1,66.43329775559556
1084,53.0443518966953,13,32,.4679925739496948,.3903434340113498,1,75.08741870681425
1085,32.53044858152421,10,76,.4632140845699085,.4381876924016662,0,73.0973544075996
1086,35.92335122222492,11,497,.4829348660422028,.4083561907175057,0,74.66005152188147
1087,35.94009641538525,12,207,.5126405043552336,.4563172532600062,0,75.17830920358561
1088,45.02010455389812,11,224,.6116291472123803,.4604805566179866,1,74.87501644715861
1089,39.30426348913353,15,124,.4343393718058506,.2796181476166705,0,80.93025474838922
1090,35.29209644871822,15,76,.5484264483342858,.6203937326854658,0,76.9051640166586
1091,35.15291362447693,14,95,.3411516985290106,.1446537506823044,0,74.71979070635226
1092,37.69543286631045,17,206,.4133450962284396,.460237744236209,0,78.10316409013475
1093,30.65764869055147,18,58,.5514149853713519,.6052222106999937,0,78.65908273102448
1094,45.09092870711902,10,61,.3536695690293014,.4539180984123531,0,74.77053097059778
1095,34.25180591354852,11,47,.2722919956828275,.5022311732393228,0,74.22148164759385
1096,48.09507267210419,12,60,.5241856743223773,.506788889760915,0,71.86225425894818
1097,45.24212075809278,10,37,.2671426444912653,.1929575654633481,0,77.54290936015518
1098,45.80577539724658,14,58,.3854465932104283,.848524171307975,1,72.73055846700552
1099,40.48994229289495,11,57,.6208178728546875,.5906537569304002,0,74.74959382696763
1100,46.25778783975809,9,58,.4599575367055283,.5136628604564246,0,72.90250931452084
1101,32.82404255010044,14,105,.4837294233380922,.522229226673503,0,71.84671619268281
1102,40.66611107092876,12,81,.7262954911489321,.5622581228837598,0,74.41721222281734
1103,27.13795435543507,13,132,.1852243773971985,.4279629984674755,1,69.4147564226582
1104,34.99911990888561,14,308,.3389255350734683,.4470075831026359,1,70.09933833896564
1105,35.2271486156281,6,164,.4699127152345355,.2473149531919556,0,71.19273036558712
1106,44.50503446953446,13,98,.413571304026557,.5067634649654646,1,72.33457191967661
1107,45.07175110432384,13,46,.5720042713431879,.4390647759942746,0,72.50674683578852
1108,39.79935292314389,10,336,.3918784433708094,.5192305493874488,1,75.19457646928473
1109,29.32415531601734,10,62,.5429949216837312,.4175861273016274,1,76.26321959923038
1110,37.1216862279977,14,905,.4013548028464907,.2579070978277327,1,66.51734097785925
1111,38.43693094484535,10,135,.4730704245681104,.4468237208112363,1,70.9021316872355
1112,33.49105255867819,10,85,.3005398184078855,.1831963729298875,0,79.14383235623963
1113,35.85315158044754,14,49,.519165388446591,.4217296077645739,0,74.96860469978233
1114,39.14675884666653,9,134,.3301215295228473,.4055784234193486,0,77.20052229669535
1115,31.96652918374085,10,55,.4828493576149184,.2740209471758888,0,79.9041576965414
1116,49.16201158553235,10,503,.5241968365978227,.3690360584189347,0,72.96473065150958
1117,39.95481881334651,12,98,.4286726894569753,.3993153336777646,0,78.6732733552424
1118,31.4254785178324,10,156,.6186860428636861,.6490501434494751,0,71.08008679347002
1119,22.76880707451084,16,111,.4252785705845191,.2576093462854501,0,75.39083850374318
1120,37.47586917445553,12,175,.5392736352763503,.3979826238729813,0,76.77487985619672
1121,44.08593398645442,8,51,.5180934487518294,.4973316873737206,0,73.93614747326842
1122,48.13212561232338,15,20,.3965100889273594,.3647362572288015,0,77.6309912982215
1123,41.50722043001112,11,21,.5617950512633578,.7496047798893889,1,72.79917802458434
1124,38.85309887747344,12,55,.2567526857607819,.1456579076672019,0,79.48348011821419
1125,45.82489855092118,13,175,.4231975322970022,.3370991733121234,1,67.93878101359627
1126,42.62005773404555,9,343,.522835960984629,.55752512440892,0,73.61414670797511
1127,46.02204064207371,11,196,.5651925664548404,.483504497821914,1,73.5552660660161
1128,29.47271623258442,10,82,.4213828421553099,.2242742012425887,0,71.40646818625086
1129,41.99271881999488,11,48,.4844296277402891,.2834852117927186,0,74.11281387854004
1130,43.46439655024658,10,69,.5057798536886873,.3628373337272076,1,61.94648135284062
1131,39.67409849307235,10,286,.5462590796563065,.5236070811718774,0,78.69970671574596
1132,42.94788646688207,8,241,.3827310526617563,.3142468713570754,1,68.32544580417417
1133,48.27081710752589,13,141,.316328513074939,.208623941105548,0,74.6095029273053
1134,32.76310753442178,12,216,.439995939914505,.7194003442964702,1,70.25577980301406
1135,35.57204033031205,12,264,.2564443575993204,.2705660547967417,0,69.57972086340449
1136,34.1750172945499,15,76,.4598940382394219,.5035986714488686,0,76.61471958089062
1137,45.22155476308423,14,147,.2291127418746682,.3756143798234208,1,66.31089806916108
1138,32.20046734934925,8,127,.5279048823766213,.5412315815983919,1,65.81862854519679
1139,31.80184602719388,15,160,.4822220520302211,.3268812550844523,1,72.42753432983498
1140,34.99114571921189,15,75,.3121109620913413,.3739721114505126,0,73.47668948738028
1141,37.06896324237071,12,58,.4859961388362835,.5392989304643189,0,80.09691907970682
1142,37.61871943497957,8,307,.3235905640100422,.3707056633633165,0,73.43774218697455
1143,33.02343952888938,13,88,.5838246779834613,.7583383022880295,0,80.64512976768552
1144,35.53191700624251,10,88,.469600672913527,.2545991373444888,0,73.06152384868923
1145,37.26559101607194,11,25,.3058976605259266,.4227307252653922,1,70.29890980110491
1146,39.18146345094345,14,36,.4585220356418128,.3766573937824927,0,75.94933294849746
1147,45.09501994977117,12,38,.6379102299489652,.7055153584742234,1,76.95588002445884
1148,43.43106796013485,13,38,.4816427224040147,.4224969664451052,0,75.31093357281543
1149,31.25058587955387,13,38,.3868519932294066,.4527335442184268,1,70.13548182944407
1150,36.08823448172632,10,76,.5234843627719381,.7344631857654644,1,67.71527954973078
1151,34.6388738494727,12,21,.5762598970930993,.428805970426265,0,72.90704387052921
1152,35.13190185651479,12,108,.6490722970268175,.6717058917968887,1,74.6432515229459
1153,42.45266979787277,11,131,.4940777998854878,.6390749835586252,1,70.42919884215472
1154,45.40922596346458,10,121,.4737518670204019,.5017247320270877,0,77.62618621592759
1155,38.89931953574912,15,95,.4284776915028475,.2088692776813924,1,70.51959833101607
1156,36.03347825659511,8,214,.3869682869288332,.5915713439758424,1,66.62591351178212
1157,51.43700036574366,10,768,.3267299606613203,.4579476236035398,0,72.7873532842823
1158,36.56623666430989,11,153,.3262314290541714,.3455286491935265,0,69.61436463482258
1159,44.06237187885493,12,144,.2553087090526412,.2096443206977992,0,78.30563987414796
1160,47.57285475380323,17,87,.3644307067231742,.545784461150747,0,73.93416835579571
1161,38.67749634854574,12,196,.444102979663248,.521202727966517,1,65.66931466364098
1162,47.90153001373572,12,118,.5126001994914452,.7488946184347141,1,66.92629045272051
1163,46.19992869295633,13,89,.5310549104206865,.5287225941072283,1,75.62170117630683
1164,37.62201498287372,11,22,.5177922745710309,.4341215791148123,1,66.91513816218007
1165,37.69798308136075,12,34,.6074672043193318,.5247700883636036,1,65.54312211107947
1166,45.82698142829589,10,365,.4118832610700785,.4264020396183782,0,70.0891947088388
1167,37.66468151534207,11,40,.5758470712175392,.5092565607940035,1,63.91651663259443
1168,50.01396469090859,11,177,.5686727317709749,.4894268078382121,1,72.10062109751195
1169,46.5363185426014,12,51,.2652448463102133,.2716347216071271,0,71.41372684804554
1170,31.78433543876659,18,41,.4138322018696637,.4996915817018998,0,75.06259751542028
1171,42.56101249359143,11,115,.5401887673640617,.237696301262745,0,78.00919911754909
1172,41.03775686219225,12,54,.6189714977383421,.4356742128606627,1,66.66289197530385
1173,44.94375121278893,9,35,.5021656886011273,.7230557318654254,1,72.16870921765347
1174,46.17026391707014,13,59,.6442681290155684,.5477153668989245,1,73.4757103342927
1175,28.46524254288103,15,50,.4192903238202135,.5613505257506269,0,70.98483514336125
1176,37.86642593245588,15,77,.3097278453509615,.2388322916741527,0,73.55332138502
1177,47.60175676716191,14,120,.6912878306934443,.9439265813087371,1,79.7892878296676
1178,34.35376931060476,13,156,.5096308629887699,.5064570251361893,1,76.02491513495841
1179,37.5073712403974,10,128,.3022323263592949,.4851370944758622,1,68.49418947300978
1180,29.6838894449484,20,62,.3761666046710977,.1366498959539046,0,79.59445007623746
1181,32.65813368237647,8,96,.4284844596864544,.3894323930167856,0,74.33741216711749
1182,35.87828758084051,9,41,.3421968307561409,.2938131742230556,0,71.46104871234132
1183,39.61416088730228,10,135,.4569338202523096,.3432892221557406,1,70.10842668392384
1184,44.66086720556748,8,123,.2868341225512057,.4099637691682675,1,71.64147065392586
1185,37.55682271915803,16,172,.4657397971067833,.5904711680388063,1,73.860638560578
1186,47.41664613252922,11,85,.4906289037499977,.4567070223171724,1,69.22692592286873
1187,39.01824609918214,13,45,.5478134851498969,.600079145917818,0,76.46980895334995
1188,38.18697797632331,17,266,.5454899576164701,.4384702917500831,1,68.46886234523426
1189,42.54326892771142,13,55,.4403627079674019,.3859108439425091,0,71.13860089041312
1190,39.82772569936738,12,187,.4392443887051123,.3365066735778948,0,77.45226798515073
1191,45.99229849864038,14,153,.6590804909795331,.4684915252693696,0,66.71213287041481
1192,38.06615058089931,14,71,.6884579547011622,.7362552920502441,1,69.39464595886402
1193,43.80910710799584,13,78,.6011059692930703,.8780517703112682,1,66.86411948999704
1194,44.02786123488682,12,530,.5132697303231029,.5747422249506262,0,74.30125082627656
1195,35.37834630093379,12,132,.4900913611444907,.3833244494313829,0,75.16377660318562
1196,43.68237083186055,8,93,.3798333742438046,.4034296329730369,0,68.61217559991704
1197,47.99698926971554,10,100,.2817373786743524,.2448942080467003,0,73.91775793705126
1198,40.33540439874847,14,26,.7048788438094193,.9118933624622008,1,70.02112141479124
1199,44.12089923242456,13,65,.7812852832207997,.6315544682139334,0,81.66575998367088
1200,44.28064180665313,13,60,.5130455749196324,.4179156238553686,0,72.33470422545683
1201,32.88425066894214,13,66,.5238234006935605,.5640581510087841,1,75.34501645080968
1202,41.53145431154206,10,199,.5367317128410298,.7197373187299827,1,70.9403409950136
1203,31.61445805901602,10,190,.2886310805099278,.2063383195666771,0,73.07401209094884
1204,38.2119931849406,12,304,.3363055595651501,.4019907609667743,0,76.69082522749959
1205,29.79247813562271,12,65,.5052570212973659,.4992076954318779,1,65.4854241232464
1206,45.22824410260576,7,121,.4409516473520213,.5213413980607224,1,69.50951586225071
1207,49.17786867305096,10,31,.4073522122107522,.260976573135382,0,75.16858698925563
1208,41.79582229460873,13,132,.4476398001972947,.4827317686313781,1,75.20067013060746
1209,36.11018265287828,15,62,.4715827821090895,.3070237039919889,1,69.82571987147355
1210,42.7206212883701,12,69,.4966160243501625,.3755298377786061,1,70.87735897903094
1211,42.09361952522174,14,74,.3224524512716341,.359353184685041,1,72.0095199824803
1212,38.28517615185219,13,63,.5279001345085483,.8026199983240407,1,73.17113540376803
1213,41.37373699369607,12,152,.6077568235942848,.6832823328591474,0,78.89743657600674
1214,44.13623506392137,12,68,.2521525235674604,.2744172388818599,0,82.70938941182744
1215,36.07067499192913,12,71,.4003966796796452,.3573907735895873,1,66.582962241367
1216,45.78724019359784,12,36,.3794404724968435,.1561999194450213,0,67.43793502092714
1217,41.75009777640086,9,367,.574919615041332,.654121754241864,0,79.15103724884368
1218,36.59772529847088,12,166,.3638130196381989,.2689057857903285,0,70.6359875453404
1219,49.4023089292107,13,84,.3259026207192263,.6766639698739224,1,67.09802471789634
1220,41.9961091758755,8,180,.4223396495188417,.5103605318785902,0,75.16892645961259
1221,31.05308906287502,11,65,.5450544387031152,.2352575652009355,0,73.15373101870087
1222,36.37406084488809,9,203,.3389478630224043,.3969142595140498,0,74.18470110248529
1223,45.94850097560976,10,138,.534760307678165,.6523247384050004,1,68.35264531748564
1224,43.43585451252714,15,72,.2170724705910394,.1123277520704693,0,75.52177617177279
1225,42.46343966421404,12,61,.3960860537832556,.424491627080225,0,75.76102065065784
1226,35.54931358581002,13,100,.4467526345900585,.5793715836778611,1,73.04649644856755
1227,44.94008131109163,11,175,.4073528157665342,.2395933478040753,0,75.51927754245985
1228,27.75768276196617,13,27,.415182123029743,.2209817954063586,0,71.39076992506575
1229,33.95201920245977,14,41,.4888350185936716,.3660428568945104,1,67.84291621335902
1230,35.67324283831121,7,45,.2531137277762303,.3196087783187298,0,67.2320235432512
1231,46.33522385804374,9,48,.5760973673515044,.5255657420453411,1,71.84379196533934
1232,42.28230977147331,7,170,.4339604630100342,.2244337094207639,0,76.94090482750715
1233,43.71263219518686,10,101,.3372355645435742,.5942245348069908,0,78.88402672184884
1234,35.01104271511788,14,52,.2807935557574334,.3277403345109952,0,72.02293238705785
1235,47.14811708742867,15,115,.4947050478778158,.4783293261568078,1,72.4188886130686
1236,35.66604429963328,11,64,.3792089828213631,.2280357673149588,0,75.39857300324122
1237,48.62158492766264,10,44,.2417352432440652,.2392119324401682,0,65.23558602338504
1238,45.37315936964418,17,121,.5232267112116408,.5344687871426954,0,79.20799851058537
1239,36.40231203275889,10,36,.394342830985843,.2646905367778659,0,76.91301426724823
1240,45.70925429122192,11,28,.1249404987090114,.2700130740669887,0,72.64722513594734
1241,39.68857467774843,14,154,.2892708210146675,.1276618916944592,0,73.69074519989363
1242,35.3203977434723,13,188,.4468468924653051,.5285937338295325,1,68.46620930899974
1243,31.72476155813828,13,49,.3259308192331001,.1208967217211006,1,71.53946692978629
1244,46.66914518368816,9,45,.3558425166111379,.0989896453670092,0,72.79448994271277
1245,38.58726352904502,15,107,.5001570036308836,.6325808701427695,1,70.18717983266245
1246,33.38637335153714,11,67,.4103354661957787,.5644549053474885,1,65.33908788201759
1247,32.37323066418467,15,100,.2509172198122064,.2447777997094974,1,71.03139230629608
1248,35.59848499487723,13,193,.4501559582546432,.3761252521204467,0,72.62113885755453
1249,30.40282972605125,11,42,.3553010408011529,.3298991831095597,0,78.0416374826261
1250,41.23680528052683,11,38,.3763276178932785,.4389737505677522,0,75.61807511306039
1251,42.33964976043173,12,50,.4947122339778229,.2798445953550791,0,77.67000084597301
1252,36.56019886992159,10,124,.4140561208097829,.5372478359827204,1,73.94650868899052
1253,41.32543066517127,10,73,.133233555485449,.326449913077602,1,71.87434033202371
1254,32.64529092546087,11,49,.5818739136315599,.6250794200586776,1,65.13532405100291
1255,37.53516407160271,10,36,.4639153194725884,.4229653242909517,0,77.91000480979933
1256,41.85485626284154,13,166,.4940654430708005,.354026136004414,0,74.01736267294933
1257,40.83282804170106,13,148,.2858062353763108,.2081270444513444,0,78.68511866727172
1258,44.75787231815748,14,162,.3852947581756854,.5196701786748618,0,75.72725435998044
1259,31.97417247781535,14,170,.4191909737755361,.5449690997845418,0,72.31802155009996
1260,36.80986448263458,11,83,.4911673704648971,.5500419212700132,0,68.45920329333035
1261,47.79420983941445,9,96,.2337386412449345,.1534406854695964,0,75.03653366349555
1262,42.94648653447472,17,123,.6043036490796695,.3931105691312559,0,71.52954473447495
1263,35.13815542975075,11,79,.4143563563124713,.2403607345631912,1,73.7381289475744
1264,28.24417131623145,11,196,.545136087291006,.4830888070789772,1,76.06546773338007
1265,39.8949571877794,12,94,.4947969882116432,.6360580349889291,1,69.7300697887863
1266,45.4117758285441,15,210,.4768250217132011,.3269465292101149,0,79.23550421031314
1267,35.13641642022264,15,175,.4339471730177326,.3000198358979125,0,78.19178925576159
1268,37.35301348469978,14,53,.2873365466399826,.3782663933276385,1,72.20858246009716
1269,45.63217130177622,7,24,.5864601566496191,.4090727006100499,0,68.15168648789394
1270,32.39901563955956,10,191,.3161768945803379,.0817981449070426,0,75.83435606401632
1271,47.78668502395758,10,41,.662706744011041,.492038880215623,1,70.42883214849579
1272,42.98771563491605,19,120,.4746388022524625,.440642087086428,0,76.54303388852965
1273,39.46529454907103,11,87,.233917800400895,.0509329135479185,0,74.41542211877902
1274,43.16755878268729,13,174,.4502351190521178,.3185246275966764,1,69.50044193657493
1275,40.33442471255982,10,52,.5051631548508838,.4846023119682568,0,72.49352505577895
1276,26.25934588017386,12,87,.2452595844493969,.1816558972642929,0,77.4810732965482
1277,36.58819401199869,11,241,.5084884565622766,.3692896660355017,1,68.59634871402332
1278,38.78152309424133,10,73,.3959367213529187,.393368391247833,0,71.88895891482733
1279,39.2812168376616,13,75,.4104715567192405,.6331769772570437,0,73.70471187872458
1280,38.09909284100376,12,88,.4887977241939073,.2886547998830775,1,74.13874181084985
1281,35.27462056923253,15,139,.372386789432451,.6173152569729374,0,74.80716480454036
1282,42.68186599106353,10,164,.3836538585032717,.3049639211409444,1,67.77386163203361
1283,40.27691777285642,13,25,.3968613023581942,.2182120781431084,1,72.77653901894327
1284,41.47686261218705,12,71,.4922005722629521,.5251968942542687,0,74.82377296490188
1285,33.19409776799655,16,98,.3247331704286981,.3573933982438466,0,75.4401758434805
1286,50.66491468770454,10,75,.4419397305836417,.4426173688829522,1,74.57994455287614
1287,42.09103570371703,16,66,.5435368135474222,.7773093214368747,1,70.11234907748371
1288,36.57150077486854,12,375,.3727115089731011,.2985111125264974,1,64.86243993575619
1289,39.97478344885555,10,121,.4966499802933168,.5364345217954907,0,74.95870346448881
1290,53.77133598505365,14,265,.4395720926589202,.3385955088533023,0,78.42978324125819
1291,35.5020493557025,10,71,.5295449162367918,.5780023602897075,1,64.8900828361583
1292,47.98809055696562,14,41,.3486022693157144,.5028810434099263,0,74.88311140251759
1293,37.75026706097465,13,104,.6658953506774387,.5868151983565255,1,74.37804693521933
1294,46.29617742807314,15,72,.6521031329736116,.7870649062965438,1,71.54467085345959
1295,38.15036603573958,11,236,.4082490392835497,.4090238959418597,0,77.52792237294166
1296,30.67494778077657,15,100,.5404144067358865,.2540997170035643,1,73.12910588231757
1297,47.07864209664926,8,63,.6798267994723084,.7264341575652361,0,74.13981520230175
1298,33.93951870508275,7,60,.5807726592973064,.4315690046011522,0,73.33204830225223
1299,40.89691588798497,11,48,.5257995032721996,.4382454841256851,0,74.02873132133504
1300,46.95297747236943,15,78,.398104843665288,.4036723036698625,1,72.019378638004
1301,45.05293359218261,8,155,.3994358016344145,.2318499147167993,1,61.3886802408716
1302,42.68727512479317,14,48,.3957490855233527,.2798751391603389,0,77.18436470138553
1303,49.78407714018888,14,270,.6336575571864773,.781196310171565,0,73.40698905021135
1304,45.90531071409157,13,23,.5306822244545302,.5297591461021738,1,70.63227493321844
1305,33.86451142420417,15,127,.3421817139587887,.3047299216734818,0,76.32229457359492
1306,39.22549209353742,10,164,.4870109332102066,.4641690961125871,0,76.6674821161012
1307,38.94193437475842,13,82,.3797304642867597,.2541553238432975,0,78.18613106327192
1308,31.41329356185687,14,60,.461725430027182,.4487391853554111,1,62.99096250585954
1309,52.18171003869156,13,76,.2899280889196726,.1612406605846146,0,72.91391530715443
1310,52.25712317334391,10,182,.6068451503601312,.6371514541122475,1,67.22720788679665
1311,37.06448714708767,10,74,.3678978739641138,.4429889991230075,1,73.43040930474812
1312,46.87279753127784,14,82,.2900727910965145,.3587033029046632,0,70.90301401793985
1313,47.71483769649608,9,66,.7882874030020385,.8321520696356438,0,73.02521573619954
1314,51.07010482140165,16,28,.5435010205430174,.5388637701338387,1,70.23722183169083
1315,42.74473524993041,14,210,.3239389386911636,.2273685433710967,0,74.0464977151326
1316,36.60911463760126,12,42,.452736781991714,.6056928666369952,0,69.88378730204467
1317,31.73298048337526,12,50,.3866423124765528,.424212063385226,0,76.81516979104615
1318,36.18074447707432,9,66,.3917730044777762,.4378575470350212,0,66.18636040510546
1319,36.23725417632448,16,130,.7008683717536169,.702335501626759,1,73.3786999243615
1320,41.24066658306571,13,174,.1771722233179897,.2560091726826408,1,70.95164405863223
1321,30.35271099544705,12,106,.3773457414287451,.1169723301205397,0,75.26570446609848
1322,35.08488088313122,11,282,.3800620538078356,.546847089841825,0,73.15032482310399
1323,42.48029820315524,13,196,.3614772568809123,.2355837975899789,0,75.02344491459024
1324,43.70734214914,11,84,.5886768029965238,.5536904134506869,0,72.18411194859505
1325,31.54826924468945,14,147,.3056467333316617,.3916134390913958,1,76.88061403415337
1326,36.70078455313779,16,238,.412021945552301,.6707168360523428,0,81.42829966134801
1327,43.10123529471343,11,275,.5148327193396052,.5444963704765486,0,72.38588868782401
1328,53.11067197914993,14,135,.5328111706556082,.4626843202266635,0,75.26355364124881
1329,44.88905154185426,12,60,.4245533716197589,.4806181546583402,0,73.34015082026667
1330,40.30325556402523,14,162,.2368574154203766,.3066204828177901,0,73.72959077345895
1331,28.86537091249927,12,65,.5381386072781502,.3067478041572984,0,71.31864772692016
1332,40.6034585197677,13,100,.6662658158437019,.5320471159254397,1,67.38225129887263
1333,40.52505938386567,12,131,.5108805244900014,.5461816840915871,1,70.21398551062727
1334,40.46201007338639,11,88,.3833476461251189,.4628156720258129,0,73.2568702858905
1335,46.62908336736989,13,157,.1453062948099737,.3435190425564458,1,68.26196865491632
1336,47.13115874911525,13,164,.3123551550782935,.2325829764895479,0,70.21618071906019
1337,45.17461924697794,11,179,.2171412136780024,.02,0,76.86431220587068
1338,34.71281663428498,15,106,.4303942307778414,.2327990113697755,0,73.28414734254801
1339,35.09389555705628,13,214,.2755039772253525,.2667458242774618,1,61.75294450040975
1340,47.8331097564656,13,76,.5708682290646887,.4293540196417028,0,76.81619731500076
1341,38.23222590111484,11,257,.3148647491007773,.3088452265635218,0,77.87030012484968
1342,33.31398457338889,12,74,.2629128619069612,.252432279168052,0,71.21670315455785
1343,42.79362433194375,11,142,.3784270377068625,.5760659214440917,1,71.8922437537598
1344,54.89226409430795,12,61,.5128776247074995,.6807285175702613,1,67.90636734022426
1345,37.29860381573428,8,130,.4055161784430855,.02,0,71.96293206891413
1346,45.84517541303447,11,54,.4921586741407057,.5830193492689312,1,69.81648763972566
1347,48.39783811464194,15,53,.3910509329563975,.433094776457792,0,76.55469585652763
1348,35.24189431029589,15,212,.6520168148606538,.6848891132317406,1,68.82190822982028
1349,33.1763641709444,11,89,.6533017268448269,.439999300615127,0,68.84904828864447
1350,38.07397948183322,10,96,.5426687661128505,.4876074823104987,0,68.41469747374647
1351,35.27431102393395,14,139,.4432203771786069,.4727507745432122,1,67.31130399001705
1352,47.41647139985852,11,98,.3968391302268068,.4144723112203331,0,79.26457190310984
1353,40.38612663609421,11,228,.3576204813236729,.4198085142688616,1,74.10009803853556
1354,53.48521894267927,17,110,.4941046262464006,.452298386684703,0,71.89280165952033
1355,36.57469911293508,12,43,.2846453907315047,.3654865644649317,0,76.54959127301349
1356,28.07128776802407,11,34,.4449325316106952,.5234745873723181,1,67.0197602336965
1357,41.42270031063668,13,22,.309528229361986,.1736707633007777,1,69.63767407490472
1358,33.94905712198744,11,114,.4184778295405314,.6819153007659892,1,73.27159363095367
1359,33.03580286682274,9,139,.5311723773859568,.4524991371491551,1,67.56312104458594
1360,43.93980632646603,16,171,.6102156545041779,.3350103386534721,0,80.80383503889706
1361,41.34500343600521,9,53,.5306837657577773,.3560959515944353,1,73.12220742829579
1362,44.51737245515113,12,56,.4218996375961839,.5292024626145114,1,72.04041953249013
1363,37.98917619116035,14,113,.4738921033864987,.3485861561090018,1,65.1296303502295
1364,29.45810129977113,16,247,.508122839286714,.4654754659436365,0,78.71714091777426
1365,37.04448399902932,14,48,.4598926621835223,.4015421093279362,0,72.3718051120601
1366,43.10562714919642,11,47,.4582203026189962,.5011391267225201,1,69.06672858423568
1367,35.15016187339113,13,475,.358460362631714,.4344050622367912,0,73.93673903519668
1368,37.11706507251753,12,79,.3924612912570813,.4161320263254299,0,76.12255545162984
1369,34.86623856599255,14,182,.2713048215055121,.2430358735735859,1,75.08690371686322
1370,37.09482933395468,14,88,.4542248749866752,.4911023007393392,0,70.69469731300018
1371,33.51062521399871,14,47,.2323898835531675,.0749602529634544,0,76.3411045736426
1372,42.26344711147002,11,58,.6102772434993045,.5872578681442931,0,75.0219679096019
1373,38.76319358545882,12,97,.3921612570149959,.5346844780033766,1,71.95881336346942
1374,43.22522692807755,13,44,.5676600978488543,.5033483417922702,0,84.17970758550572
1375,36.36394528945493,10,141,.5295913837779305,.5709684125646022,0,66.36689633199884
1376,39.1954489768812,15,43,.3098917755939206,.0314991381160864,0,72.37478959479773
1377,42.89866176748227,10,45,.3126346812699174,.298853861008895,1,70.91423869397529
1378,46.63487778654526,13,41,.4367706863644824,.5317529571176816,1,69.75063951158303
1379,24.16726567056512,12,48,.466107898704117,.6508176349278229,0,81.64730004097109
1380,37.55984581598908,13,181,.4632246003612396,.5191365138965134,1,68.5380050823487
1381,44.16914991149729,14,82,.3808803291662105,.2714796448782005,1,69.84548956308511
1382,43.20718256718061,11,72,.5215726586816674,.5492434901717426,1,73.17960328757022
1383,46.3623633725159,11,107,.3932969718985783,.3259677401095973,0,75.97889095030399
1384,46.38313592878774,12,90,.4202488609681156,.6211708167778239,0,78.35734201533015
1385,35.63943812011824,17,62,.5193709080194857,.7512487320930841,0,77.67479267810529
1386,42.23735592650758,14,491,.6760321738494035,.7207006288095092,1,69.87054832715407
1387,46.70515089068717,15,85,.4504772491729517,.3043635065444483,1,72.71850296896991
1388,33.78903210612304,16,43,.4608802391242152,.347727684638765,1,70.53137524591052
1389,39.16973967247286,14,25,.4424439046189887,.4340292122928004,0,70.64642040833969
1390,38.41125284610021,10,138,.3887866075742294,.2894635090781125,1,73.41664860623507
1391,22.38599074482866,10,78,.5528222121456257,.6147174960167048,1,69.6081742403567
1392,45.45393427653519,12,137,.4295782523263472,.2834521124946614,1,70.56958809388286
1393,44.53635210598094,12,47,.4530326429961427,.3853386383079827,0,80.40489238364346
1394,35.08287885449246,11,24,.3346684242252826,.5783339713238831,0,75.85684410974908
1395,39.40028522488807,14,84,.4430906321255634,.2834807398441999,1,67.78931262578689
1396,42.26335882537548,10,43,.5004163396438314,.4691819238408962,0,77.86717835772761
1397,44.48926935010222,13,64,.3615947362810916,.2291686871372448,0,73.61051950997459
1398,54.24348544239948,8,101,.6356761725314515,.6761830685046341,1,72.52092363034795
1399,32.68895862639251,12,137,.5302058659009818,.4009755903633607,1,73.25950025534722
1400,33.99040714167447,8,178,.5402878298982365,.562228461809452,0,74.20934469262465
1401,42.89406824192939,10,196,.4620161056790524,.6761797034108451,1,70.1372734463358
1402,33.07767174500587,13,80,.4620282945061354,.6027440517456041,0,77.14874144436229
1403,40.29714277287476,11,114,.4771548118421873,.5106869072558871,1,66.30258058801714
1404,52.62075047944446,12,138,.5098204107320371,.5332216532743269,0,77.67521655047271
1405,28.74505751102016,10,47,.4779352802085103,.6031840094844394,1,74.6075277910317
1406,41.58092540564452,12,108,.5036783816688619,.5623016457546745,1,72.50670505855565
1407,41.07502968693782,10,114,.2271495857160942,.2603961677816658,1,61.54607073828645
1408,28.53008352042553,9,160,.3343220354194851,.0570236776695383,0,65.37770982776446
1409,29.83308463502767,15,111,.5287771861254196,.3483216338986991,0,69.34386969394387
1410,44.5253227603299,11,21,.5098459430920873,.5334434962510077,1,75.27237759080302
1411,41.5418205571187,11,47,.4035867900912044,.341698593698778,0,76.82016945970926
1412,34.07885632241805,15,42,.4374970683701541,.2146676245691309,0,79.12267350925907
1413,35.54837002906491,15,65,.5307719996460287,.6328199803476597,0,76.8499988144232
1414,42.8912061495737,6,113,.4643443189244739,.4894057118821681,1,69.22790874294645
1415,36.94324949672085,14,161,.609653951586258,.5685528306623546,1,68.67314580891129
1416,45.02949204086198,10,79,.5101444815116981,.7623118307033258,1,73.9510375296007
1417,38.93365304985695,16,121,.5018921416357732,.4400968353125023,0,77.99021171225344
1418,33.66288614101501,8,74,.3296139745175041,.3204310865391141,1,67.31298464258296
1419,37.26382393806123,14,60,.5269445934121921,.3353166658954929,0,76.08551669072075
1420,41.77610686503547,9,182,.3653692686512797,.5414342717127975,1,65.86084990503196
1421,40.97639381760855,12,72,.5610305393652809,.5138893135537282,0,74.84794786124758
1422,37.69200239445599,11,95,.6158433701682875,.6032174779976619,0,74.53739240398708
1423,39.20811546301797,8,59,.8333269923565203,.98,1,73.63327600768419
1424,43.9037554863873,12,210,.5552168299310598,.6452349548644172,0,79.55111538411066
1425,38.5300260671898,8,195,.6079847835562882,.6736650348182647,1,69.7398397521826
1426,43.3357480501704,13,157,.5611831249577746,.3617227593811482,0,79.21031023063473
1427,45.37235626941178,16,60,.3519841698563831,.4535212226219638,0,77.33484432841335
1428,41.7500538974413,7,118,.4343751397128271,.581323150043447,1,74.64400698531466
1429,47.37097476230061,9,126,.2996865471882009,.4690807280027302,1,71.57756912471608
1430,26.02821169604232,10,74,.5469567836995345,.4985297783658499,1,67.7409795959899
1431,38.20906584127371,12,326,.5538666341309392,.719849545629662,0,70.09200945615977
1432,44.56112084459329,9,97,.599542097627104,.7318903454804713,0,76.47619885103057
1433,46.50890815198794,16,106,.4697892098687603,.2341129107883985,0,78.59760427392705
1434,51.01090782783658,9,31,.7474041742263907,.6818123420987259,0,81.51477852245098
1435,38.79612297946465,13,135,.354140691387873,.3921521435481242,0,71.40095318530268
1436,45.12068115495588,9,92,.3035841297548931,.3000911100415,0,75.34427717308529
1437,38.09179825160687,9,91,.2967198647379315,.045382157562024,0,81.30728109984335
1438,44.82510921422912,8,118,.5001197784665694,.5659541805861164,0,76.8698338239319
1439,44.44240899735527,14,219,.5153679870516755,.3513429979226206,0,70.05146155798062
1440,38.79650694239602,10,97,.4214753929258237,.4186556979606672,1,65.91775091692224
1441,44.623814449741,11,104,.3500351639300235,.3517899496862432,0,77.44723930813363
1442,41.45888627737795,14,27,.5031230357222427,.3114793127053762,0,70.81477451522711
1443,26.81638572882237,16,49,.424905917544675,.5997901021442438,0,72.6958201032094
1444,39.72095850272525,16,213,.5051264050484553,.3439882315763115,1,70.99855399051889
1445,44.16629130443106,11,81,.476985745020874,.6267910645609852,1,68.71925567254029
1446,39.0214821289054,11,26,.4828059029146563,.2901272734211604,0,74.57158160723301
1447,38.40656810128912,13,230,.307569265710928,.2895947288580301,1,71.13874447627521
1448,35.28183223276208,12,49,.3777223233291364,.1049475562530665,0,77.74209718391465
1449,40.59333472218973,15,53,.4768038782968204,.3876595159354686,1,69.9569225379956
1450,48.01456109277526,7,133,.5048883964105985,.7123810161086744,1,69.35878402112937
1451,39.62045544616462,10,132,.4336784152338857,.5849493530176082,1,70.61172319808702
1452,41.03764529158835,12,98,.2570141017340696,.2609681348083778,0,72.62833100339439
1453,40.13897638757314,10,55,.2358825191480856,.0391573187422458,0,76.1988166046787
1454,43.13983550722094,10,86,.6464722366371221,.7705059859838352,1,75.68359449445168
1455,51.74607823832634,15,87,.448538534895473,.4439360425213838,0,78.26066155924141
1456,37.78839039967973,10,165,.5805999597798205,.5341093208759147,0,72.67776599384653
1457,42.17130532695796,9,17,.3024944127017171,.3730618341671982,1,67.51551287635745
1458,40.0165293407942,9,45,.5335715128158161,.5293843016245484,0,71.55662070975218
1459,55.99548293689701,7,107,.3337552884630015,.2930203098825688,0,69.28296569364036
1460,38.71408115378057,7,133,.4890057002024267,.4963312861255375,0,82.31455536001822
1461,33.64859408296374,13,35,.3768143779413705,.1947260450561752,0,69.9105880890004
1462,42.35044975671454,7,150,.4649206737011493,.5750929236620765,0,71.33843878830619
1463,35.67470584676782,10,104,.5045920299014957,.4902845136048672,0,69.90781427775282
1464,29.31431037530969,12,41,.5595247691710209,.937883815961193,1,63.54685284769041
1465,44.88753205689211,7,86,.3752979437334995,.4007346663149131,1,64.98301414070261
1466,45.86643976754596,13,223,.393139535544423,.6002735414653205,0,81.35236506304247
1467,48.90736557393237,11,57,.4794382443791378,.5596577833537589,0,74.08126249144408
1468,41.76244736861534,15,67,.4865487284702407,.2901442149769359,1,74.96046216272333
1469,42.87042073628816,12,74,.6076294952265509,.6069330508311497,0,76.99234636826888
1470,41.32371915200269,11,95,.4646176236563301,.6674680191306451,1,72.13585235107865
1471,37.84807615624295,11,102,.5304249512233064,.3795150707527531,1,71.23066704820717
1472,35.17071401605079,13,13,.6342182738360375,.7241851531919619,1,73.52553699929796
1473,43.67779469732379,13,91,.3300922851406399,.2651431079515976,0,68.66352541409464
1474,49.08976885951163,13,45,.415302672670094,.6344721121215,0,74.09096279719567
1475,45.36637669486564,13,448,.1661605570040693,.2204358138293878,0,80.57823136168031
1476,33.58172464888064,14,82,.2512127930990239,.3045609289648482,0,73.64295266388267
1477,35.98565011284248,11,62,.5177109367476113,.7609253951650512,0,78.32086917926608
1478,43.50855708814272,9,51,.564785578806746,.4870794030631175,1,67.10570657956914
1479,49.94974878970575,12,259,.4778890844256518,.421801826418974,1,71.05634411442217
1480,33.51308855986621,17,122,.5150433181501509,.7309037413807267,0,70.58800375034684
1481,37.59772088064373,8,50,.6764038192834413,.8189134261144609,1,72.02660971342608
1482,37.674307700353,15,51,.4483926156607504,.2108376752935999,0,71.7919047166522
1483,32.79885413261857,11,109,.4695664032097618,.5875346597334563,1,68.29537257230741
1484,41.2135183792789,16,90,.3248546256749317,.2597982079623112,1,68.31802613644676
1485,38.77000753101123,15,124,.5343475746897695,.5525787599023849,1,71.89626609946578
1486,38.61908415110305,6,454,.4960954971030659,.6530096997100873,0,74.82452959212387
1487,44.33987500401798,12,74,.4157624017770022,.3431805897718634,1,68.37431176766074
1488,46.17424790517845,17,60,.4516729758488587,.4556779879136091,1,71.03342254353383
1489,44.51383969549633,10,75,.4645813954405047,.5778988622041457,0,74.08933103874858
1490,38.611420781421,10,113,.3946191092686777,.4142632071442775,0,71.4263908087898
1491,40.47531925399704,10,107,.4583591466290688,.4615544471637016,0,73.79895067122453
1492,42.26692409549487,12,82,.5074011748339122,.623087608142642,1,68.74264731988544
1493,33.76087665172337,11,49,.5478609827635,.5406374525875601,0,72.37565270553455
1494,39.43463566655923,15,43,.2816651832289414,.3143549177114191,1,72.74833408768075
1495,36.27954290455123,14,81,.5063490718709061,.499441574833913,1,69.70551080606357
1496,27.03739257766158,12,139,.3978816059614887,.2077587510602187,0,77.29230482428424
1497,30.16065206217756,17,100,.5875199938760831,.4613586166054573,1,75.32088710018074
1498,39.66667713472833,14,294,.4575145739326161,.5324319028090982,1,77.70675430292404
1499,28.54674848695146,12,165,.5347763867418037,.547969088547277,0,70.14638926822565
1500,44.91251055905015,14,107,.3591117577872316,.42630164148287,0,72.72654363520358
1501,44.76637907541434,12,79,.596122605079459,.6714872836353021,1,68.40071570718887
1502,40.14476596889821,10,211,.2819585066171159,.32672068611118,0,74.8998737001305
1503,43.85304274282727,10,152,.5187793925307733,.4200946385476694,0,81.49948694836962
1504,32.7090189927733,12,223,.6738917765599883,.6274026247421526,0,79.74062709569817
1505,35.26805559939862,10,34,.156477701568232,.0887270309113484,0,67.13536492612187
1506,36.13238835546889,15,72,.3658115020757016,.6260449594509697,0,77.55645335797826
1507,38.64202932590645,11,92,.3419847870333479,.1644790953605917,0,70.57261898428666
1508,34.25147803838224,14,348,.6072584139315441,.5545836078643624,0,76.030802490844
1509,42.57145430050381,12,72,.5535491280679468,.5914966549790662,0,71.26399489200088
1510,42.20897363231528,15,31,.6397409282631913,.5965053179270441,0,74.37633211954508
1511,44.86718987086984,16,152,.2324740040779163,.3105633803652966,0,77.26619175622606
1512,48.36182106413351,15,143,.5362231750146426,.277674682647813,0,74.50519909677314
1513,32.01465302945856,15,134,.4912339213407786,.7233479865450805,0,78.56870143901233
1514,40.28569922661917,9,88,.459305025469896,.5332489018284339,1,67.67306663814686
1515,47.83933819019305,16,208,.3256187929126116,.1432124981613686,0,67.59173927169608
1516,40.62840834208835,10,124,.5440830084907377,.6927707624223995,1,74.01070691472869
1517,39.56398850884511,10,133,.4010707475281141,.5138333235596917,0,73.88608044051846
1518,46.14045052073311,15,137,.4276848697929834,.5736390075948404,1,73.01826439063694
1519,39.21695677824743,18,57,.3961809079666759,.4431005259524369,0,77.59100328201123
1520,34.28273680449156,10,72,.4091076662134397,.596205058685001,1,69.35945803835266
1521,44.42639406064801,13,57,.4888473610095829,.4339181462298732,1,70.36581843064793
1522,49.26440603082973,12,163,.3386596295993612,.3375836506571688,0,73.92589860359911
1523,35.99842219372608,16,80,.3609869891777074,.5247538085791028,1,65.45435122338853
1524,36.39543624448554,11,63,.4582218810913727,.5639835780568012,1,68.26079910620587
1525,40.31911083423969,10,131,.3269725759350887,.4021209534568518,0,71.33350051824227
1526,46.35750432026898,14,69,.5194374961470508,.6316664813679598,0,76.82824015260877
1527,44.22215779635429,12,100,.5082529282374555,.4877247981494917,1,75.67213097726913
1528,37.2666776092626,11,127,.243380875773892,.3420884654941556,1,65.27282351011772
1529,36.20645175110952,13,136,.4332439386121566,.3312257340636957,0,76.52254993937962
1530,40.96712092527559,14,96,.5073703138285401,.3341469021417164,0,77.96952322837346
1531,36.11153136131817,14,58,.5025565507451443,.4076870447216342,0,76.70559561893998
1532,41.59786345788095,15,127,.3363003341215638,.2349585505178075,1,74.79658205377126
1533,43.06602745844563,10,361,.4228644131985499,.2842263485891496,1,74.38336326284616
1534,42.49874772391522,10,89,.4108940682817027,.5751992883073335,1,71.13353914164242
1535,30.58698322233036,11,53,.6033813644001748,.7167104847754032,1,67.55534529612788
1536,45.02586860716065,14,29,.5875463475854663,.7194035872023784,0,73.39829070271779
1537,42.29606905732145,10,132,.2938724045860668,.4210484834836831,1,74.02276846749284
1538,53.0763472308799,11,129,.4053726426545184,.2930889006895392,0,75.22551970087096
1539,44.38324736857927,12,138,.4511431279785554,.1941151507145128,1,71.0713528095675
1540,29.98828899310173,15,158,.5743703844383911,.6833195955504832,1,68.81325522194835
1541,40.03805993655271,12,50,.5567899774798304,.3956271772723114,0,76.33401435810673
1542,40.99760305867912,14,195,.4376139789979192,.6007542018511268,0,73.20967940941627
1543,40.75122495115242,11,97,.4993817148931372,.5885112481108433,1,73.15247428535663
1544,38.53535341230327,8,390,.4200359055132737,.3575646450910477,0,70.97437722235813
1545,49.94377386755863,14,120,.3012991116770385,.1944938124011853,0,73.81165217658007
1546,52.50850712045542,11,95,.3535876461482671,.3119982374323015,1,68.90176407360157
1547,41.00650220402797,14,348,.3947638596871152,.5719507496264115,1,71.09491619867052
1548,52.31384993612306,15,75,.2883736189064596,.4658480679546956,0,76.76665378728484
1549,36.96243295911766,13,87,.4130165252962571,.3607088432691046,0,70.49523787783744
1550,36.98006368092022,12,189,.5060961329075029,.6203374359895991,1,70.75547828947123
1551,34.27448800074853,15,36,.5489847296332563,.4803864212405388,1,73.00128842623823
1552,49.45551962296472,13,149,.3206086054698837,.1117903151659958,0,79.57336230072013
1553,44.14319494491306,7,36,.4852235531462358,.645953201310142,1,76.64865191427833
1554,42.34295464648407,10,36,.3576265790258648,.3878249706344962,0,77.84804467556044
1555,37.11780982750579,15,38,.2097087818126932,.0553152362083879,1,71.20739586198668
1556,45.66716912540524,14,22,.6190238410719477,.5334896113585497,1,66.23085551345898
1557,34.67141821975678,14,97,.4475783780672069,.5352921056490708,1,74.42282112559154
1558,39.15404996737355,15,113,.4780264555897741,.3632412423130404,0,83.31421100699401
1559,44.66180208877234,14,164,.287768292090262,.0915024645332472,0,73.54034741542149
1560,36.83307540917324,12,93,.4206861418272063,.5610369248768886,0,79.14929494626841
1561,49.27834908886636,9,64,.5188097214739389,.5427200129298316,0,75.53561660667312
1562,36.7136754204095,14,21,.4593845962304688,.523487439234582,0,74.1358940717475
1563,38.89754310277744,14,100,.393029791305292,.2706577559472041,0,65.82085493123999
1564,47.18054571687917,13,23,.4892411148481526,.4229217445087735,1,77.13790099762828
1565,40.42793280851239,8,64,.1239017347656385,.2427069402438669,0,75.27902075724826
1566,41.26614934233567,14,48,.4052081593279404,.2786996001400823,0,72.61853414022229
1567,45.61402611677777,15,178,.5574888718312567,.7148400657389267,1,71.48342254669865
1568,38.63056258592102,9,46,.5725053566469877,.4973601411106853,1,65.27529683725921
1569,35.98385099021951,12,35,.4452972800010311,.4583422088877565,1,80.88026800128054
1570,32.80839466369287,11,30,.4718682733153636,.681970428635384,0,72.87087028022752
1571,40.80797827402512,13,68,.6094221353637951,.535033223509699,1,66.61203013104679
1572,42.80211074273901,14,125,.5674557616003452,.4780033566353506,0,72.82838484145888
1573,47.49896430235393,12,75,.5872811381264502,.6577263656558939,0,79.48604647867704
1574,45.47282496565369,12,121,.4560848797333772,.2476601463846407,0,73.15952643295537
1575,39.12197515574922,12,121,.316609286987405,.4548596216038108,0,67.9963442508307
1576,34.76282101039259,13,157,.6935993084076744,.6503196336308923,1,66.82166338474084
1577,37.45026579833734,15,36,.5943525697398369,.5196860867995688,1,71.44912420604695
1578,47.05130743202642,13,102,.4590834577660809,.2806461860157428,0,73.00253477672197
1579,43.50448942100564,17,285,.3039789369913325,.2152248929142419,0,78.15270521486023
1580,41.57018712248026,12,55,.344944493782568,.3119496173849154,1,68.64242918287454
1581,39.24240836126204,12,114,.5604819091071411,.4569088031093962,1,68.08230474297629
1582,44.18904649165493,13,186,.5364131073139186,.4137346079471631,1,75.62903035747513
1583,44.99640666612709,6,110,.4027836654186619,.3457874026672841,1,68.00607038233953
1584,38.1263670228371,15,182,.5698672794222054,.4336414735738064,0,72.9569026092359
1585,44.31659444523484,12,45,.3638394960972103,.3486714761023207,0,78.18858154326125
1586,35.98130871277419,9,121,.1985939490328362,.1171277319707129,0,79.15818997748696
1587,49.34258917018617,12,189,.44610094308214,.577274908635689,1,68.76676977553269
1588,35.31189716122454,13,263,.372080575924015,.1759202407047683,0,77.45598632526313
1589,45.64191307959688,13,45,.4394233584791757,.4970519733233973,1,68.34023623514616
1590,38.39984674461807,11,30,.7023995276667647,.7757314734402156,0,80.05008071358843
1591,53.55946030483472,10,57,.5124227680987317,.3006534222381976,0,74.14066010635311
1592,38.56561715096937,14,86,.6282229524781073,.5853003943529359,0,73.75399468852345
1593,48.45235748527706,10,41,.43338870349376,.4565813293919717,0,76.20526919749167
1594,45.17106825967135,10,174,.4166754051626056,.2709648141747406,1,68.34995642816759
1595,37.35556525560165,9,169,.358273605770919,.2603898520643089,0,74.79261069934267
1596,43.116291602155,13,38,.2898307232226289,.1109920051755038,0,68.61016289631725
1597,44.5931441026452,19,119,.3108459107309151,.4319402021646946,0,72.21624063398127
1598,58.1122214340256,14,54,.5928548466379971,.5484684620578965,0,78.14698571538052
1599,37.58460250127835,14,60,.5648024134068035,.5333883345592408,0,68.40216197684541
1600,32.26998112184165,15,74,.5642559775924808,.4644434537729986,0,74.03909510267859
1601,46.21252990292624,9,42,.6859696776555686,.4454173459310657,1,69.89706660614752
1602,50.09831454808365,10,42,.4083081047300923,.5958845557447077,1,71.40710327905592
1603,39.69591529005263,11,48,.5318803458118899,.605060574035355,1,72.16383924778545
1604,41.28899892582552,10,45,.3195612309919138,.2247931473917151,0,73.94916405513916
1605,37.89504762218196,13,92,.2755707994516698,.5618706929328212,1,67.51907662136081
1606,50.67434035806198,12,108,.4182106291182043,.4761208487293331,1,70.20356570801879
1607,40.5035723517291,18,153,.4073131067278783,.6297800791138879,0,75.995376053334
1608,35.48616067105041,11,154,.5745392873239127,.5908593114354852,0,80.15826133327562
1609,37.03315826310574,8,73,.3889491260864611,.2141325369304009,1,71.06882762478533
1610,56.13677036424114,14,24,.3780275727420223,.206933372200505,0,79.13200886895214
1611,43.51650389798347,17,50,.4364615342714224,.2541128484386885,0,76.61379777721154
1612,42.26776422543112,14,127,.437422086828564,.4835114149278406,0,78.63152637126827
1613,30.59291038668971,12,187,.4696540516350418,.3326943602663265,0,69.71878693795028
1614,40.88982185507234,12,160,.4779722296802369,.3669816341063261,0,82.30806916968166
1615,46.36519997453776,16,75,.3985553232454959,.5915372526823029,1,74.55591817071391
1616,49.09466301131511,13,97,.4592772620834614,.5743593253943022,1,72.21839024757672
1617,38.74301675568685,15,165,.5018966205150813,.7905442070262659,1,73.92367826662284
1618,35.62199145386383,11,92,.2230231293514496,.4498986795855975,1,70.74564310360623
1619,47.15272685895145,12,43,.5347101838539976,.8721184028782978,1,68.67600228351822
1620,55.12650506694538,13,78,.3041584760494284,.2709360453806148,0,71.75617708147765
1621,39.78137783620522,11,230,.6668827798370269,.8431820283096483,1,69.62324303989166
1622,36.92955936695886,14,128,.521228877801976,.7682831584405538,0,78.192342123484
1623,32.68021814643995,11,125,.3285285035626286,.02,0,78.03008345463
1624,41.84567952091909,15,207,.1723702072409585,.1526649781521987,1,64.14660372117014
1625,30.21598593300993,11,43,.4676399408909953,.8217187387189719,1,65.59921005086572
1626,30.70040958536905,12,57,.4682958063340379,.1753597063549658,0,71.80899566995019
1627,45.44264072240946,12,70,.3499655465221579,.3484617948186625,0,72.36048120877669
1628,28.71267299720469,12,25,.277408802111774,.2062422293319052,0,73.12536346240388
1629,37.12754195775787,8,362,.3735652539458502,.3795927664835693,1,70.54904867678032
1630,41.25707588171394,12,29,.3863430547560174,.396676074572668,0,71.86277236858056
1631,34.34719084102455,15,146,.6091976088095551,.5998409200315042,0,75.7858618917987
1632,44.51660516960256,12,46,.4642139353202048,.2767860819691513,1,70.99164784352423
1633,45.30613245415183,13,109,.5063693792436444,.4094153210406978,0,78.23391961666911
1634,35.48751994975859,10,86,.4703811308321663,.7139392605558944,0,74.90163957099658
1635,38.5692774461319,10,124,.4179091438475352,.3037295580031934,0,70.86850956672376
1636,33.13758588093276,11,72,.3288436322859066,.5228279514722515,1,70.06615114438017
1637,29.211295479687,12,207,.4011034648053972,.1775991606390902,1,75.92596669472091
1638,38.50749674625118,11,89,.4906596808071902,.5382350380150595,0,72.61993206565585
1639,34.76444687463724,11,119,.3118018960094211,.2314966107158642,1,75.08638743418194
1640,43.90829480538184,13,69,.4133477965687719,.306430512279929,0,71.19490722168041
1641,37.4327721231463,13,243,.5797265023098304,.9110778527064332,1,66.96838638483698
1642,39.4780354400483,13,74,.4714167571842962,.7462297072808162,1,71.36131646763209
1643,40.25274268261243,9,38,.5769958101751071,.6027823871188084,0,76.73918945462243
1644,45.06461353197178,16,78,.5647160025763138,.4028178334972515,1,68.34189755017242
1645,48.63891800000473,10,75,.6860795520781204,.6531945790609371,1,72.12730310869696
1646,55.50547867375786,13,203,.3547994054413433,.4847388785072944,1,68.5988905856386
1647,39.2800190918858,15,160,.4266368286856339,.7507135799863836,1,73.81120911898049
1648,43.56051671023986,13,86,.2881345194267635,.1719655347371129,0,69.95627661471512
1649,44.47801981599211,16,164,.5557058249296901,.4214486294224139,1,66.3844536384662
1650,40.34195018552833,13,34,.5724180271037047,.4793575475911627,1,71.24898612754177
1651,35.36385221219205,12,27,.7431737808338714,.5377367183502375,1,67.2377248667605
1652,36.07130174354533,12,62,.370738536709914,.2247668686286599,0,70.62116760789363
1653,30.18239716664733,11,49,.4124708725438487,.2393573074544945,0,72.07462759868012
1654,36.1368365556126,14,116,.4776692391589073,.7278742212817602,1,68.80417719099617
1655,45.56455477736979,13,192,.6201896895601581,.759461492546823,1,70.23114489348734
1656,41.032394820447,10,71,.4289550029791399,.3044717306442499,1,76.57658296174571
1657,34.23351815487583,10,224,.3001619793732584,.280128886090256,0,69.2932071987818
1658,34.13684400974614,11,121,.302505242438734,.2510887244604009,0,68.24735270016552
1659,42.56648589916986,10,46,.5951504792131297,.5425670721876585,1,70.99415718267693
1660,50.88072950148303,14,69,.6095703879472982,.7647298944858161,1,67.87960850672181
1661,53.06168751237295,14,28,.3293592927381898,.5130104587258968,0,75.67001309400138
1662,46.79376494137679,12,108,.4562534642370734,.4307212738323191,0,76.91748135521981
1663,45.16144433962695,11,81,.4141964276085196,.5809647143534027,0,73.85695874882148
1664,38.17119984918793,11,22,.6331760602473003,.6275396368471809,1,69.45821393190921
1665,35.53732746264019,13,53,.3945098366488342,.6158722502035322,1,72.66934876706814
1666,28.62922578746088,14,86,.3902488604058735,.3899272876318246,1,74.88469185984646
1667,39.29304648036562,10,37,.3384562986885263,.260930589871583,0,76.12632648463794
1668,32.61858676277662,12,35,.5121115787827878,.5235793433070686,0,77.36672290626221
1669,44.43288465630832,11,50,.3787932390977847,.3611527248772904,0,75.76019843143409
1670,47.58673964465677,10,68,.6616398491645701,.9031136816425818,0,82.62935195467202
1671,46.04768570570337,12,42,.3036782466261854,.2138948952325985,0,72.8886398291973
1672,41.39019617755986,14,216,.3105054425483796,.3636082990485556,1,68.2330153539116
1673,29.91886561783501,16,166,.3302331255772742,.5148680162801303,1,67.59577847937277
1674,39.62434135705715,9,63,.6365758456984472,.6644381855138202,0,70.46324375282246
1675,34.70922800927939,11,267,.443247490385055,.5394250948452598,0,75.65578543770638
1676,45.76189387244492,13,22,.5072255500782824,.5832357976758948,1,69.65014792207788
1677,42.83186122554905,14,90,.4452098825819738,.7100370929582355,0,74.41298327339054
1678,49.40450680576551,12,41,.275056678540697,.238757394609707,1,65.57285211590685
1679,38.77581786415168,15,166,.3551817619251326,.220421057237937,0,75.90264832162836
1680,45.55411098852871,11,33,.6307599630758907,.4662474105737658,1,72.86114519699429
1681,43.15254030320084,11,44,.3821938826513216,.3826630448642738,1,64.67469063567647
1682,48.90330217509295,12,74,.7183780872548947,.2329084121129213,1,70.88607559806792
1683,37.40221782999036,13,95,.4119845534028808,.5142493553748207,1,72.45029553449351
1684,42.6226205831795,9,82,.373800422207945,.5116868984640811,0,76.57684822890195
1685,39.5586970489416,16,84,.6408501749681114,.4916072671972208,1,73.93169909015396
1686,37.30415661244728,12,53,.3773140689513852,.3918965497257104,1,71.90078325075474
1687,42.69328309568144,10,175,.3234974748522388,.2097976800115446,0,75.8564517809819
1688,37.48693521680239,13,86,.4212708810194625,.5708005803797158,0,76.60840314154501
1689,35.22408127524493,18,50,.4965341055227436,.3056761073036596,0,76.94569157271863
1690,39.96496263841682,15,74,.5299936737795927,.4073341537026919,0,73.59028105139036
1691,53.92982486881338,15,220,.5271674313700123,.6931436287961816,1,71.14128708168309
1692,29.01399723142117,8,252,.3611903262431587,.2338246877456217,0,73.30527236971258
1693,42.26241491853088,13,34,.56372682503822,.4341549184468194,1,71.34922002661037
1694,40.82004004428225,12,48,.5412377316096244,.6253561132494724,1,68.91244772519285
1695,40.05654380846325,14,215,.5309050846844465,.4923675900185263,1,73.83856474759612
1696,40.41317069692418,20,84,.4810746108769154,.6824152778390014,0,74.85138490609999
1697,45.06708267200494,12,39,.3554842559143282,.2465965343273419,1,60.31303105465194
1698,55.90480613239319,14,56,.660605387364557,.6543103168853681,1,76.63903885121499
1699,37.035430171116,13,485,.5692519853938922,.6202171271526562,1,69.52089622571143
1700,43.58721395570115,7,65,.5918802968825096,.6630001315868482,1,72.17115842585764
1701,46.01063160427008,10,65,.5840416700106871,.686499543108918,0,72.35809003092744
1702,38.64288789884407,13,18,.4656685838704483,.3397409094529427,0,77.58678744888387
1703,29.68103553475939,10,195,.3974801233741522,.4199620718318524,0,71.87164539529699
1704,32.90137434270046,6,182,.2896238509448101,.2334206951713785,0,72.12879930699232
1705,40.20379302515812,13,49,.5883672936327168,.4243163063120818,1,64.34422287137841
1706,43.73961376447309,14,87,.4817303235055873,.5219686157265329,1,65.92081764313117
1707,37.51543191741185,8,100,.3403386180089794,.6065148439373789,1,72.92050183708353
1708,34.55722508838281,12,218,.4036501198633197,.345607788747307,0,73.5643907258691
1709,50.24640594003865,11,83,.2248896619675852,.375981321502441,1,68.56729408420794
1710,31.76665906819652,13,41,.6072707900433114,.5483318187251186,0,74.23207808734773
1711,29.58471935917115,9,179,.347303533649888,.414444568115344,1,74.501799918809
1712,34.61867303140789,14,183,.2868727610384404,.2984516029032482,1,69.30416309826659
1713,40.14492167659738,9,90,.3733259818257063,.2668122496629877,0,72.82420397729818
1714,30.96194761463021,16,63,.3747172240953962,.2437089857758999,1,67.55884799631373
1715,55.17987296988815,13,47,.5039345112815656,.5412426108543482,1,75.30534662079235
1716,52.63422493670878,10,81,.5306643513553151,.5626900364485798,1,69.70877492299334
1717,37.19154698081132,10,136,.5198854489844177,.4664065504911084,1,70.54581966890098
1718,36.85384435883253,13,108,.6137520418103369,.571875263859114,0,68.90863207423857
1719,35.6029111872239,16,143,.371321791260804,.6161423113231924,1,70.0299958138245
1720,37.31290482209587,12,102,.6031173195721811,.4110049334664111,0,71.63790879884817
1721,41.48820805532151,14,208,.2395222484272947,.5449395835300761,0,77.28969668924316
1722,40.9319857672695,13,123,.3974044804561052,.201573706397314,0,76.35599971933306
1723,34.58314622316937,15,50,.5069029987883845,.5223388366055244,0,79.75330698430128
1724,46.17785636676106,13,242,.4078626516206377,.3503359352174445,0,70.65445777914533
1725,42.61085164936404,16,128,.4136876425162741,.3523260170066596,1,68.21970722480917
1726,29.72174606299146,12,25,.5481835555970074,.2875826078216842,0,75.0514294358064
1727,40.77711858834091,11,249,.5475583085248159,.2957013688253146,0,71.23380599280766
1728,39.81773984979818,16,446,.4362957739947138,.6488852783762376,1,71.60665658835153
1729,56.78105743699247,11,32,.455350822415522,.3696879676665389,1,72.86311740639796
1730,39.69996606199599,8,32,.534811410606519,.5010422684947051,0,69.75190720856799
1731,36.3883058517884,12,51,.4552160252062042,.378875668137121,0,70.99497343703753
1732,45.51232530123768,13,257,.4818211878172818,.3634469065459369,0,82.26216813343189
1733,41.8351611254631,9,115,.3254827302222897,.1581527651602773,0,71.28041154473438
1734,43.74535190732131,16,119,.633234169546016,.6198349404656314,0,76.9810734534872
1735,38.75763078243053,11,49,.2309405237482876,.02,0,75.33568802652373
1736,42.18046268659483,12,81,.4426416326026454,.5063986016655373,1,66.82753678866993
1737,29.1707606050988,7,68,.5094505005073723,.536255136301323,0,74.90433664093194
1738,38.63629635477997,9,84,.6478959676146667,.5139406268516361,0,74.24378897490014
1739,39.01713897803874,11,155,.5295556957834008,.3084173950362941,1,65.97643733572868
1740,35.11703227067135,15,112,.6890598585202864,.6165007280183883,1,70.83306100821981
1741,38.34735650749209,17,211,.3936159311623281,.421065156877783,0,79.07306646605545
1742,38.09246841195689,13,71,.5385358807642442,.6420004682960541,0,77.37734541413182
1743,33.87444027375507,9,63,.4036051503070814,.7133627121907827,0,76.87228220914095
1744,41.16772332722182,11,118,.451977092274696,.1303941477265824,0,77.69174485737099
1745,46.74346784348441,15,70,.4846525841789966,.4919331005181979,0,80.99320608127873
1746,51.42501392449363,13,81,.5636011307129631,.4953670720364161,0,73.4995272818834
1747,46.92418787068838,12,69,.1387713395376307,.1921702116254501,0,78.42238855472488
1748,47.38377875489059,12,115,.3946497327619451,.1283435173107403,1,70.64828255438027
1749,46.77479655145435,14,181,.4553391695253061,.4451438801466893,1,68.18162765099399
1750,44.54217278080236,11,59,.6830380575592718,.8498255560376202,1,77.50677510916584
1751,32.98655902106627,13,110,.4127085015685487,.5505379700618446,1,70.38468498829675
1752,42.59194886970981,16,94,.4010985182348915,.4413868006705577,1,69.61022103853699
1753,31.67305667003813,14,265,.2883536505743681,.1462622328774306,0,75.12398001329184
1754,38.97669402547018,10,212,.3602962590477584,.0620541393105912,0,73.0593028230619
1755,31.41456987745129,15,189,.3044476062658332,.4620934519441005,0,81.06300381699087
1756,40.07782257552212,11,59,.4818393410412368,.3404583209839829,1,65.59462315161272
1757,48.21130707199411,13,33,.3157221595638359,.4259050592586708,0,76.43448371440778
1758,31.13580561109539,11,39,.3754599146926832,.1436431942455789,0,73.80611369905824
1759,50.33093514116005,10,15,.4499050435252708,.6733725781889202,1,71.58407662397943
1760,30.8734314245663,9,292,.420897709428967,.4479927256343251,0,76.31864087083918
1761,36.46473644681262,12,149,.2446759047505722,.2533704066552953,1,70.53883759449351
1762,39.44352766813503,10,58,.446872590974045,.2443751294468717,0,74.28876726703646
1763,28.57079270103025,16,80,.3606321538309022,.4104377706518573,0,76.89533323467073
1764,43.75922379045124,17,165,.6491548719607878,.6765194920871,1,72.26362440349025
1765,47.18846756304883,10,140,.4963126169182658,.4322250967892218,1,67.98447715494507
1766,37.72013399032735,15,145,.4886784886720741,.5018253367454212,1,69.82789732201135
1767,37.64039510289179,9,53,.4069936399449612,.4880658229119114,1,66.89127868112342
1768,50.40501348651051,7,73,.4054751574628525,.3844426731295244,0,71.93197201290386
1769,37.26185509790294,7,256,.5230005167536802,.6845026191026152,0,81.45257647722279
1770,45.14196789331312,16,484,.3549455477390527,.435915131742851,0,79.14106943111018
1771,43.06182094779473,11,80,.5637142721910218,.9427812073469037,1,72.54820850136799
1772,42.43867555160504,14,24,.4385427132765994,.5769559533389861,1,69.9579608900366
1773,37.65606436715143,14,56,.6290419635844937,.4651407570524042,1,70.09124247864585
1774,34.64409356987859,12,58,.5369263304970592,.435068702059332,0,73.7308912600801
1775,42.83393217762296,11,132,.4965730616244078,.5088890717946163,1,69.83920482130517
1776,45.00093125686347,8,62,.4679584413675762,.1903693416179306,0,69.73157841433829
1777,31.31190305125622,13,55,.5672032951264933,.7096745003122803,0,71.44954767645618
1778,42.38545672728004,11,53,.5519692662748606,.5147934099406625,1,66.38094401583092
1779,40.78852916855484,11,39,.4163734545397027,.4646134027128968,0,79.06285525667218
1780,31.84293228854576,12,37,.5617640654649533,.6558250427909788,1,67.3416347795327
1781,45.52016864239411,12,53,.4753733238356123,.3793526759443481,1,72.86583274524826
1782,38.91205345793901,13,132,.2154552631762473,.3226138631081543,0,71.11736893413809
1783,34.50377072005942,13,132,.5230203274840486,.4183663520329987,0,75.03594455271156
1784,38.85067883712921,11,166,.52711516742106,.7467891480636143,1,65.98734443906902
1785,44.36546913839678,14,194,.5684046975648571,.4408124590337807,1,71.6807605318123
1786,38.66849410900653,9,137,.4924469470794287,.5302395070907807,0,72.60035076799383
1787,42.86316035793102,11,83,.5506509850554593,.5655139302913396,0,71.29545673872951
1788,34.15053641916388,10,107,.432072942829505,.2565366080849596,0,83.37721790295647
1789,45.39789921445899,17,65,.3278209722103299,.3770098031125588,0,77.70672886535327
1790,38.79083530927657,13,55,.5580239187688818,.5363509793630032,0,77.31915683348647
1791,41.85655297834364,12,167,.3510937742937416,.2139127450481691,1,64.13990465064447
1792,37.04084068011131,14,83,.1757898761198038,.1454967995448587,0,74.41846198156026
1793,38.76866461587571,15,65,.1176263559678399,.02,0,75.57898925794359
1794,31.19589176843012,11,57,.544582838397963,.6712349169874132,0,76.04762814149478
1795,39.63926122319275,13,49,.4371618670416079,.7481052202164244,0,75.28525004799231
1796,45.52410380228367,12,45,.5403982032197873,.49045491407164,0,73.96197406380219
1797,35.90829971359631,10,68,.4230700866078018,.5672571738491272,1,67.32752994430112
1798,42.40510314092536,14,282,.3487619691589761,.2599870138312789,0,77.87083979460657
1799,33.61466762691126,7,104,.4932271503484175,.1780416671987626,0,70.6720431485693
1800,29.69431540146304,11,103,.6926887276721944,.6484180761692663,1,68.55820236580126
1801,40.06352876501158,9,113,.4054981461892267,.2271618426507042,0,78.55890486952764
1802,34.09872351327389,16,32,.6101099902817086,.601773655846778,0,78.54743036365132
1803,37.98529368759594,16,89,.4834156252874387,.5096221855653795,0,82.38300194209265
1804,50.64505210511327,14,129,.4530169848074757,.4475343619848802,1,66.87883165393966
1805,39.45837050661626,12,53,.450069888283346,.380835480627035,1,66.5589395489127
1806,50.87102789670173,9,205,.8342635565220617,.895438894477509,1,71.66524488709295
1807,36.57124269747119,11,169,.4221533154789959,.2344477986302557,0,74.81362820364062
1808,50.24008733299554,11,101,.3389586246905952,.2926989135885631,1,74.29940293819388
1809,45.47851058278455,13,37,.4963287644879991,.4719458229279623,1,72.62055653326995
1810,29.03275626526038,15,33,.618601228057589,.812573654890909,1,72.65748898517151
1811,42.1717789984183,15,37,.4154452012930512,.7456004448589166,0,75.61849407141558
1812,42.47900017160893,11,39,.5220723037800727,.6465302755994499,1,69.70747145525637
1813,32.60804068920517,15,111,.4122976567850932,.4776623424199971,0,69.02394425622302
1814,40.18874935717598,13,61,.6254681254400035,.574830677705452,1,68.95949095583883
1815,50.662302659124,14,368,.4501931319446463,.4491912068009829,0,74.07891992760295
1816,43.1467254396137,12,159,.5734964936030742,.5684740810483828,1,74.99830489522725
1817,36.23979493062235,9,81,.4217042261106247,.2888107956117951,0,69.81527997928309
1818,39.11171503598791,11,26,.3672793320779056,.118182967895165,0,72.56509590789155
1819,36.92502963125833,15,189,.5899133045854921,.7107390159294458,1,67.12448069804621
1820,30.69551188963138,15,40,.7939576410413711,.7975562499668135,1,70.84445501032681
1821,40.62085248007934,13,19,.3008605212651531,.1178137841712558,0,70.71491684475266
1822,48.54475102201856,19,86,.3731075341744529,.4135565147349764,0,80.72759015310692
1823,42.6974340896644,10,223,.4848701632059698,.4387563942407366,1,67.84577674740338
1824,35.27196003446748,13,105,.5871474437324865,.6618468752231896,1,63.82974392274922
1825,36.8742995655671,12,249,.3779919087539086,.4100681686470616,1,75.36954528522247
1826,40.94665468878041,11,272,.3037473560137851,.2125399284858339,0,72.77460421688616
1827,31.78018525883825,9,81,.4828673045492881,.3399738441072095,1,67.02995952293129
1828,39.81095448904167,11,21,.4457097076919692,.5288685064111889,0,73.1569694911055
1829,51.68042498175118,10,22,.565563808908661,.4604059201639928,0,75.49886350194062
1830,40.94432749684519,11,38,.4773648058808374,.4923607704585247,1,69.75793098052435
1831,36.77005955654934,13,207,.2894671294035015,.333757360295423,0,79.63483350032394
1832,40.39932556802118,17,396,.6889431525110457,.6045197925808582,1,75.84136676922759
1833,41.49023182507614,9,193,.3900187808784017,.137691982407844,0,73.38039753691929
1834,37.47092771581811,10,59,.3597700962792028,.3158263472772148,0,75.70963175441331
1835,31.57371520363186,15,210,.3009942416300728,.3644141301457393,1,72.55658553011327
1836,43.21659261383131,13,77,.28798413714486,.1952069769777697,0,73.17747284854978
1837,39.12383976746128,12,168,.548716675293088,.4888693475192639,1,67.20875456288489
1838,45.79381191613399,11,187,.54558051717058,.5974623645001046,1,68.6145239120183
1839,34.81309634339328,12,96,.3249973221057312,.3495842541357821,0,72.79661090358584
1840,33.51557908786947,10,279,.3280876273390418,.2344955618564056,1,70.92359488062904
1841,39.51216772106692,10,342,.4557533535112588,.5568778779063984,1,69.76858089025342
1842,46.4531530037215,13,122,.4352066958194626,.3924853523884596,1,67.81567560434215
1843,25.58838200928776,13,48,.4179359598102963,.5586390307363428,0,66.70966368349957
1844,39.6061479455981,16,128,.3469345619940009,.4955600650325441,0,75.18752787142269
1845,43.55407732561582,12,71,.4771328581193762,.4886644079208579,1,68.24842737927159
1846,33.5078876823027,14,33,.4955501787476678,.4852427551740122,1,75.98126969560749
1847,44.35844660580714,15,36,.5706291693253452,.5304026881402927,0,74.93789899943015
1848,41.77577969993102,11,122,.7463289662863335,.7784632412021023,1,64.16218612435567
1849,42.9519241656128,10,51,.3717007398945338,.3884572401463781,0,83.72637766137984
1850,34.66745500068902,9,217,.4422118480388525,.44818107025211,1,69.79886879038612
1851,35.78442630988265,16,112,.5550445568260689,.3797176683839675,1,74.96951338003979
1852,48.1775459285663,10,121,.7601911088695268,.9572352526001466,1,67.78147935626227
1853,41.60417761358246,11,75,.5400996907496968,.6408527276586838,0,78.05868231037394
1854,45.46285799857731,10,274,.08,.02,1,63.96367998399063
1855,29.56397849158203,12,72,.4300306517181317,.6699943511533538,1,70.60237431952791
1856,36.06136306014616,10,125,.2576333986141404,.02,0,71.22930693381777
1857,46.10192073086844,13,83,.3830740579145674,.6290725154011291,1,69.369042908301
1858,44.87168013429439,12,282,.7962337643880701,.8021242631383655,1,73.5084883467165
1859,29.75442834340324,11,34,.5547966946629168,.6574860032762109,0,73.56424902512387
1860,38.48843337605918,12,59,.3481356528177564,.2994854272516834,1,73.79104330859981
1861,36.26315137429937,16,62,.2632181737792585,.1727575777022331,1,73.82882764250058
1862,45.38387311465574,14,58,.5479508935184261,.5592139071447109,1,73.731812768913
1863,38.71901759216464,12,105,.4892916366787445,.3182366803086489,0,76.69535000939646
1864,45.46792082745052,12,56,.5579942320989342,.8012537611451478,1,75.02619253007586
1865,41.92861987644337,9,313,.3410680576639461,.421998219730961,0,75.3947254892915
1866,36.16565586082023,10,47,.6276206509166693,.6855082684452516,1,70.99651559841986
1867,34.89750344743298,14,79,.5608907931928574,.5792982037477457,1,75.63693055707017
1868,34.11231653811154,16,189,.4430332350087286,.4301737187493971,1,68.53614423288222
1869,48.40676307184194,7,177,.4343214026320779,.7141443166055482,1,72.93496371050946
1870,37.9186011429765,14,107,.5763734285015994,.5850571071392633,1,73.06963172962182
1871,31.20629462938759,9,78,.4859334890824508,.8160820508768489,1,68.62091612157261
1872,47.46600403256559,13,89,.3506918398263351,.1970568638550508,0,74.91695572954326
1873,42.13411493573089,12,434,.4547225256541743,.5445638772709623,0,76.13628444573091
1874,44.09237737508427,13,78,.5915916685680457,.5740792332558091,1,73.29046623068608
1875,45.49736145226218,10,110,.3677255496528701,.5437106372897039,1,70.55140261194295
1876,47.26646196607542,11,67,.5976840352283446,.7561248360649228,1,65.3414336792863
1877,41.77331872011722,9,103,.3920807202655028,.1673201103288417,0,74.5598423558651
1878,38.30760059696559,15,43,.5584399180523343,.4608995058042577,1,68.05836369305536
1879,37.79684134762026,14,39,.3533576673234121,.1340927340246779,0,74.6186133051142
1880,45.84512661156653,14,65,.3417326042775625,.3085658994181904,1,68.86275683613223
1881,39.55427372444188,9,58,.5044611946234459,.4691279335464666,1,73.37755054029887
1882,36.96741371516561,13,192,.6092318029313178,.8535809163886398,0,74.43228945898866
1883,31.78908998005193,9,61,.2707111072360292,.4259684417526792,1,67.4766591300618
1884,37.78259368303505,14,54,.4420513792324763,.5040681314078603,0,76.74528909176261
1885,44.55127309624934,11,127,.4087555806168835,.6041400825970575,0,80.07298667874034
1886,30.24091004706911,13,246,.2897540737952627,.3158253245940486,1,71.55189106850776
1887,38.29175047489188,13,110,.4246142924240632,.3682404671722597,0,77.05716689368089
1888,40.08351259963047,12,111,.5300494144168325,.4572124106437012,1,71.27397292538677
1889,44.02773118655168,13,79,.565169647538673,.5905372582269514,0,74.79860676540353
1890,38.4024389968043,11,131,.4001409160649071,.4643150121167257,0,73.66472518391159
1891,45.07057633187168,13,163,.3630130566626394,.2578027439120473,0,76.09693119752572
1892,44.98198414517761,13,51,.3075988802590686,.3067631469176529,0,78.69917156858348
1893,41.94858513750216,11,118,.3773459667838936,.3881562134323387,0,69.0122839462458
1894,39.98267491337386,11,19,.3713380938480645,.4209192523821026,1,67.50410135881975
1895,32.05323978671105,16,183,.4032186825565153,.2609030905394222,0,80.60035188257703
1896,44.55629040623223,6,24,.5377454375793644,.5060710007219904,1,74.97674040303265
1897,34.21431887635084,15,189,.5504439887786396,.4800721072325017,0,72.58043589953016
1898,39.96491838698565,13,247,.3363962185653139,.276521893841118,0,73.59608142993068
1899,32.2667143886483,10,103,.5449348456647625,.4963168099339267,1,71.45074470840414
1900,45.78133844974174,14,65,.4517539048691067,.5580302566315439,0,83.05420675525042
1901,33.76888296440778,12,240,.7030313122762276,.5969324247502098,0,76.41145374485347
1902,39.47135643838894,12,82,.225942340515753,.2636641429618915,0,77.97881984625526
1903,35.19980118449788,11,92,.1852159008339896,.3137339034898206,0,74.62759183786822
1904,36.96574083395849,13,199,.8204088534871488,.9359610146038587,0,76.58913228742432
1905,38.02703982868257,10,32,.4825133118501391,.4517928825384636,1,73.252907045811
1906,34.60775387402872,10,50,.4367774197565721,.442941540737524,0,77.09216329195011
1907,47.77170963963062,12,32,.3130934074292525,.1488414643808932,0,75.17128425208689
1908,43.67978143529907,12,54,.4133651347013793,.7095008812794175,0,71.26072405570369
1909,32.46667586579036,13,40,.5627193633441709,.4012897493051658,0,79.96379386505461
1910,38.66342874163831,8,42,.4310588300382848,.416878471567834,1,67.43000919497729
1911,46.1678644025278,17,216,.2744454153287504,.02,0,81.17975652305651
1912,48.4721151341803,12,102,.4253991771869481,.5883668094933279,0,77.17550001078175
1913,41.88210931181833,9,90,.4372079035499191,.4719582888498952,0,76.20919592698722
1914,33.57808386336121,11,37,.5779546439759526,.5994056279770175,0,74.40192084860229
1915,34.28751608003819,9,46,.4487889935077792,.4049744240527111,0,73.96238704445356
1916,30.11121544651024,14,137,.317136208448492,.3656942490063668,1,73.0479140945434
1917,37.95846432740666,10,51,.5515949295073471,.5042710632543362,0,74.46067541051507
1918,31.37799909903215,7,19,.2956678671877183,.190594428554388,0,78.33019341158383
1919,38.81316339872618,13,283,.4463688841633915,.2603124941246803,0,80.98473866890728
1920,37.94375363790219,11,107,.5615041494081787,.4689485156824112,1,70.58244382993261
1921,36.34550049744966,17,112,.4985234060337589,.5110708258401638,0,72.08101890371182
1922,44.31618714437833,12,64,.3611385765369254,.4894936190338979,0,73.11818346150258
1923,43.44489771024169,9,236,.6899343859169669,.4164366213694029,0,78.52268360943232
1924,40.26439650261094,12,127,.5080373169200014,.5821184988452209,1,69.08313284884495
1925,41.20416697773043,12,227,.5126862173318328,.2567158587017398,0,73.05114693167386
1926,42.82404169577795,14,89,.7925335669696724,.6572306489256734,0,80.99586698494292
1927,40.76211977886814,9,59,.5695867454140371,.5526182514161755,1,63.44322907424835
1928,41.62793709734612,16,204,.4962701670475421,.5425374797108653,0,79.97015302895085
1929,48.44684315354793,10,54,.4551930333732362,.5482982394023554,1,74.97646922148289
1930,37.31754569246319,10,59,.4162440983001484,.4815966947709415,0,79.08098775372825
1931,46.18748514151251,9,84,.3443253584577884,.5544258008413162,0,77.39016942474751
1932,31.91153315475859,11,137,.463314159622757,.6904559107802344,1,76.60921801026038
1933,45.25921110669969,8,200,.3818078855258794,.4219349579067915,0,69.57054951739694
1934,31.33433374097935,12,177,.6735563745138682,.7932810507794943,1,72.93916738876567
1935,34.09898228067721,13,205,.535613823080161,.5960821247808754,1,68.59458283078823
1936,36.59731326468206,9,48,.3010881049993605,.5536517171607271,1,69.4802723646339
1937,38.07239493939929,11,42,.3607448764002447,.4178379795658196,0,75.5461420675916
1938,35.62215276846238,11,350,.4992854824250969,.5129104036413241,0,68.49498025577218
1939,43.57814983798548,13,77,.4178095160174025,.3856927128649293,1,72.10566518479821
1940,54.04295160013134,12,82,.401058924867399,.5006050173300117,1,62.97041215500175
1941,47.24722172965161,14,140,.3707970792522489,.1215451019240358,0,74.42294569604746
1942,38.98194065708177,10,122,.4068806827962744,.353995189399127,0,78.56086932590496
1943,46.81112439756088,11,114,.5288874302354123,.5576995864953741,1,66.79279701711282
1944,43.8587772369633,10,282,.646751530022839,.7217765397073828,1,65.85713281058926
1945,35.81682255571967,8,31,.4464474571972308,.2582789950904617,0,69.18509005343813
1946,51.5502414996111,14,26,.2992154732329699,.2579047832300324,0,77.82525777726387
1947,42.77510945775744,12,165,.4887022927191218,.5912768951274049,1,73.48929558971371
1948,38.11809107080312,12,109,.5272431228820724,.6328202736264606,1,64.28190714192078
1949,44.38435739413902,13,137,.5487299655632798,.3923021955643801,1,68.86143998745737
1950,36.706641450817,13,54,.5185824257329326,.2975890998745883,0,71.40681592469502
1951,31.22641056497737,9,237,.3596150125011616,.4401109556388382,1,65.43156443875183
1952,39.05674857417326,15,60,.5316495648775812,.4604978404712049,1,74.76587968156888
1953,38.39107799847676,10,73,.3152395341558667,.2537060191664534,0,69.1388333714835
1954,32.66841588774618,11,211,.2783993955293241,.4755103254080016,1,74.73192995019292
1955,34.03285612272067,15,31,.4503502793040861,.5074398465092127,1,70.94191001241936
1956,43.68827273936256,9,293,.5532213041964997,.4034507366037236,1,69.11875016828415
1957,45.6620275012547,17,223,.512706496702065,.7485769146748152,0,81.43807231239585
1958,25.53905531910958,15,44,.4573440603000867,.7263720915595118,1,71.95687973241124
1959,47.15194364177926,6,89,.7682002827392854,.8784863308977418,1,65.42223829818496
1960,35.4063387236571,14,65,.3782262610118902,.2968892508149064,1,72.99439988095153
1961,42.44256454932165,11,139,.4617469879725412,.4483700857365963,1,69.178772765202
1962,42.87078083463697,8,182,.4729697153275578,.1177594508671437,0,74.05347682076659
1963,43.98124509899171,7,161,.3622621492255779,.1305048780011711,0,74.04204238520508
1964,42.68845948204341,10,108,.5031034350106141,.4455960712630658,0,77.25573709638196
1965,42.0750951254279,11,68,.5881182186500715,.5912969067660211,1,64.85374405056436
1966,42.32669203158834,11,41,.3060880918721931,.2098415342086152,0,71.96449889453987
1967,40.69563526803991,12,142,.2759265407551884,.6314666846545016,1,65.49246327486023
1968,41.21736325428891,10,55,.4470286038551232,.3380493828960945,1,64.76402167417426
1969,39.90399779810584,8,98,.3290814738261164,.3974290381993614,0,68.55223247715605
1970,43.74510441910554,13,36,.5369834734076274,.4594386250863687,1,70.33607000102961
1971,31.36169561440812,11,51,.4675331636607689,.3715165846198685,0,73.74249748381391
1972,35.64872165370075,6,82,.4631450352376719,.5033285218161927,0,74.69560101252627
1973,47.96608350609636,16,53,.289303811958982,.2601324533241345,1,74.6162499692024
1974,42.70499291607147,13,146,.4294979090848161,.6663145470298031,0,73.64070935746146
1975,41.29425536067237,13,174,.4781975920526528,.5421792122107733,1,71.30649236934843
1976,36.41496640499506,12,122,.3513691463581864,.0873467734636197,0,77.83795949575999
1977,45.06322961083279,12,212,.3711708105895733,.4080577036178994,1,72.10529390685247
1978,36.26355951527039,13,348,.4613872914816192,.4074212765717111,0,70.67006939172346
1979,37.9792307474836,13,26,.4199618843908621,.4277407684911823,1,70.26800031037007
1980,35.55834902459974,13,45,.5361510745372897,.3818282267702587,0,77.04847834743958
1981,31.85024702581003,12,40,.4081542382104076,.3164141174568563,0,75.26983228542154
1982,40.75732617690772,10,91,.4372719763480523,.4851089670548303,0,77.61196727375217
1983,40.11838977139188,13,127,.4524008815927842,.3579447647718769,1,69.74824509205752
1984,38.07545119967954,11,26,.6432088641242202,.6390443070560208,1,70.5720689109985
1985,36.23641665666245,9,160,.5862085212187769,.5488459713834217,0,71.59916994861547
1986,44.8339546244627,8,56,.4841586029876883,.4412918498771107,1,63.87241647455233
1987,25.21593139529702,9,120,.5276188565134626,.4043717856344493,0,75.86739490234959
1988,52.08679699378543,9,395,.5020938185048422,.6638074186723357,1,76.51187767088926
1989,32.1227289800784,14,22,.4783742516121934,.3163758398035281,0,70.69586372555638
1990,29.36892865855656,10,127,.4285123805771736,.3658042024644431,1,61.4571819067521
1991,49.83413477572567,12,54,.2999097703639597,.3295904928701576,0,75.00794994027896
1992,37.80178068928156,12,83,.470408273874155,.4732201814696575,0,73.16447591534383
1993,48.08470834500233,10,263,.5695691440970643,.450610152110631,1,77.36019701040541
1994,39.85348320198409,10,241,.6365172439120759,.7958941681196494,1,68.79555940754285
1995,38.4454931302061,10,79,.493892700078513,.5098378270850987,0,73.3389316074328
1996,36.20421713996585,12,68,.5064976414448673,.3857797985905017,0,79.73712780803673
1997,52.50567294316369,11,187,.4986461762818174,.6993104509420001,1,68.80499338972115
1998,39.56995711369755,14,100,.5541899884487227,.5482812550511673,0,79.53076904451407
1999,36.27967674587244,13,67,.4747391630836017,.7606395664023857,1,64.10705952294752
2000,43.14226759921247,14,73,.6802537117139744,.6818205879082938,0,75.14798409556863
2001,41.80563621740533,13,40,.6432862014961046,.6924898825057771,0,76.45780987315179
2002,48.60431603274049,10,70,.4444935103551624,.4539184386064378,1,67.37995400946451
2003,40.11495726155382,12,685,.4963778494864824,.2989509467910513,0,72.04128967726818
2004,36.8667076421336,13,140,.3104542855383704,.1780385714149689,0,70.07312675547055
2005,42.98014545222038,13,111,.4449974936376106,.4397810563074287,1,70.86902221114546
2006,32.14409838759072,13,42,.6572683154754261,.9152112498236568,1,72.03229201758016
2007,41.81015287310814,15,127,.565780309910475,.4842489633441764,0,81.66547843982985
2008,43.43267099558973,13,70,.3190116138823607,.2223444347838296,1,74.00449843031073
2009,48.67165543160066,12,190,.3027437355256176,.1749549227509756,1,72.55563806198273
2010,50.612714906246,12,15,.2983902033674224,.3465171716514687,0,82.14878293948296
2011,41.51562817634711,12,35,.5301724876354588,.6074606086148404,0,70.25546349918662
2012,44.65633532008875,15,26,.534001095428606,.6506955908345053,0,71.98161788129195
2013,42.09048409643533,13,43,.4564592088713698,.2306679367079372,0,77.48697318749211
2014,29.45090264555463,14,115,.5476023627399208,.2938836706622278,0,68.16164370474392
2015,37.13239012621447,11,124,.5252573405970625,.3207806935912556,0,70.46727345320353
2016,39.70132701715548,12,127,.4003909658165384,.2898340828004533,0,78.90498969683055
2017,40.55376969025661,13,36,.4003137769692511,.3564722326515433,0,71.41137919372315
2018,35.85690905045802,14,74,.5257951195730773,.5985146353147113,1,73.24654523835575
2019,41.250412898585,11,61,.2981517988386343,.5926557503536978,0,77.16350095926477
2020,44.41447832933817,15,41,.3444303205496249,.418227206510376,0,69.42050977773863
2021,41.79775385399927,10,79,.5246347387471911,.5832347626617677,0,70.85800350560397
2022,41.36004572008061,13,309,.3191363183993536,.3102475426689579,0,70.74632765363482
2023,38.43452035468045,12,131,.2513056752634924,.4447090253844203,1,67.6436731871713
2024,40.90165401638952,13,53,.52069241186062,.3578266860296208,0,70.98620854019326
2025,39.07741652611325,13,73,.5082540776043122,.4402698656994884,1,73.15582260226743
2026,37.85571288068152,17,134,.5123995547586014,.4458645148382888,0,71.07183555921588
2027,41.77001996928256,11,103,.2994949779383832,.2241506929636861,0,80.17845530693592
2028,38.38324525119069,8,56,.5436690745351076,.6309147889505944,1,71.30141071221715
2029,29.40132020354042,12,131,.6951229144478948,.4729422549783142,0,76.2407093900955
2030,41.97604985430985,12,136,.4103966019695066,.4296534653330029,0,69.64982117186707
2031,36.50738140558515,11,111,.7154341517226288,.8194757830458844,1,76.76251725760129
2032,41.92566691092492,13,181,.5199144657275169,.3943866650010267,0,70.59425366783398
2033,46.42402574162733,12,88,.5893226175882083,.5876963869324101,0,78.14851809506425
2034,33.15298658328961,11,431,.458973767351174,.5796804186905236,1,72.35699293082335
2035,36.50612461380454,13,69,.6664999715254518,.4947727459058739,1,71.29491027744479
2036,48.52398771186617,9,76,.3837859730474346,.192360143150697,0,75.58813751656594
2037,48.94946689656238,12,132,.4100240101059761,.5481843267157156,1,76.35997884622034
2038,35.24608050482133,15,49,.5934330072338132,.7679767535012875,0,73.9301252073375
2039,38.18604755839419,9,229,.4051471615272302,.4250085070905155,1,71.94160788412732
2040,47.65626043589636,12,227,.4755640815079877,.4224582545616852,1,71.64867991679934
2041,27.65988781638598,9,133,.4044772251806751,.3788172525516602,0,77.84786537898185
2042,47.0922071369491,16,62,.3982949975331063,.2546828305924079,0,77.96051090248953
2043,26.37462766136909,11,16,.3490088046719485,.6828535321023721,0,81.97779683293129
2044,40.77082655110098,11,97,.3339904233462801,.1948539438784849,1,70.35998547595869
2045,41.89036375454311,12,36,.468105671339333,.3932155260379618,0,71.03478236345191
2046,45.96465488949225,13,110,.4441931677411015,.3597469199677741,1,74.12876731969095
2047,32.56841980814205,13,29,.6003857611176624,.4852926507094782,1,73.48944995988269
2048,41.21155357830104,13,401,.4898688386400553,.4416612658889437,0,73.58473752774903
2049,31.74413085056858,11,55,.4107088476201251,.3294360566067798,1,68.65852282858835
2050,33.6974338948546,9,242,.2188515804662045,.1458245755279354,0,69.99883610510803
2051,35.55261669053708,11,55,.3486831379734908,.3791088937495077,0,70.15688242568513
2052,37.54121851203599,12,139,.404493085826476,.3536778612120931,0,78.67368439647623
2053,40.08765088567885,9,60,.552156865808433,.6723717797388681,0,74.93724857102029
2054,48.47712181816999,11,85,.5750456958843539,.7966537935649128,1,73.56028123161398
2055,43.09774875155964,11,66,.4031953203994773,.2673524449396271,1,72.85965735763121
2056,32.39840442629691,11,77,.4025056415255598,.4726635888038444,0,75.86038646423476
2057,38.76159214378002,12,128,.5887819070087474,.4844378362946655,0,76.04384969731765
2058,41.33739472083224,11,161,.5223580282593231,.6678318386088737,1,70.26482706871643
2059,35.55320576254399,14,87,.441572017220017,.3059490282789504,0,68.24455596582239
2060,41.82508148248179,12,278,.3887718662397707,.4361978176024034,0,73.36167408914145
2061,34.35503180519262,10,163,.445765775015545,.4147626416689009,0,71.14320411599547
2062,33.92650743669316,12,35,.6149298667825307,.7901769227436392,1,71.40353392364659
2063,36.02327387243888,12,60,.4181073256332413,.3333706810636475,1,72.57515971676065
2064,34.81827213439443,12,441,.4510168110487363,.4507402756695629,1,70.82770679343741
2065,32.41420740551998,14,96,.2951636803922251,.1967695165750087,0,71.05359286664023
2066,33.55228628120555,14,179,.3523610186735445,.2060147834527361,0,70.83788270322536
2067,40.57637747396287,13,131,.670677209150504,.5934014135524598,0,70.57720239804675
2068,42.76574232615211,11,90,.5225819966837125,.4184133108249355,1,69.9041751802648
2069,45.39568286124418,14,47,.6613950823539526,.6454740173706538,1,68.45546762433449
2070,33.315347766226,13,54,.3792299549356264,.5206692883987261,0,77.70997674982694
2071,45.34551128448419,12,96,.3873120736237318,.2688888144770699,0,67.13326955035997
2072,36.50254315792417,8,159,.4940670359528289,.434146150657763,0,77.32167444080039
2073,43.15969822344378,12,209,.3444579457956941,.3521894795644656,0,72.91319080017342
2074,36.81388121238585,15,190,.5366337976918583,.6524929838467201,1,68.6363238845816
2075,48.91618650765632,14,212,.4986359299800674,.4335306407234222,0,78.74392639077927
2076,46.32828655789535,15,66,.5024431995219836,.3703082254162785,0,73.28062955970542
2077,54.01934092649515,8,116,.5885318432226097,.4706438615977083,1,69.02113801951954
2078,39.63432128535624,10,114,.2779656768590034,.02,0,80.61421467399485
2079,35.87312123589975,12,46,.4356881232619828,.3739570601787369,0,74.7032189863103
2080,34.41330648691473,13,104,.5809106396855448,.495931665842434,0,69.90800872701951
2081,34.44870716506656,9,73,.4112343893545766,.4269606034080792,1,70.28506832899402
2082,33.23879520050713,14,217,.7332640584696146,.8744879080856272,1,67.42021975033407
2083,36.66999397906271,12,76,.3484500283202202,.4227641232390387,0,76.29723246375697
2084,40.44292403958931,11,157,.4514224229850271,.5168363826278072,0,69.7739786310172
2085,40.39717911749602,13,42,.4686487193272537,.5536543473647436,0,69.00246681513062
2086,36.20118169752064,15,104,.4947276787114271,.4489193336770897,1,79.6032521990839
2087,40.33297486686429,14,171,.7794239452012841,.6895358435210068,0,71.40150494184395
2088,33.74520953497392,13,221,.634812205088134,.7156566560041583,1,70.89710511454609
2089,49.40732734086842,10,122,.4821298630263122,.5478019553820666,0,74.47781592416472
2090,31.64621058097746,16,600,.449119774536881,.4403594514949457,0,79.80964544041879
2091,40.90014078171846,12,166,.3514780341442189,.2802276877584942,1,64.80125585471188
2092,38.80127482803838,13,56,.4626246573713625,.4850270965165445,0,76.28410137346199
2093,34.6399198081686,19,108,.4450871715879428,.2004079044043665,0,72.12751518237567
2094,38.08885741073598,11,123,.4457976559168318,.5484318589586272,1,67.41676829192592
2095,40.46813137223267,9,61,.6008171295678044,.6368174646430409,0,68.62757344276461
2096,40.89671470240737,14,130,.5959366411059019,.7107399668808051,1,62.79906953848584
2097,44.87322155892157,10,101,.5452064129094411,.6291886934319049,1,71.86710974731618
2098,46.82960662892483,10,110,.531221604243957,.6040566058923978,0,77.69958723012731
2099,39.70249880916463,12,33,.3990561206259342,.3330976418343549,0,82.72738217101983
2100,41.53271035514877,13,24,.5081382765593403,.2525863211246995,0,70.0352463123893
2101,44.47520443242079,9,71,.5543353399126394,.4523615807022396,1,72.72471178075563
2102,29.38115295689489,16,208,.2914712812376692,.280286686469831,1,74.27912851331035
2103,32.53825246368502,12,85,.4037557125789881,.3859403048368324,0,75.75209802009253
2104,49.76226857710513,12,87,.3969321387480085,.4486719844681435,1,67.79540808669465
2105,37.82778519203981,11,76,.5019746137390635,.1708965093674488,0,68.07371080921149
2106,37.77513374049356,13,131,.3849224855704459,.4161384429964581,0,78.34294085819015
2107,40.15789486369214,12,145,.4786946682001485,.6735708005077747,0,74.67899032446563
2108,50.4864243980979,8,213,.4173683482783832,.475509716586171,1,71.98856530893626
2109,41.12505741666039,11,25,.6278951379552782,.8259458670309225,1,71.25609308861996
2110,46.84392027300926,10,96,.3896154277603492,.612911028005418,1,72.27759102538768
2111,41.37174325886348,7,180,.4047043999792559,.4700387224782392,0,74.13142435909808
2112,42.30788358309001,14,251,.2974949198455939,.3968786736130053,1,72.67603166439798
2113,52.35069428231436,17,78,.3140689903366704,.3395669943723464,0,70.37074687188306
2114,41.24119345740809,12,43,.5137702091124898,.3829183989834012,0,74.55408618531152
2115,35.84614451655726,8,221,.5513406031880831,.4708009690687679,1,73.58516912763089
2116,38.48762682736728,9,38,.3683149409466109,.6027133468746557,1,75.41647235544234
2117,42.41899206351253,12,66,.2835038950341083,.1934526303607807,0,75.13311592755805
2118,41.52126236891837,9,159,.3956071406643245,.371921342382656,0,72.57261511762776
2119,44.83918369579781,12,324,.2828658334930854,.3788914695246308,0,70.51844953042213
2120,30.69740563607971,8,194,.6159598207880759,.7182049212436872,1,74.70576131911062
2121,38.7238906218717,18,182,.2933597529927651,.2531173152069462,0,81.46507066568005
2122,32.49796083651923,13,108,.3565798440046538,.122538402765572,0,77.36379170361265
2123,47.84885011686939,8,76,.4619762656798372,.3182390147422141,0,69.45104420519192
2124,40.30256126945159,9,255,.5207325184379366,.492202398482802,1,68.57136540292106
2125,47.90228444030547,13,91,.514498608480876,.4576216112510598,0,74.48069464913618
2126,46.04522532905302,13,69,.4451479618043858,.4575985367670575,1,68.12601138421203
2127,46.70152370855165,11,15,.1868578717150863,.2235974206358654,0,78.43884385766616
2128,30.88100926321192,16,74,.551784042035895,.2244003354220145,0,75.78096687138736
2129,44.04548949299435,14,109,.381821995524726,.6251634962064496,0,78.16751913398222
2130,39.18952743403826,10,435,.4465968316098206,.5228857842237937,1,71.19227795656552
2131,43.06383761922497,12,122,.5675554384980437,.5840284790119395,0,75.53617466985827
2132,44.86780210211612,10,309,.5580321022210173,.5696599256890524,1,66.74291737052855
2133,41.18085603994496,11,59,.3068462168592306,.3546308788408684,1,70.98023687383458
2134,43.48154525774472,10,157,.4469029932371518,.4850083377246002,1,71.8751574107628
2135,40.96442379797974,10,83,.3544004909837355,.3075560037870173,0,68.97618631116804
2136,26.57162193047082,10,53,.3802122529694382,.4363025417988976,1,72.13086310524771
2137,38.31914043347543,15,154,.2438029524508997,.4621398981247778,1,70.87315226941999
2138,46.96859977938602,6,73,.7001959093243868,.5018944711232201,1,66.65729330040863
2139,25.89084489293592,10,66,.3211973967547285,.567760022892007,1,69.21599250797304
2140,40.958916562184,12,64,.4386320543867778,.4613543210610808,0,77.91668376059155
2141,43.66152255447761,15,103,.234893293921233,.1705935810289708,0,76.71919456211278
2142,35.68150323416587,16,32,.6438636749285556,.7636723689092899,1,70.77309481714852
2143,38.85986805133917,16,54,.2331812810096098,.3679863487318912,0,76.37077784932804
2144,36.93559339005375,13,99,.6281189438232526,.3831531609528676,1,66.71237090855684
2145,40.20647723306453,12,63,.3304361272551286,.4604418076849492,0,72.09304783337781
2146,46.2512875733783,15,142,.6035369636557378,.5934210479601456,0,75.29179536705726
2147,38.41803590009626,9,235,.3817085033840462,.8107439372525236,0,79.38782632982149
2148,38.77700658885779,13,66,.3352715953780199,.4445884294712639,1,67.55203550341622
2149,23.180811691781,9,66,.4638279855491423,.3932130394982168,1,73.11011386020962
2150,28.17486593186272,12,146,.5414330893139011,.5863504698381319,1,69.74507167530305
2151,46.86677969450567,12,39,.5574437774120043,.6731553756056002,1,71.42194097400838
2152,44.93043688128539,11,391,.5752052293604889,.3145133305126797,0,72.46872899842981
2153,40.76258792240255,8,47,.5547848899356688,.5688258637652653,1,69.90847643420898
2154,40.95915655531185,14,150,.5313916111293798,.5705040651230646,1,72.45959277884457
2155,37.54847781983904,9,34,.4035809482757586,.3978257879054581,0,73.50945330624317
2156,44.97047939082803,14,107,.4335533812203016,.4228836586951832,0,71.31211032766538
2157,40.82960425490194,14,42,.4960012633279594,.7531690506758326,0,79.99383404655232
2158,50.13592736807671,12,345,.501747794689279,.3578964814197739,0,77.01479082061564
2159,42.85836732513215,10,201,.5825746251275865,.6639804529943028,1,69.39789369727801
2160,48.62658003342684,8,42,.1372902066361366,.2564173741456952,1,73.54776984945596
2161,38.96552725281803,13,66,.4737140652474225,.4308522444519992,0,73.41151130615117
2162,30.86006965142984,10,138,.4361750638219956,.5003436568348574,1,72.6049935908312
2163,37.94304347466547,10,123,.4943518497125419,.4565198748503876,1,67.99430391284073
2164,31.91906623064329,15,179,.5519696493500662,.3436021471642473,0,75.76052838806379
2165,33.05291295451557,12,155,.3927197712624326,.3031488752206369,1,75.71654838270037
2166,45.1131484336569,10,77,.4768898254255735,.8754021943363346,1,74.47758848336389
2167,46.31392056714317,16,47,.5420199127443036,.3281409309702035,0,74.93740483247944
2168,35.11264554352241,12,185,.4110438788281784,.4660519424042126,0,76.1669921973661
2169,31.90779433134043,14,277,.382849086058101,.2551163354000592,0,73.79483989897298
2170,41.02928986664084,14,185,.5487294212824013,.53861961286907,0,79.73620597896746
2171,45.20681354627352,10,196,.3549468871385604,.2667729685782206,0,78.97628749082919
2172,43.72777441928336,13,148,.3421044994833365,.2823265043520976,0,69.1490156020168
2173,35.99772385377364,11,38,.4907102711642597,.3375551309935464,0,69.08388914988249
2174,42.10063204384573,12,23,.3292089415810089,.3398961717885455,0,72.83737298996395
2175,45.05659709043869,12,42,.4781397853501487,.3147256780724693,0,75.56733203323729
2176,41.42063943623661,12,129,.4002080648037159,.6312456026952661,1,66.7327257324779
2177,46.23106879522911,12,72,.421777788229491,.39656496168325,1,72.4273665952458
2178,50.68432908701987,9,76,.3683591015125587,.2313692533212162,1,69.04392900835082
2179,33.88999215949381,10,81,.5091258948279367,.5081613747125611,1,60.2266111953553
2180,44.16189644421548,11,23,.5605793556376898,.7589973684871351,0,72.98863669241074
2181,45.24188049517603,13,115,.4382078988700469,.56636149625299,0,78.74759475481345
2182,35.22849940092614,12,71,.4333705784748876,.2534099129789218,0,69.05270884784608
2183,37.15128043774129,9,65,.6239328241454647,.7780247208203905,0,69.11118243063305
2184,33.17440536749284,13,337,.5387923132856007,.6102843230414291,0,79.6210405029656
2185,38.18551808497509,13,129,.3377887911823281,.384237970184111,1,72.42119180476072
2186,34.59589846427372,14,51,.4627998401006641,.4701447772291677,0,74.51481147603701
2187,40.20802197371479,10,140,.4890263987015665,.4033644285499903,1,74.05994278537472
2188,32.25903058786111,9,82,.4460719926326038,.5898114192750781,1,72.1917339420018
2189,38.12344460296303,10,55,.595319140001363,.7947989396610591,1,72.30359151615805
2190,34.39213983995403,8,221,.4234511585485419,.1566170549309624,1,67.57950072754551
2191,28.02967973477154,7,56,.4724604389794897,.6878105496899005,1,73.15429997155262
2192,35.8070091400656,13,50,.5130974614803169,.4192053075827076,0,81.20781686633725
2193,49.28239520059708,11,63,.3840928765647082,.1760289970433322,0,76.57257594037631
2194,33.22931289578727,13,66,.3623237480337045,.3064957083964346,0,78.43822739974516
2195,36.58066486263714,10,28,.4965331504437466,.4091213057441709,1,64.38255151055714
2196,35.99108213147856,12,147,.2413795135006489,.1615029668642562,0,80.97264771797514
2197,39.33273016411045,16,165,.3494977818156585,.3721518256566304,0,73.57345185210359
2198,28.26993349918407,13,52,.4805467096263352,.5269131021791841,0,74.44389188379516
2199,40.50756678535893,11,228,.5445231799171607,.4696074995571056,0,76.35545676201622
2200,47.61735150577829,13,291,.4871192992508347,.6589557810936528,1,68.76774212671414
2201,49.69824765191399,12,76,.626095594536536,.4752366856554786,0,76.34099787189032
2202,38.29011260598995,9,156,.3294288204032735,.171037020606107,1,72.19318493429272
2203,38.66897009325943,9,139,.508808303468682,.327816702034052,0,64.58669988019545
2204,38.2671123977988,16,71,.4474456351710108,.2282585667218723,0,73.48670198769712
2205,31.12889652226931,12,94,.4645934331450627,.8162545736284635,0,72.28181144789534
2206,41.02396660309824,10,76,.3249774713483358,.1941018525754591,0,76.65018014621498
2207,38.53320044757454,12,59,.4575350185875154,.3303092173408351,0,83.38244447273739
2208,45.37077360131657,16,152,.2939220889962913,.4076655662362177,1,66.34129525336549
2209,46.19621426549816,12,50,.4696616759041611,.3996224284842577,1,71.82738169822962
2210,42.09597741849547,8,99,.4560581663302551,.5036921403294402,1,72.61635667544199
2211,32.09814788695601,9,28,.4979607212733692,.6848985569198789,1,66.64383831401229
2212,34.52452423635891,15,73,.5575310752824012,.7253725634460555,1,77.07805550438385
2213,53.95354947637027,20,49,.4704872362516478,.625374160894953,0,79.23961106553976
2214,41.02843549081054,13,71,.5030076931925728,.586018432365365,1,68.50049563300931
2215,35.86805853807867,12,75,.5866043555777791,.8413644972255868,1,67.66553122552241
2216,46.23102213284754,10,59,.5748656408842956,.325712161036903,0,71.38332024476273
2217,33.48205986494766,13,117,.740804660507737,.9638490100235706,1,74.90252811895405
2218,41.25653018775078,13,126,.5578823111316754,.4418554049031462,1,68.15158390067839
2219,44.98426926833518,14,109,.4466506547487537,.6851392967824419,1,71.0852284692091
2220,40.59499594407957,11,129,.3603665732962908,.02,0,77.3611289851459
2221,42.83490972559338,11,58,.5656162784914635,.6592339432223412,1,67.65143875088843
2222,48.902919401193,6,45,.4127834956272202,.2102323007431067,0,71.29275607950622
2223,43.50510515202291,9,42,.3644571550287192,.3502969103154995,0,66.01257427326659
2224,48.56732707037398,15,77,.5101708414860453,.2816991010512674,0,79.75838004875537
2225,29.93081493016611,16,41,.4669340844402054,.6124910496190765,0,74.98412952770236
2226,41.49202258814066,13,197,.3801517989409484,.5174995334406395,1,75.76089348600109
2227,33.13001975238821,9,205,.2943875948595023,.3402270716402642,0,74.51819005655418
2228,41.82957456104529,15,104,.4574242560027264,.1973781845681417,0,71.94835381680689
2229,37.83243128447624,11,67,.4558523470867648,.4877455992617156,0,77.68756684056412
2230,52.58699825082447,15,49,.5132283819663661,.7371271239990038,1,77.46127093671706
2231,43.45906501799858,14,101,.4167886206103137,.3231447379274781,0,72.74268998737254
2232,40.95239489889124,13,30,.3861240902816533,.4863718539807451,0,80.23730470841508
2233,32.79661753967127,8,58,.62104640932693,.5352433173121123,0,76.78565741166584
2234,28.83375053373017,10,257,.4194545909026788,.5640119409523229,1,65.75320967384117
2235,35.80588026109258,10,152,.2658419264768264,.1192416797593222,0,76.99441753211629
2236,44.67214577612925,12,68,.2643912033427342,.1471232143925316,0,72.59828979757368
2237,40.1183249861064,12,100,.3849601589892517,.414479576136072,0,73.87373374562299
2238,33.37225292220352,15,41,.44641138798723,.400558939499389,0,71.0780545172771
2239,44.70370693655151,11,124,.2283021320283125,.2697297206935479,0,73.67410217084081
2240,42.88604817162302,9,32,.4684190217829989,.4827339040038244,1,63.97469247659667
2241,47.16959892186642,10,26,.4575301070821144,.2263583812562608,1,69.28372427806465
2242,38.40704008198409,11,248,.5629689615576848,.558738397133565,0,74.33622321469458
2243,39.40029721394091,14,244,.4736120083907693,.4816175657295084,0,78.06004802173126
2244,38.84646155943741,16,72,.4062229641528078,.2381565087788955,1,67.04791952895064
2245,46.277548380924,15,25,.402198620685551,.2029880173555875,0,76.06069868863391
2246,29.8142409412259,13,63,.4793847755839076,.4218153764636139,0,74.17656028552852
2247,45.84486556951922,10,517,.3642301276006049,.4509612851226319,0,74.83027409598961
2248,39.52776154635103,10,115,.5105421254164955,.6414916332579992,0,78.03614735479114
2249,38.22919940847428,11,225,.3601599993792785,.1674085589648932,0,78.20450272156816
2250,50.67300447711025,17,91,.6460118576581899,.488755662685415,1,76.23781695297305
2251,42.29040085733603,15,68,.338418540993044,.1496456430549364,0,75.15263468125509
2252,42.3216276269815,10,75,.1448912239187439,.02,0,70.85263875062392
2253,45.72044269275979,14,121,.3225277012472629,.3319734157430053,1,68.49481001471625
2254,40.98457436204001,14,90,.3402602956146314,.3520420596877029,0,76.17804896742156
2255,37.26072034349681,17,61,.2404483183219132,.1287690294360024,1,72.16882218358671
2256,43.89490619605186,13,78,.3396321774728992,.4627625680318947,0,78.56165189023949
2257,48.59254218783794,13,124,.476296985297937,.6118180312169467,1,71.44153665620424
2258,31.49928794242475,12,115,.3566038752770284,.5728479757701389,0,82.71271975119109
2259,40.10708678008773,12,151,.484801234577889,.521840074856459,0,76.55430144508635
2260,44.16450896359701,9,49,.5268231281264319,.3963633097433593,0,70.02295464635263
2261,51.22429031645834,7,108,.5695368387344228,.4528058442572854,0,72.74962311251964
2262,32.77873548489056,12,219,.5079687509744082,.5632411978474111,1,66.42999355026794
2263,38.69095444532641,11,168,.437077956174298,.2019816612067501,0,77.8338262257676
2264,43.73824927677717,11,68,.4454574883636015,.5497957690320063,0,71.80633927159496
2265,40.69467060218005,12,192,.5310782958031693,.463570699543502,1,70.42608242712653
2266,32.86845131385189,16,129,.4341389616759185,.2297770557087699,0,77.36302987143183
2267,49.26963097105071,14,132,.4611762802575207,.5914846207862642,1,73.29160413539543
2268,36.37000173478152,6,182,.3714986952420872,.3529350679796149,0,70.67929046595437
2269,41.6587094487385,11,83,.3133079981119578,.1598388468549237,0,70.71114524629127
2270,40.97594810350899,13,315,.5284614470157444,.2835823904330514,1,73.89761928406102
2271,37.53200590916303,12,78,.3667659325388098,.3609475883554631,0,76.46509212947174
2272,44.845726396392,9,79,.3605330301474932,.4042022874188948,1,70.79488521728535
2273,45.67962219191726,11,76,.3977121589070916,.4687760613727866,1,73.71597528922111
2274,50.2721827228078,13,121,.4224043135790008,.3119436791395049,0,78.97586811560444
2275,32.45320664335858,8,92,.3095545154047155,.3778532276469206,0,71.95549709625274
2276,41.35890220948942,9,188,.5191490455121149,.574383763106489,1,74.80166288008547
2277,24.35919994556939,13,44,.5013226944121388,.3770534690717381,0,78.28806421981304
2278,54.38464941200999,15,36,.6528830599410866,.8551350156657888,0,70.04563877365446
2279,36.88370155867054,11,54,.2605583363939658,.2562688800365054,1,69.17534876719544
2280,35.89889436014582,17,30,.2689685893940793,.1825213656988375,0,65.31936736270058
2281,39.79459692384065,12,57,.5630551936322883,.4807205690784767,0,74.1634133014467
2282,32.39764362957691,10,73,.3535771232227193,.4910333245630116,1,73.87327251734865
2283,52.42778698702199,10,546,.4050794194338027,.0530583064376465,0,76.06163644967179
2284,36.53026505401423,10,126,.3434959289341988,.3336676429451699,1,72.64121322162448
2285,40.43633934682089,11,48,.4258940477903848,.3483340066395124,1,76.52392219827172
2286,39.78366536055063,11,64,.436532705063172,.436536835512816,1,71.58677788106866
2287,38.13170069019235,14,73,.5352730646557533,.6009858201327537,0,74.81622557778324
2288,39.60079095203416,13,86,.1638411758826037,.0323285924207626,0,81.68190308457511
2289,45.63236969779521,6,97,.398593223092058,.4384864061680677,1,71.44791209198749
2290,46.91572176687475,9,250,.3946486630772637,.4523677163359475,0,76.91595464745822
2291,33.17838947665271,12,81,.5429399307147565,.3250940558636986,0,76.87630154823211
2292,33.44860785810002,12,219,.1396635808809082,.02,1,69.07085928112235
2293,39.09164996091142,13,165,.6545053921965812,.4893482759414011,0,71.33668295325512
2294,31.16823612287661,13,96,.338339627309761,.2850747814681703,1,70.62614071766632
2295,36.99414775165192,11,161,.6428766077895417,.4515933024509516,0,78.23952265619278
2296,39.21030109666078,11,415,.4029965100737471,.446618530736855,1,70.15872543008976
2297,34.47186129422962,9,154,.6014226677258148,.6429475583139237,0,72.90097420521067
2298,40.7080952146372,11,82,.2250399817850887,.3059916886504733,0,74.43254555194758
2299,37.85639352434129,12,72,.4057411526274041,.1496418685845599,0,74.38720923285976
2300,44.12524286277078,11,115,.3208273529079401,.2348982083811159,0,78.54495153627779
2301,32.532909695475,12,44,.5335300024619559,.4522441502806774,0,77.77050214970836
2302,31.40728061036546,13,93,.667483214009791,.6825442718101654,1,67.88129906622454
2303,40.02434838540925,17,78,.3941384242023391,.0808458719363826,0,70.50174255692828
2304,37.06648473947545,12,361,.5409404137717309,.7836942386911827,1,69.49663680948375
2305,32.35345612648781,12,97,.3672689875768375,.3286829294849189,0,76.6184733709016
2306,33.57674887916629,11,66,.4202585849829145,.4829167384077879,0,75.29460523372121
2307,29.14410364332698,12,149,.2827166981878322,.2798345713003585,0,76.13807980255524
2308,35.18159650016467,12,54,.2459800374136564,.1580771721444365,0,72.62370622154424
2309,42.92057243668544,10,63,.2933500217163704,.3552495622638768,0,77.57867644829999
2310,41.45384237840522,7,60,.3715212566090438,.5822699897693137,1,76.11525121212848
2311,37.28595253988676,12,53,.5559930863410073,.5609560170841654,0,75.85351355896505
2312,45.95774821395504,13,49,.471589437623512,.7902739493739983,0,81.27081962080813
2313,39.16246498149449,14,95,.5071963442330056,.292354387498848,1,74.95270844576304
2314,45.02229344892343,9,72,.5330853336698076,.3971770629415734,1,77.18155539359815
2315,40.1728941199658,10,79,.4820938392970331,.4586618868788855,0,75.01849468387897
2316,34.48290541491659,9,43,.7538702544005549,.98,1,66.74224156921427
2317,38.89628813106111,10,91,.4715921988186872,.5647454447093252,0,68.36690506546221
2318,32.6908595509403,15,74,.3705034089432184,.3153172130481962,0,75.69866145502968
2319,37.94489578841238,12,86,.4533666904843565,.3543512976001946,0,71.76164171186073
2320,26.92247784189166,11,59,.5181728990747742,.6474880228242114,0,77.24845204518421
2321,47.42579010726561,13,112,.3254542761022289,.3792260612148575,0,79.04580595036104
2322,35.32349816285392,10,79,.4382069419847068,.4819588819646637,0,68.11960616890687
2323,36.85624985567895,8,106,.5898235258956356,.3860797831320089,0,73.20482637867069
2324,40.63223980959027,12,101,.4044551616528453,.5097392018748087,1,81.2819892079964
2325,41.35985263760245,8,20,.6057028510829928,.6397418184707161,0,71.49651388440614
2326,49.96584264267391,16,63,.2834240462975915,.4576708818415446,0,72.9041443180469
2327,48.42142157680976,15,119,.3778874824082987,.4997105708740032,0,77.67315267729886
2328,42.50509827956051,9,324,.2870176549252946,.3721080362484776,1,64.80023376267172
2329,41.48883916408298,14,262,.6051811463722825,.8470079925883363,1,71.74939631823815
2330,41.71796865026522,14,174,.5332254256391745,.5726144309929502,1,66.50629411908702
2331,31.24311419929259,10,125,.3495026806712642,.1885432489917513,0,73.44182491467153
2332,38.03492322357481,15,104,.3335958968962045,.2914538849933794,0,69.63996888000902
2333,45.102781586528,14,73,.4899562396419526,.3318597195245381,0,67.28209917650925
2334,30.82944827886448,15,16,.5130244289555261,.4425038613114987,0,75.99478807238974
2335,33.82350165922952,12,26,.2957469750461301,.3806010325175508,1,69.45252596516782
2336,40.2731963922123,13,142,.3889554467536024,.3148798786318628,0,74.37702803115825
2337,40.8860655279654,9,46,.3800948583637191,.4770245773902753,0,74.64561646874188
2338,41.51432966943025,13,63,.6070147499072299,.4766999204629323,0,74.81189257330998
2339,39.70348240138726,13,174,.4709139844662209,.5785574241907319,0,76.08593981662885
2340,45.05748244546314,12,227,.4301932822650991,.3851197697958189,0,74.95454826964678
2341,41.59404847176317,14,140,.6237292998838321,.6267102421898291,0,79.92205153950754
2342,35.41895602714148,8,193,.336536446987971,.3209715857473583,0,74.84223497262701
2343,34.39355845885921,17,37,.5015011105103691,.3676521015755656,0,67.31205362157255
2344,54.45456654223218,13,250,.2331784979595844,.1299782203723232,1,71.07999595293758
2345,46.95191550404894,12,46,.7490520037806869,.8769868799557194,1,69.35184490986521
2346,43.76874201338779,14,99,.3678366369527926,.6912348583930628,0,73.75820624932221
2347,30.59136804650502,12,48,.233889889863609,.2670431139719188,0,75.91089113056016
2348,44.73136865395249,11,125,.2873051507354389,.2554074978269342,0,69.70681474146721
2349,36.57098555897203,14,169,.4476756156304974,.5926600364713317,0,76.84798951285705
2350,45.62655121712284,10,67,.2023238861531781,.2202358303990248,0,80.04799548687625
2351,39.67509334514423,14,86,.3363162327256133,.416228994934458,0,78.12665362931517
2352,43.04844755737282,12,23,.4273905047751763,.638526647052639,1,72.03483436623858
2353,34.98448494877209,8,29,.5570428496487319,.5673899498052762,1,71.22162985478717
2354,37.9473796399929,16,64,.2837584443086937,.2139271088459611,1,68.72021200696578
2355,50.0372428586228,11,118,.532469909747243,.442678454752044,0,78.22205847283364
2356,51.63881000317897,12,79,.5764562777881459,.5054022293524802,1,72.70655889357479
2357,47.02547919281363,12,330,.3324636555356239,.2766994914440011,0,78.00904457484663
2358,45.168437278739,13,95,.431301794163868,.4706423031103194,1,71.23917658016867
2359,36.51401868414457,13,44,.5490388296210438,.6836317707059436,1,70.78834789726969
2360,31.02297202851966,12,200,.6115229540831513,.8107579984161289,1,78.31546568738968
2361,41.49096856769638,9,399,.4575779972561801,.5629676163077715,1,70.16728230780249
2362,34.18680380704329,13,77,.2021755979200149,.2239518023264691,1,67.68979022141937
2363,35.13668891521293,10,281,.3302968009628217,.02,0,77.10480806370765
2364,30.13871795837638,13,6,.5627320024568103,.3943639545982076,1,76.74679589536781
2365,37.58678857151973,13,67,.3706351331349494,.409286497361687,1,65.99501562840766
2366,49.00963116875938,10,227,.6934166242844664,.5402275137242596,0,78.22136062446249
2367,34.50345457557801,16,103,.6341220354137218,.59041806240651,0,77.63563506267501
2368,35.51265290517939,11,43,.7763985472864163,.859341955429197,1,74.64072892785759
2369,51.37044630749429,19,54,.3806889398142414,.3495265800134344,0,74.62627796705743
2370,31.258631502896,11,91,.4415222239817825,.5495287453975106,1,70.79605173276188
2371,41.39377947988527,12,171,.3542903840042582,.5257074575802567,1,74.41197601303571
2372,40.42139222979393,11,131,.5355948330194206,.5774584873773567,0,69.9812230408081
2373,49.81918057604122,7,95,.4403889315101202,.4692692179739787,1,62.26698751508522
2374,35.86935121991148,10,62,.4200872661303501,.2774411470708512,0,71.80759389740628
2375,31.82034210039108,15,37,.5916695450854226,.3713095571428574,0,76.41747893368029
2376,38.70659818244891,13,254,.479658869735507,.3637186936126123,1,71.09624413771994
2377,48.24643214783455,10,175,.5981151593290345,.4035926171664848,0,69.06869189837823
2378,33.70697697928203,12,107,.4384015256082394,.6796213896497117,1,72.87276499045066
2379,49.40558311743781,14,47,.3214323831670561,.0920953935059569,0,75.29201862430777
2380,35.01386654690609,9,67,.5050554879807876,.7261414146863223,0,68.25576832768157
2381,26.56662342330925,10,117,.4795400490489461,.3858308031043581,0,76.92816979618151
2382,32.95385577383846,14,210,.3342986022276272,.2319633805050035,1,71.30942256443973
2383,40.05759209613027,12,79,.291127019830567,.39565876786358,0,77.26569363977745
2384,42.57155606921494,12,105,.8282740738367194,.9792284469667015,0,79.981884236014
2385,41.88329371439335,8,110,.419879670554079,.4124591245230671,1,70.35721832066767
2386,46.61443155595693,12,27,.6334624286056093,.9031032742391554,0,75.72972227251336
2387,37.81190766184824,9,96,.5947570734820566,.4480264775414835,0,75.07835892624726
2388,45.83070100773727,12,85,.5082518868015293,.6303155710390882,1,73.01706917921786
2389,42.309090517605,12,103,.7069650498119775,.7782197407101515,1,70.41779031015029
2390,45.59727693834785,12,62,.5011659117988356,.399446682976954,0,73.63010060449416
2391,47.11606967273126,10,170,.4673210682972569,.3353296943683704,1,68.74772717344872
2392,45.46050399596153,12,90,.3892437298192849,.445295127631388,1,73.26781755098808
2393,38.87437999396339,12,20,.5402193429921337,.4701296087103334,1,65.8320506353346
2394,41.81918110565679,12,67,.399357661562265,.5306858595491324,1,66.92501460965855
2395,38.20800671745143,14,51,.310731903381781,.3797692831170041,0,75.34581389006497
2396,49.43669897696563,11,224,.4093897290020244,.3957914908922313,0,74.99528688290444
2397,43.96518317070505,9,64,.5669144428019602,.4754856300174277,0,76.71999065097883
2398,35.84021438682614,9,116,.5131222044291626,.6635735498299193,1,70.16932702822473
2399,42.44514374733325,12,48,.3966980113638523,.3561406953945684,1,77.08119195439339
2400,42.21342796855411,9,318,.4213774304851726,.3129442857443208,1,71.66995264866375
2401,28.33220970706557,16,49,.4502304995876051,.3804820872388409,0,70.54650864604696
2402,37.22661556076687,11,46,.3669284421261639,.5200160596293388,1,66.58733213657344
2403,36.98158946704891,13,13,.3189716777248396,.2233453001758046,1,73.76457124582896
2404,45.06862754005853,14,197,.4558662425077085,.6098243276836398,1,77.16810581250162
2405,40.27765378436379,11,167,.2111402376277069,.3629967143781035,1,72.5601399350244
2406,41.37077160265117,7,72,.3484820311947708,.3054712040109553,1,67.17888941755959
2407,27.84526380894499,12,191,.5333306178369647,.1968837832078777,0,77.01268421988725
2408,45.4360361680392,17,269,.5174092769500412,.2729014476336952,0,83.59989056245011
2409,44.46274651769229,8,313,.5995264379956314,.5381969702780679,1,69.10209173892994
2410,30.0256140806839,13,403,.3829536271767561,.4725047468210133,1,67.22525521832222
2411,29.78011227948142,12,150,.4636258332079416,.4925907328696828,1,71.32764350085986
2412,43.26382659257393,9,33,.5750263976366621,.6468148726484322,1,68.63080814621156
2413,46.14997404829213,11,64,.448840874606447,.5305058005214625,0,75.28557657061901
2414,37.82593425156254,12,40,.2516810387457076,.3992715401059426,0,72.42927407327208
2415,43.9496023270932,12,16,.2711008963841164,.3704229246714836,1,65.54008537873399
2416,41.90180031496475,12,209,.4074318552707439,.3292253358850519,1,72.00661499021916
2417,35.20654996710491,13,90,.2568686719576769,.02,0,69.36626126341585
2418,45.45516006159477,9,108,.5424960911017291,.5141371060456746,1,76.01760616172614
2419,44.70201813460113,11,61,.5515962792738233,.7457711579903881,1,69.04069147823834
2420,31.02972280357668,15,112,.5013618735317414,.5641203927569876,0,79.03280198946329
2421,41.29957009924718,11,211,.4870416029433341,.5682830091600236,0,74.50706314028308
2422,34.17950976384646,8,146,.5242475092835455,.2257812285335176,1,68.24635237090553
2423,42.51973032613908,13,688,.3449871397756958,.02,0,75.40066409937305
2424,33.27487987312527,15,88,.4342507482343185,.3655647021984599,0,77.0721998875489
2425,40.62618073555977,14,61,.5090617230668718,.5555490368230349,1,72.00210420215367
2426,36.69265503062347,9,294,.452333394827228,.2234315755701251,0,69.12856959723203
2427,40.47256321025758,14,69,.380892849023666,.4419846591119355,0,77.71031767893673
2428,40.26219963840658,16,17,.2397087459850383,.3616712747908396,0,75.93285724809378
2429,37.93440414736487,16,173,.5362890330479519,.5781603824625537,0,77.87671104349114
2430,35.84284222602509,13,83,.4469597888413634,.6311994808248876,1,69.94823448325337
2431,29.9861675913942,13,152,.3887360900930313,.1876420518380243,1,71.82542771895659
2432,44.26604294318125,8,85,.355425553808439,.5353793629033061,1,68.30920357363601
2433,43.29858683172579,16,69,.3888341230490395,.2581564221420202,0,81.90442184918048
2434,42.5626395493699,13,356,.397808288628121,.7469292513238163,0,75.52089515007616
2435,47.28076810272994,12,389,.4688326688129991,.7490164794425653,0,74.07228544870419
2436,40.23443913785029,14,58,.4287345128860011,.4288023421718068,0,66.8838145167624
2437,39.45025718375676,11,39,.4610185978806459,.61636867005301,1,64.68305834286292
2438,41.92776684816396,14,96,.3832328433289104,.3188871753021372,0,76.4914604978831
2439,41.0202620379518,10,208,.4798303359927943,.4550000222973092,1,70.96690923463618
2440,35.18882868588327,12,94,.7388468097754588,.632323610500606,1,71.42137569206932
2441,46.42995915253466,14,110,.5948114000115893,.6764943118194487,1,81.05282637862803
2442,28.22422644884016,10,133,.398701233993466,.7244648955091667,1,71.66477020401275
2443,45.48206990939774,10,209,.6072143531087301,.7249137042489469,1,68.37562501492285
2444,38.3026093446442,16,63,.4479254014989836,.4302699413129433,0,69.86250537253274
2445,55.10554120507864,10,65,.4102341013362984,.5218503402344372,1,72.50786902880131
2446,39.22506358258218,11,100,.3625918631477727,.2618122360288274,1,71.73043143588782
2447,50.00894923399886,12,54,.4455943138697194,.4056780637250503,1,72.03842421255122
2448,36.86259414175694,9,51,.3500054864589489,.1262963108779398,0,75.49141416896664
2449,46.51163248862999,12,95,.3627326870744452,.6124903812129283,1,71.27383711570279
2450,38.6151343958887,14,62,.4473860166761707,.3841105282223826,1,75.00947754870695
2451,49.42435839983544,10,78,.4447478011100366,.4254820033010788,1,68.84850763054841
2452,47.78354130787741,11,126,.2839272217471129,.7073056958282234,1,69.98563154474
2453,39.94280934520875,16,140,.5464854407924351,.5922745564142218,1,71.2882694296689
2454,43.50678954968259,16,130,.4752351925596606,.6135162607317467,1,71.53165295090849
2455,51.75141305614468,10,112,.4387390923987053,.3815844823811387,0,77.37151577259495
2456,42.1980333092265,8,116,.6008459631811146,.562672945908788,1,72.62995179087181
2457,35.69033235562192,8,271,.35137257128837,.5705246307558445,1,68.63547110035755
2458,47.37277797883819,10,203,.4142090115206157,.4566802808607723,0,79.33488327850044
2459,22.2387415814675,16,63,.4295905624288496,.2212783748042116,0,74.19921252559517
2460,35.11193114223595,12,537,.4713310489398869,.4107994971725749,1,69.72274565370608
2461,44.09366236927459,11,91,.5787691419502675,.4868740401986275,0,74.84809055056222
2462,42.96784756185914,13,85,.4495957486407665,.6451178331388104,1,66.7737916667657
2463,35.40525974835816,11,110,.3036786809568628,.02,0,71.18395200856037
2464,47.06092160714638,11,87,.5324901774186344,.4113173643301326,0,73.93123319080945
2465,40.99080308530208,10,136,.475555441791512,.5293938230977843,1,70.59152252940412
2466,32.29150809626089,14,89,.4005091233150395,.2733578478405385,0,70.09697958613803
2467,30.18095009964152,14,154,.4664343640813018,.5484773359737205,0,71.39852485630327
2468,41.65721244499738,17,95,.4206398763619596,.3576558936050897,0,82.06240581371485
2469,37.29581685996654,10,58,.3250278021778328,.3739396457331266,1,67.61278485335501
2470,32.14302383691807,6,69,.6332190905426245,.8832789457944122,1,68.70686923145537
2471,37.21511681918001,9,134,.3848344227759234,.4040989177274985,0,81.60705102443144
2472,41.33716868226688,14,228,.637568844846603,.8627683083166557,1,74.26102792346153
2473,27.00481280309802,12,41,.510752981409583,.3915157293462146,1,72.82370516523522
2474,28.27261614612452,18,160,.4152796445252461,.2948968110155742,1,76.36118469592485
2475,35.96416813308099,10,128,.5150149717539867,.5164720706266525,0,73.09084696515626
2476,54.38849927600376,12,38,.2290511529685665,.3626269192951648,1,72.27006170557763
2477,43.64459243783034,12,103,.3390055560039503,.3027157238863831,0,79.72156000128402
2478,42.82033338909736,10,54,.3471334207800711,.3537478121239299,0,77.15957277495458
2479,41.54202007750375,10,267,.4872177885336887,.3089491850838947,0,73.22639716700493
2480,39.89097835613633,11,58,.5179097269832116,.3032030499753663,0,74.06320686508268
2481,41.98044051628037,11,129,.5045297635378382,.3765436277884512,0,81.26014734057475
2482,34.81707067328229,13,12,.619919562224554,.6059446205568516,1,69.47402501216155
2483,33.07738433852731,12,32,.5327928490749225,.371972669543267,0,75.50288663033064
2484,39.12459117468804,14,44,.6010281632180701,.5659982912466784,1,77.09744675572651
2485,45.85866443013873,13,110,.204442050671261,.2063544247416578,1,79.58769646959399
2486,48.22000093773871,17,75,.5681274358140312,.8531814952481809,1,71.98872077983813
2487,37.23804773537171,17,66,.3807924097975704,.2725058443974883,1,71.40454775100467
2488,51.53239965208397,15,111,.4908249184483487,.3794487138421432,1,72.18508651753524
2489,39.52404581241355,10,100,.6252560389082975,.7349539341511184,1,66.55499675557803
2490,34.78519888525983,10,128,.5397914198876178,.5400670096689019,1,67.20970719671273
2491,46.13044717080547,11,50,.2755677835642891,.2681661268973445,0,74.00960436400624
2492,35.46623844628559,11,42,.5489059496356934,.3517249944746084,1,68.96317849985061
2493,46.14548990206153,10,48,.4077431722512624,.3123682383404967,0,81.55562479040657
2494,40.53763910340743,9,164,.2200460144875321,.1577736710454744,1,69.03300779446191
2495,50.36823310409936,8,25,.4816385301994358,.6114158754245456,0,74.8382547745047
2496,38.17696564652034,10,17,.4287573718908091,.4529212165792745,0,77.41104730062632
2497,35.68209212777123,13,220,.367239968892857,.3911318990359089,1,75.85465524698699
2498,39.30446710561687,10,103,.3545485973212911,.279270172524363,0,79.65430603112932
2499,37.33769808308413,8,47,.6551473160791439,.4459997636293096,0,76.20555904544928
2500,38.87803989500016,13,135,.6007351227096775,.2968862288500642,1,69.17601521834236
2501,35.03089111207542,16,80,.2600183626997449,.4216531496435533,0,74.50701421668342
2502,43.81278693064718,12,72,.4219001176866536,.5259477199250684,1,66.65724526213964
2503,36.07695027524551,9,154,.5771596465353567,.5886853152320066,1,67.39317995202804
2504,48.33295385244162,13,147,.5044910892240053,.5231131269149326,1,69.25812067459928
2505,37.50956930084525,12,271,.3675617386592734,.3883320526770568,0,74.82528902723239
2506,40.51760066297204,9,100,.31031775727268,.1351623054203608,0,72.83821214621614
2507,53.52281002890439,12,47,.5799559014866756,.4489752228327865,1,66.70160289973813
2508,50.67273461562728,10,64,.4378208703971448,.436244097073294,1,66.39876205787451
2509,45.93125483013451,13,109,.7207741311141034,.4638311761821047,1,70.57597874027694
2510,38.72839039954328,13,29,.4049827963500043,.216871912318039,0,79.67186139387631
2511,41.15134829324216,7,159,.5198696380381188,.6802950249258876,0,71.08853362863485
2512,38.18057056821041,11,42,.3997029093251889,.3358962575401797,0,69.82324579283181
2513,44.90094131732926,8,97,.3872597309954431,.1920502953577888,0,68.45126918381102
2514,39.40195785005518,8,39,.5505649124369411,.5183236508214785,1,72.40207822113965
2515,35.90185176565318,13,262,.6427550662604735,.8073706159620071,1,72.27857066705435
2516,38.41407951931821,12,17,.3174136555754654,.4439966284878807,0,75.51494052836465
2517,40.63536507168242,11,126,.5158430680158088,.5376215795517157,1,72.44510567462895
2518,43.15915325325027,11,129,.2266967955614663,.2397602384802595,1,69.98178902013544
2519,32.61788041121018,13,155,.6197860662410071,.495250945477345,0,75.99890425429136
2520,55.96009032622412,12,165,.3424123368063776,.1292973691813137,0,73.56094367967003
2521,45.13254536142302,11,11,.5205400700453016,.4762034571651566,0,71.99020543938701
2522,34.65420067910389,11,26,.5583785942625433,.5502674791695273,0,75.0562029080512
2523,37.97559168172005,13,217,.4644710405233128,.2306047742334068,1,66.88124545903219
2524,31.25966997541518,12,76,.5610840692317858,.7619645083793193,0,78.74259884797365
2525,42.92501282893554,13,25,.6707532841750252,.6402752451122272,1,68.00635921953523
2526,34.54524838929106,7,85,.3306797346520134,.212918526307005,0,67.9379719729078
2527,47.77806875972107,14,292,.423387684211156,.3210695936770144,1,74.39800959179642
2528,46.86126937307463,12,47,.4971390795773787,.448264546517158,1,71.62431429209886
2529,29.96195257335026,15,113,.3924146661513087,.5877217563189829,0,80.14390399143181
2530,48.15401393840862,15,223,.4044721020789963,.2745738652062428,0,81.26400045868264
2531,40.44609788271707,12,368,.4188854949582159,.3915044938349133,0,74.00776921238649
2532,41.38397233930917,10,71,.452366748404386,.3688004568772606,0,72.46427139134161
2533,42.72538311160147,16,175,.5263109793233385,.3338265296494431,0,71.78199600310867
2534,44.62362493395829,12,29,.5750348095916948,.544991910021458,0,71.86171983204761
2535,40.37625486370122,12,60,.2688692124219322,.215807141339513,0,69.63230164455426
2536,35.13226287636311,11,80,.5786563847436621,.7856345205890615,1,67.82939982848202
2537,40.70361309655109,13,97,.636756151021123,.5590372969100232,1,73.075170759871
2538,46.60516470512529,15,361,.3245482423154639,.3702395627664876,0,72.03264515132661
2539,47.52309739161221,14,86,.4304929033582419,.1921463472478846,1,63.51764976359509
2540,28.10465054687565,11,137,.4675408489379759,.5466560192616677,1,68.3474868888207
2541,38.98910131710065,14,146,.5358568626939193,.7574561956241668,1,69.40908235339495
2542,42.64419093881958,14,79,.6246256992361192,.6989488239640621,1,73.35003520319808
2543,49.82546536315459,14,28,.328055150296389,.2725844382049291,0,77.09818302461146
2544,44.9129543175398,10,58,.607724694706067,.6281478820524584,1,70.38571082338086
2545,47.15001432293217,11,157,.5212687579764669,.5338819957289559,0,75.88717097721297
2546,37.83359833337295,15,90,.4717035103028046,.4331962235013765,0,72.58503960822591
2547,34.64278411760152,15,229,.4227973670768312,.517691180268075,0,73.53178040124324
2548,37.98935066238471,13,29,.5611580064048181,.5069307815020091,0,79.97583758357064
2549,38.56139454584719,11,152,.2297415344247985,.2609932916619191,0,70.58519910649676
2550,37.28854410551261,12,106,.4181029137377978,.3183951655762812,0,71.95974607560001
2551,40.25506038546473,13,84,.5234933584114555,.4726262599979201,1,72.10749187149821
2552,43.77714771797622,11,59,.7451341676881257,.8073264280954187,1,68.32262023164976
2553,29.13291593943315,9,27,.1134761407556992,.1026499146238208,0,77.22466075004388
2554,26.13509747245737,10,125,.3513443408062227,.118734309730874,1,72.65967435351496
2555,32.14358768451946,12,145,.2310296487859434,.1018561560101668,1,65.08687513144984
2556,50.40273746706764,13,133,.4773996686914177,.3964081893633648,0,76.26598609675982
2557,42.45942242352096,9,89,.4474533561308036,.795225680092511,1,67.73032212673002
2558,47.56021054861415,11,134,.4660872325557411,.432038009843645,0,74.83872939785176
2559,41.02630306733658,11,63,.3482895148155645,.2175009246890143,1,68.52430753193551
2560,44.25632477579425,7,58,.4735459991279838,.3991256849854966,1,68.96414819741823
2561,45.62339904611572,9,129,.2889555425911636,.4165347887365105,1,61.98298254606639
2562,39.614814940587,11,72,.4851516877158431,.50303221472826,0,71.48715778697397
2563,36.4355057019061,16,105,.4657147519918016,.3580989334532587,0,78.01970249266056
2564,44.54830327847541,10,9,.345803513472498,.1242703077858837,0,77.21652812125961
2565,48.37803913566751,12,98,.5880134094099546,.6242786268387923,1,70.40748027049814
2566,40.16127394038377,13,114,.5066030507139613,.5694095893976976,1,68.34143616786207
2567,31.22233431578841,12,167,.6297572004613439,.7374336425689227,1,67.52055069494908
2568,31.41737191487009,9,237,.4118803999328869,.5658378168488404,1,74.99937959060968
2569,39.12507122682032,13,60,.5192999850219738,.3069027337643612,0,74.2278542331061
2570,44.63668309421639,14,44,.1584617653197483,.2712020041633797,0,72.32492282417705
2571,47.53230177035216,11,64,.242612985659573,.1089343920448598,0,78.312338902539
2572,43.06029089694768,14,85,.5660778765524551,.6865059708327378,1,70.19575855132379
2573,40.24548829916242,11,212,.4238773812094571,.6195143421832373,0,73.53192472905671
2574,35.30359244073019,14,96,.6335957513470376,.5545332220278255,1,68.2796449115083
2575,37.91887063974919,14,134,.5048616216358973,.3794015488913214,0,72.23266666282687
2576,32.1596337348128,13,147,.4151745939321637,.4079086608408466,0,74.91505984016408
2577,44.73601323442708,11,96,.3867484542847134,.4042098738049355,0,73.11145681029316
2578,51.51337138182238,14,25,.357748626989545,.3308708680722505,0,76.33470995246624
2579,34.506715484877,12,46,.4806306552094672,.4351309360020668,1,71.45607812577057
2580,37.31866378543959,13,65,.4277402960667066,.4858575317288198,0,72.03503443725381
2581,39.50685001992141,18,138,.6491654020410205,.6545799909374987,1,72.72856398000768
2582,52.09087071939098,10,30,.4410070343564319,.4205807400971213,1,68.94274011662355
2583,43.91388340218185,13,127,.2715051375180598,.0479021176563073,1,71.00610397107086
2584,47.15410325168278,18,36,.5176836623058972,.3383352529644272,1,74.56729933206456
2585,38.70625695046751,12,75,.5690901698078384,.4002884070973652,1,70.25099442066414
2586,43.64873937740682,12,193,.4281848267325642,.7250250000511078,1,70.60253253526716
2587,39.8899024305295,11,116,.3882017158423466,.3244228407595661,1,72.41989595204957
2588,36.21189620688155,13,79,.5031508017290048,.3402727417648538,1,68.92182339653138
2589,39.21883840866074,6,74,.5064344760427784,.6615151670152085,0,75.67281024987031
2590,38.01329894444099,12,74,.3340382450932567,.2304976842944621,1,70.66214504458254
2591,41.29022762464867,9,19,.4912433363200549,.4742119892952722,0,76.58746703373276
2592,40.95089118031539,14,152,.3936710419855551,.3298261012971046,1,74.50009329947433
2593,36.8265684841913,11,116,.418330790466669,.2152041737970921,0,69.63300290034475
2594,38.06455594437824,12,89,.4865683525860114,.52737189223499,0,79.88056445734765
2595,40.49888718924338,10,373,.375308533200693,.3862444771139346,0,74.51338671657081
2596,37.94008839186073,12,224,.5278364744211116,.4923475472610226,1,68.65336819023337
2597,41.23308933488615,10,22,.3473996411997734,.341660087707751,0,78.66537783430726
2598,39.0924203942528,11,116,.3166861335884848,.4589085516614591,0,68.84107761899563
2599,43.46529699911423,13,193,.5356689920625367,.6862555489613984,1,75.37701002468073
2600,33.6803767299978,10,19,.5309546479912096,.4483717981492228,1,74.54357995366942
2601,39.86584428157357,13,194,.3432975243652729,.3210952074617879,1,71.60056156940179
2602,35.27313979922265,9,113,.4601321886689994,.558734369626071,0,72.13473530324879
2603,40.4786050269159,11,96,.4025190775832258,.2085673266502672,0,73.0413945424142
2604,34.3590568589004,16,84,.5918654881381085,.4837406033814955,1,70.21506747898684
2605,35.05784756739199,10,65,.5499636608784605,.1300341900895774,0,76.25939077505939
2606,36.46142953938327,15,101,.4631401007510387,.4371199831770418,1,71.05207134304354
2607,43.259592674598,8,94,.4066336637385356,.6882650564196806,1,64.18556598383057
2608,48.05649776509286,15,34,.33888641886184,.470842322225809,0,71.29878951240687
2609,46.53775414412927,12,85,.5981829439087767,.5609194328537883,0,69.29649166282923
2610,48.64638511192807,12,42,.5586698224935855,.4748212586505474,0,72.2180608938469
2611,52.79609219284772,13,166,.3593953946915216,.6124309810315891,0,72.09612440138021
2612,47.84472258209836,15,46,.4394221121346579,.5392959713945078,1,77.90804220963759
2613,44.70496552941292,14,49,.4197339540323867,.4470505967944704,1,72.76103127018816
2614,44.42214483219867,13,120,.4502835140736395,.5167279312584256,0,79.60040178423625
2615,27.69446433886147,10,160,.3456987237666984,.3180529787179318,0,75.48574226340246
2616,53.94465135807908,11,93,.413458860836911,.1787335966850372,0,81.37927381422642
2617,36.49665671234936,13,193,.5242148192681847,.2189275852520378,0,77.66096817404556
2618,47.53003113407171,14,32,.4587996401471273,.2488468251272644,0,71.31384187238113
2619,42.25885310365194,16,285,.353624360667757,.3423128762220382,1,72.95004561371545
2620,28.68714638957977,12,133,.5604550163033085,.5628321954198233,0,72.44029900585105
2621,38.09902793999802,18,36,.4156815064790113,.2793629091882596,1,74.34306358182965
2622,35.02855373863018,14,423,.6480202655782572,.4518376633501833,0,74.89484498304618
2623,34.36649976084596,13,223,.3010408659546652,.4811659089738953,1,68.50580134384406
2624,49.4756374992679,10,42,.4763281654119151,.3817883028502057,0,71.58372565362126
2625,42.25718376181247,11,315,.4082587609652755,.4612338555479495,0,74.53608903109094
2626,41.76398864249771,12,93,.3465103936352669,.4815665141513944,1,66.47097149684068
2627,30.32424254360371,15,218,.4278439982895147,.0758169333192554,0,73.78300149358184
2628,46.99902194816728,11,85,.3836632453605975,.4162363282814288,1,73.31684893906504
2629,38.74819480892786,17,48,.4181171973929935,.4419833472103371,0,75.0061296187972
2630,37.99665145360779,12,42,.3257911820880682,.2455949071708016,0,74.94353618550554
2631,35.21044513605482,15,117,.3092686848169132,.3959722431232494,0,81.19667845270619
2632,32.48962860118016,18,418,.5196927711865678,.6241061096914133,0,76.12397115897753
2633,41.18427624499112,13,73,.5781342087043901,.5030470685223223,0,75.01017089216667
2634,44.16445415488158,9,65,.6345969219316363,.5241576383220382,0,75.47086242055359
2635,42.53406077357439,16,120,.474744488854038,.526563320881167,0,77.68664208663566
2636,42.81374917449389,12,59,.1626866366727682,.193718133673277,0,78.41660022416785
2637,38.66141821876467,14,59,.2461093147466754,.3732239265104613,1,63.5003532987511
2638,57.58312979155998,9,199,.4899827507988169,.7263439099246747,1,71.24592044584629
2639,39.6748742452847,11,346,.467722095614133,.4557945514929918,1,73.44403357534959
2640,46.6346656634389,10,43,.2048807850251037,.1792466214430697,0,75.31940924402838
2641,43.70931719336548,14,65,.4907919059937589,.592353296088282,1,75.15082600275326
2642,41.47660346400642,11,95,.4006412151401643,.4082908221514263,0,77.86046227463164
2643,39.70292922528546,15,49,.6132310459475645,.516309381827034,0,78.00179498731602
2644,35.81769304644151,10,118,.231296405436398,.364723279687991,0,74.55426305009229
2645,38.59139912051167,12,145,.4552454761444658,.7450833645084549,1,71.75184438978765
2646,36.7887493610253,17,113,.3297210623755976,.5904137513109431,1,78.43924383517032
2647,47.1164812846888,10,169,.3820168546032967,.5286493639593751,1,63.67351101056897
2648,40.09957394627457,9,62,.6094853423489605,.2162420303216415,1,69.40665360618343
2649,45.91135716602528,12,144,.2564220763479621,.0320470893520706,0,72.5903597230848
2650,29.05354327162327,12,73,.2574539252190302,.170287538624363,1,66.43526399179223
2651,42.38501801536705,11,103,.5592550193989825,.7762149169223991,0,74.37397538247491
2652,44.84422024609101,13,34,.5911058021015592,.8163446763172879,1,77.01290177464448
2653,43.57944842828557,17,62,.4800019631343964,.587981523565304,0,81.4535885101152
2654,45.74667296992089,13,61,.40569590149184,.490230916649435,0,76.15126572716055
2655,37.24990140062413,11,244,.4258772565295594,.1557555828019839,0,66.40998931661407
2656,30.01248123940271,12,86,.3671569939047573,.4104188698845987,0,72.32372537025323
2657,43.05343914140425,13,65,.5919432453758861,.7371089278507806,0,77.43356755508508
2658,43.0394322270662,14,105,.438173647749618,.4773059888801245,1,70.36360768926072
2659,37.80270024600684,14,141,.3013030887718018,.1893218895699753,0,75.53906815720072
2660,37.25786335122108,13,66,.433814432547402,.5828109531925945,1,69.74073184504454
2661,41.15062646462488,16,112,.5358291373488775,.5173374495426202,0,69.57652765588585
2662,44.08525555599492,15,142,.2937567231198327,.314045683228,1,66.10090261511704
2663,39.41655307284689,16,33,.6142798003609306,.607289945996736,0,76.65119718607423
2664,43.38599825369339,10,102,.5016593456925309,.5513171286744255,1,68.83878188068017
2665,32.66532133523946,9,59,.4136787869856331,.6437517694557826,1,72.90159802281082
2666,40.25728148580882,8,67,.3414666204270172,.6555892073456381,1,67.40292631845246
2667,39.9324349481491,9,172,.4580220072941252,.4442733319180397,0,74.49565564008685
2668,47.28483249538607,14,157,.4358481447912267,.5215497439087993,1,68.89121400844394
2669,41.05778154112112,14,18,.5157895130074156,.5588145281815213,1,67.63026096435206
2670,34.55774377870016,10,140,.4484840128568159,.5893464124957115,0,71.26022415502977
2671,37.13153942998935,12,241,.3320906321542566,.2128322167639552,1,73.47696995672871
2672,36.49089113463874,9,67,.4277850042002477,.5932878441009833,0,69.50457015557674
2673,40.34006549119645,15,64,.4373221835692706,.304233559906784,0,74.57531384718529
2674,42.26840668083732,11,202,.3686497058743193,.297536279267346,0,73.95421008201939
2675,45.29854531988861,12,100,.3941444137287223,.4131494347853251,1,66.7658215509781
2676,36.27398043369285,18,90,.5515264981106101,.5333547451781518,1,76.49683987536132
2677,38.3789539358361,13,30,.5041821787111991,.4729409686277528,1,77.59386909353729
2678,31.32521448868001,16,90,.404883652659783,.5305332037677136,0,80.79923233595717
2679,38.2618838472307,8,29,.3182907910679989,.2870108564130877,1,67.76387365761424
2680,36.2967736432808,9,62,.3846184782879645,.4284225033026486,0,73.40738035311911
2681,32.29992741653543,12,32,.7105579317278836,.7926588700195436,1,75.5564042593806
2682,37.22348640068009,10,185,.4779443732968058,.6647441392008421,1,74.79659969567712
2683,40.87561366885382,13,86,.4649179979816193,.5003339716700254,1,63.80460957326309
2684,44.16738745299124,14,38,.3922678153876436,.384288111301184,0,78.19163002046578
2685,36.68155514833749,17,82,.5880117812000378,.4504961739162431,1,68.7393722505533
2686,42.43322005283893,15,49,.3634199023172341,.1427153630175618,0,73.90638330603453
2687,34.64361741483144,13,73,.2679866472158605,.1810473881173857,0,76.00557701596492
2688,25.66896574537289,10,184,.624178404047762,.5935906740571751,1,69.43023778709848
2689,46.96225745703425,12,104,.4350337179083964,.5309171368548222,1,68.88009442018907
2690,43.67477263782008,10,79,.6091510918277152,.6629657924417054,0,77.87578025245001
2691,36.25283533460941,10,357,.3085576351687527,.255429507792919,1,65.42122678465394
2692,39.40252152061755,16,165,.3162017093588052,.4547034131159388,0,68.92549295409673
2693,31.56172382994093,10,85,.5463530228056611,.5292691335694186,0,76.72154731882551
2694,37.71385716261793,13,180,.4596206199273086,.363489902879084,1,68.75244860611738
2695,44.27523734177095,12,96,.6345863700027539,.98,1,75.45737905429917
2696,27.10796660522613,17,197,.5597673529367615,.3982004615794311,1,73.04178910876493
2697,31.29775037607194,15,85,.3962704368425844,.5508943811895874,0,71.48772087368938
2698,39.54673920408449,10,35,.5427164326597483,.3422602192632935,1,67.01899398634301
2699,34.51954261972744,15,163,.4047555958079443,.4799412233999795,0,83.88478483359739
2700,43.49821963957729,10,100,.7554439359910186,.7069210443995115,1,69.21213472021672
2701,38.68848178414799,13,37,.4588728368484678,.381860753998955,0,72.57150244701465
2702,28.98376017936683,12,44,.5509552581418881,.7292176113569707,0,72.36039626710782
2703,42.46293632819573,11,16,.3115143041675044,.4646897429703434,1,69.79483671752031
2704,40.98226008160766,14,156,.4427187533015618,.4885566288078972,0,70.21054219821572
2705,51.38785432878666,8,119,.4635623397897355,.4306487350919499,1,61.95868632203825
2706,40.12411871458426,17,72,.4821737162839226,.2636701358896618,1,70.88175774231087
2707,42.11578135482275,11,83,.4930375071910085,.6729233585213348,0,77.29728591387027
2708,48.01848278462066,11,52,.400379613562045,.02,1,67.2476490290765
2709,35.60804474817451,12,157,.4084848206145307,.2577451600013063,0,75.92985147507487
2710,46.53067121086765,8,141,.5471919360989809,.4881726160831845,1,60.99080024074317
2711,50.68747778684332,9,163,.542181686750675,.5517631514199198,0,76.92311837052755
2712,40.15551178811955,14,76,.5237600175001184,.4769759080454944,0,83.97655562534941
2713,46.46192539055119,12,177,.4935036453262688,.7638840195057706,0,70.93497962890955
2714,39.09441144303498,13,93,.6803118234033839,.5071624539968071,0,75.5439147796115
2715,39.54093850343892,14,306,.2047700343774893,.1240359888225141,0,70.79943613562286
2716,37.37671296428834,19,522,.5517525005829395,.3882961063918178,0,75.1384457670201
2717,44.96707728076587,15,108,.5232744509215771,.2348095325446599,0,74.38402903370987
2718,39.6895980120841,9,111,.2449516929945828,.2341213400910897,0,77.29191686101224
2719,51.95444067294603,10,91,.4491766801367121,.3854176445903122,0,80.72179225309453
2720,43.10276039512705,11,129,.4891239914511427,.581766485712113,1,67.29873290769326
2721,43.02661640769913,12,68,.3520246691407728,.435416931587449,0,71.73525538059843
2722,37.30628745664183,11,79,.6755694332782678,.4180733856011921,1,63.92431448132684
2723,33.6567581313366,13,170,.3275862223679719,.3971040615770797,1,71.3390244877359
2724,44.45763499361037,11,73,.5762842918514218,.4382590090946332,0,78.48926781237735
2725,43.99617093935311,7,132,.3136034092404117,.3321395736137585,1,72.48128830230826
2726,44.09612103279576,7,94,.3518341399006357,.2844530026396436,1,69.40374827238807
2727,37.17021131515293,11,41,.4465075780284218,.5146756440028389,0,73.28053162939585
2728,31.2868864638456,11,82,.4001063400433318,.380448681256203,0,76.42555315830731
2729,40.65265948471287,14,114,.3964401763088424,.5340939408282486,1,68.60544063265779
2730,47.5275877352316,8,75,.2237025356074701,.0966963323213247,0,76.59597546984932
2731,35.92887668200206,14,34,.4120366709956429,.2473034230818454,1,62.55763560863902
2732,38.83216519803279,9,841,.479986021128976,.4117255783437789,1,68.37183963783866
2733,42.97930802791849,10,50,.4783908439762271,.4474856363555068,1,67.97579083872151
2734,44.52854564152596,14,130,.4906114434463658,.371478003284656,0,72.60996773656777
2735,38.50430257588435,12,57,.4824785398791585,.4067496972263569,0,77.54583383016778
2736,40.75674537130687,8,303,.3972846096814843,.3272113383154641,0,74.0559552340347
2737,44.99125681246487,13,76,.4415330078913588,.5484349365969319,0,77.53503020428326
2738,35.53257317683354,11,48,.5719284836959719,.4411488505768735,0,75.59523707791244
2739,43.81835339886692,13,179,.5039416780543056,.5003866989332579,0,75.13866387954343
2740,41.22773781302282,13,225,.3869310202375471,.4688459775851599,1,69.22071387482887
2741,42.74345018808575,11,112,.5815429233334184,.7540684626712427,0,70.69222843870409
2742,38.00692587450948,11,188,.2767717556735254,.418545158686793,1,72.55941424415343
2743,32.19776242482268,10,74,.4136038053417852,.5708260877605116,0,73.36746195385082
2744,34.61302368376806,12,121,.4011993273303366,.4313034888127636,0,70.26492806292281
2745,39.00967328018107,12,81,.2954919563336854,.4149555506436101,1,70.07108956701123
2746,22.08524457738331,15,140,.6810849885951202,.5159835422278363,1,71.99520660615319
2747,44.42596513269605,12,201,.537273173987717,.4998132246002137,0,79.7673359650731
2748,45.15262003841823,14,243,.3790136040183751,.6474906718769522,1,66.54254564261606
2749,39.81344866861986,10,60,.3523193796329471,.2944155652820055,0,68.29078978611861
2750,43.71211166744133,10,165,.6788439871555039,.5022238605598949,0,74.33813840291927
2751,43.19767218997113,13,96,.4476816172686481,.5006338336257385,0,81.30865356555518
2752,60.46087901595341,14,75,.3837734207955362,.5158820966760984,0,69.47025438106684
2753,38.15846120454673,11,93,.5570391449063037,.6372433670839465,1,74.12163992969872
2754,36.54676034871311,12,102,.5834994839349256,.4869161750818172,1,71.04205097922389
2755,30.13815350964434,14,283,.3274003241428628,.4520415411284148,0,72.63494428876561
2756,31.72081366653828,12,104,.3271392117037854,.1929443636479539,0,78.47106016143518
2757,42.26453801132899,15,154,.1061096557546926,.1381874343694366,0,72.80207689920654
2758,38.13442937068044,13,46,.3690217366442818,.7570242369136948,1,67.15096925915574
2759,42.2523051803137,12,132,.4419013822051054,.2133508156882033,0,80.17967858006324
2760,40.61044911254793,14,49,.7045577741141691,.5170492633321976,0,74.5373488096736
2761,30.91651601670362,11,49,.5031985976342723,.4021100083275783,0,68.46819384166004
2762,42.94625018620429,13,77,.3813658831966749,.3841530037661616,0,73.96361854570932
2763,41.66358792671658,10,221,.4710062943077944,.6592591555474032,1,70.0295728992603
2764,44.92596889396987,12,53,.7200666355559351,.7644738708017039,1,69.20773372330062
2765,43.09625499616757,14,52,.520285242676767,.3139433062846481,0,78.10634129030323
2766,40.7355049772323,10,97,.2561543317000819,.3879447410713664,1,71.27092896730336
2767,33.65516863389673,14,239,.6476610190550149,.98,0,80.86649326638734
2768,35.72522534536599,14,158,.4590941047206186,.4312980511312143,0,70.01191108417905
2769,37.98589477720428,9,55,.7880622891139724,.98,1,69.52491743191328
2770,47.40369579615547,14,172,.243382316652449,.3135853735419173,0,70.35901203576555
2771,42.48151998833055,10,23,.6146770217058456,.4650984959841408,1,75.1992662755675
2772,43.65759226483173,19,160,.4435641603335599,.4332542464250991,0,72.41587346414551
2773,43.99469034071554,11,142,.3275430326032346,.3512380009738377,0,68.96296230204213
2774,38.58042310970237,14,114,.5434273665006925,.5935184842056345,0,71.48714298390655
2775,46.64526626016542,15,141,.6209872408323095,.8279637289329551,1,70.27690476543279
2776,45.65698830858163,12,100,.2235790866021389,.0714622335603679,0,74.66640939681683
2777,50.83875630853149,13,90,.3383632675291938,.401241411679616,0,72.82233769886736
2778,39.61559484588454,12,84,.4165660980548017,.5094805217641976,1,71.51117862380606
2779,40.82805430832564,14,59,.5060590638857649,.1768897714820946,0,77.19559578429416
2780,40.16112073688067,9,97,.2139411097599747,.2505737955681727,1,67.77751062680289
2781,36.01847660831514,11,111,.5398642910369845,.4292386770271468,0,71.69891490180987
2782,48.66098380927365,9,148,.4485565648258345,.4812203399080355,1,69.11637974346635
2783,41.79886409701559,16,177,.5144317217229843,.4154045160526004,1,73.85597167783551
2784,60.85010658761384,14,73,.2453203784113126,.3542199272598317,1,65.24014564276533
2785,31.15890748315059,8,150,.4743131041686236,.3026321913598495,1,69.04280678392389
2786,29.86362028329523,13,121,.6540077862024476,.9517801199364961,1,69.74628718071669
2787,35.05998446571355,17,88,.5944483501722017,.6937901947385104,1,70.93927389996344
2788,43.82919470814866,13,29,.6078227223280785,.6555747430090547,0,77.87359771946227
2789,39.95386459246419,11,177,.4958703547255577,.6921000516210412,1,73.8947232835563
2790,43.69974088899825,10,172,.4121292637126465,.5641986529104411,0,74.30732778718158
2791,42.24328202592958,11,31,.4564244656650343,.4564146260015285,1,65.70119464453289
2792,38.10502743768609,15,40,.6028865732150003,.4424458776985005,0,77.3660886031862
2793,37.56245125463072,9,55,.3438674253670169,.3079654202609221,0,68.11650783261939
2794,38.37650493234191,7,125,.5696495556570221,.4399898137486054,0,75.4521044438122
2795,41.5295909730071,11,49,.5627284471167621,.5664652770971962,1,72.6362424059198
2796,40.45313004392314,8,100,.2623027325354471,.4367974516424301,1,63.9357400930649
2797,35.55114747669441,8,200,.3502412522758874,.3356032034468572,0,75.39626271617222
2798,41.29940048600511,10,62,.5692812506405792,.5212432957028769,0,73.5677301131991
2799,41.62902004886774,14,191,.625459878598141,.6024180404849937,0,73.33434765096335
2800,50.20152144319929,11,73,.3224149347003591,.3304663632758913,0,64.95801657916341
2801,43.22859756265119,13,417,.5741374740195626,.5439130076355664,1,72.8636840839782
2802,44.24647990964556,11,105,.4687971260940008,.5529909435781251,0,69.71003366457899
2803,29.59635309363673,9,80,.3781519993076207,.2037511919765717,1,71.57206974478838
2804,43.64951252249574,14,92,.5186255788279412,.5829006523107325,0,79.8457972911641
2805,36.69151461794574,14,52,.6218381450097326,.7563519316404284,1,74.90514883849615
2806,45.32673750496963,7,148,.1864242792809772,.2467409044809504,1,61.18437461275021
2807,44.58550305041799,10,317,.321569131997179,.4835551404063577,0,74.83650159746723
2808,39.59937136927086,12,81,.192017243640032,.1310426640046268,0,66.41369390574144
2809,37.65429711806037,13,68,.5321212157460946,.5979154840524644,0,72.95923589795436
2810,38.53074192909546,11,36,.6427782707572531,.8826424742021497,1,72.40829701930578
2811,43.67361827624303,16,95,.483511207592298,.6659728759049769,1,77.82291278949155
2812,53.92514360997448,13,171,.5297815088228055,.4848242964118162,0,76.00522559573086
2813,33.7741977191257,15,24,.4144595144643695,.556238526019067,0,72.89240157058261
2814,38.11203375206306,13,63,.3729128971957186,.3112333402837855,0,79.49905580295609
2815,39.37778942914588,12,38,.5971028601046985,.5971893409134034,1,71.08943338486233
2816,44.0299796847321,12,48,.2494971541373356,.02,0,67.44157613417467
2817,35.38077331298721,14,82,.4581386344755635,.4850248433600468,0,75.7042737258257
2818,36.14531618640372,10,211,.3918551871958322,.3671311791373622,1,70.71310069793417
2819,27.52976705692772,12,26,.165745025118841,.0588989974912216,0,73.18680489009657
2820,37.08870394078242,11,41,.549218509324472,.5027981390092753,0,73.0432163451229
2821,43.12103486673825,9,95,.2904595669428388,.02,0,75.38609644330252
2822,37.20927517432419,11,48,.4749195033762147,.3391391235685117,0,76.93826477855845
2823,33.88765535873145,9,61,.5689010124575499,.5244533769654737,0,76.77191607645963
2824,35.10380784357231,16,105,.2976705295287188,.02,0,70.74726674454566
2825,43.1912622121067,9,107,.4284343927666472,.4741179831833885,1,70.46777924786383
2826,40.70880420500745,6,78,.6601700436775656,.5821835520571456,1,64.88433053807751
2827,38.81091123414381,11,108,.2707105545812121,.2536370934941815,1,70.66610846083566
2828,43.17446549390441,11,59,.4271965877395232,.463706762657369,1,64.11462635830733
2829,43.52940901212668,15,63,.4951512721513782,.5718561130099874,0,80.24793077126417
2830,43.08343385156483,12,212,.5748353219081428,.6847139715710292,0,72.2924584390278
2831,36.26787712821633,9,142,.5195838246535385,.7577808103078072,1,72.19952561155542
2832,33.32744833859482,11,380,.3965697247925046,.5189862389498691,0,72.44584797786378
2833,29.68510354762001,11,59,.2798600335581219,.2992836155399036,0,71.01182121394277
2834,39.41947238460286,10,94,.5874380521213635,.663324770522903,0,76.12828919442953
2835,41.34375319564163,12,109,.4117750871046458,.3639134877133673,0,78.41501945053102
2836,48.16846790064092,11,184,.4277291075458071,.5737097094264332,0,69.70388045181201
2837,47.89657230079114,18,189,.3470750851191164,.0316948210376131,0,78.25383222770799
2838,40.3387630845402,11,63,.4267976246363868,.5378246906829638,0,78.45071548580664
2839,43.44074119538624,10,37,.3300505907229919,.2135620800377638,0,74.43245153370596
2840,35.65058563200118,13,97,.4918130088671352,.5694260850426065,1,65.58876894253704
2841,41.92069022115364,8,310,.6266128434030923,.5363015453926195,1,68.99006927474494
2842,42.45809498568416,16,145,.5803417040723029,.5617223810938399,0,74.44138374242263
2843,37.52467511734122,15,266,.4649355784119345,.6284709588707218,1,68.79735712910403
2844,43.95718439938032,9,42,.3651555930940255,.4398574500976057,1,69.19704011899033
2845,41.61331097621655,15,174,.2931998798598805,.2763006964223819,0,79.69220125901381
2846,34.82592656883886,11,61,.4697780805992888,.5700050592814462,0,69.96040423284823
2847,43.99986842608322,9,38,.400209970424162,.6071170198617312,1,70.4550918500595
2848,42.84506720992368,13,53,.5405581360603414,.5303472165334843,1,67.60345240885215
2849,31.10740620935751,10,263,.4965046741881559,.5668705154780783,0,76.63451075591657
2850,48.17047384304925,12,131,.5247478362184369,.5601304861379877,1,63.6457665984092
2851,37.73613455680275,14,55,.4804995329751387,.4001033656623991,0,79.57103368784422
2852,37.51760946290236,12,80,.4563900649187921,.4070244900999022,1,70.68718034310771
2853,33.05271419847612,12,189,.5469468265725019,.5529051699089408,0,74.68074112273821
2854,45.54416442613904,14,85,.4751624018002349,.6333757346711251,1,70.03572798585645
2855,48.7648711159832,11,184,.5890680614130296,.4930889584417927,1,69.23313210735073
2856,44.61571566093792,16,37,.3909699434117268,.2891205263474691,0,72.53420695475315
2857,51.30903605622547,11,51,.6203139620650501,.7091114743858633,0,70.05132611085865
2858,41.77907561350283,12,48,.4222526413161368,.4720404631040522,1,72.68515248486077
2859,29.81998930121671,13,141,.388590405479066,.6224200926992542,0,68.43842526288915
2860,31.42621168108202,14,288,.5352523516729952,.3767357026378956,1,73.42085195867301
2861,45.11401311284247,6,52,.4655080237187249,.3672981429217136,1,71.3510744122011
2862,41.66260448460741,11,156,.5063071188424707,.4263860250403285,0,76.06224017046982
2863,36.35124562771598,12,80,.372289269831529,.2007000712135433,0,72.85981462656791
2864,41.42610709604478,12,63,.609847412743312,.6597671152710138,1,71.91385719187683
2865,37.37623642529643,12,39,.5131291717153255,.5710069795746696,1,71.45521513155917
2866,30.32607269296749,10,100,.4492238981959001,.5559016555153139,1,67.90974019718804
2867,32.88429523644012,14,61,.6282825002481478,.5656429224550633,1,69.44216855361263
2868,51.95693869032313,12,75,.3474676638859058,.4091124289882379,1,70.49455675939106
2869,46.71099843490748,12,369,.4817900497537767,.5173377321497684,0,76.56342637732655
2870,39.03557961551832,11,68,.2214163803841208,.2827474385580663,0,77.08396793428712
2871,26.29611153621209,12,67,.2824037754386983,.3690946786213052,0,80.09461629294499
2872,47.03620913823057,10,84,.5294577338709006,.6028858592377152,1,66.45194164860581
2873,36.49030585524816,11,42,.479596849199478,.7588024171914205,1,68.63814070957459
2874,33.5132547129592,10,107,.4618900522929971,.649586889309351,0,74.86616434063829
2875,35.25756442222131,18,97,.3816776804780019,.4142061208424127,0,79.72648104556235
2876,33.51958193580236,13,127,.5340080002533018,.4581481702662337,0,75.02109441506056
2877,45.80944584130361,6,140,.3627196764753176,.3045546725135747,0,71.41133023439316
2878,35.4277480420733,18,157,.6646322934332289,.4541796051704718,0,77.99217548177343
2879,44.04540980295135,14,87,.4839050352440077,.2968550073395383,0,67.45978102118507
2880,44.66651314886496,16,53,.3346388393927873,.2921121732045902,1,66.05960340628255
2881,45.79552870746517,10,409,.3626817353071428,.2204068292669082,0,76.41996159413769
2882,39.02230828422405,12,161,.3472450472219786,.4933628209835487,0,72.79555539160428
2883,42.25680521521068,12,36,.3891961417850806,.387071948801617,1,70.6662675835544
2884,39.3764490642383,14,26,.4708666545660829,.3966246437177947,0,76.2388624641852
2885,43.13346683139335,13,290,.5744152367147156,.4655155493738166,1,69.181182862684
2886,39.72039498211733,11,19,.35016164345483,.3767271363594497,0,71.58377668920581
2887,56.12183880085848,11,153,.488947684352775,.605556783412006,0,76.60231292947174
2888,44.76768069026284,10,29,.3248184384170593,.3536097114063231,0,68.5068595550016
2889,40.49804250889815,12,110,.5574824030499378,.5061218560222918,0,75.65193698740984
2890,39.33650560170113,9,244,.6123297648505118,.6818763641621378,0,73.70606916642475
2891,47.67992401389058,16,51,.4232325516656429,.295993998843716,0,70.65725307396279
2892,41.33816977407054,11,56,.6206226272580927,.6227782345824701,1,70.85701669619799
2893,35.11355523434243,12,84,.6583272679868741,.7040098087680194,1,73.70900725478208
2894,45.4438952231451,16,156,.6398181822145794,.6432138848198974,1,75.65575865556451
2895,46.04333671681384,8,76,.296820285794798,.3014674191706071,0,77.57826466081157
2896,47.55693774399768,10,204,.5292737590889331,.3828744083241159,0,78.39158178387839
2897,34.90082189181585,13,147,.5322659363805837,.6226974407563456,0,78.01707199662494
2898,39.5016340199701,15,186,.460810116569735,.4038726241619237,0,78.50850643421713
2899,56.15501220590833,13,65,.4863461926262367,.5592244019536904,0,76.7401199754551
2900,29.38578858614045,14,134,.5226159619220511,.6566833001569152,1,71.82564875315394
2901,37.68129694674339,11,48,.3530939652711697,.4063833183877457,0,74.27303251870266
2902,31.98552895399666,11,68,.6420269224895732,.5500305998667352,1,71.96466031964076
2903,41.24689315482932,16,100,.5217530422251939,.4237094690923251,0,76.43057674657187
2904,43.50543840078341,10,13,.4473466060331417,.4284714391930893,0,75.61759240319911
2905,40.83370251105482,13,230,.596656777328105,.3217874890770698,0,76.9487655052782
2906,33.22284433963718,12,312,.6143688934778345,.4610717400284162,0,76.79259982487606
2907,42.77179581383477,11,182,.3640654107746157,.5079707364445468,0,74.46564887204549
2908,25.98634287128541,8,13,.4648835679250489,.6169393700309931,0,78.20876219998836
2909,46.22806488518095,13,21,.5453532949379155,.3897770799840734,1,73.71348486810014
2910,41.24708711952776,16,27,.2851309865879429,.553590982770235,0,75.16166045223326
2911,55.65102862779817,16,85,.509408611239295,.4792234416210067,0,84.61116508983231
2912,31.43961319410111,13,68,.4159834404896285,.530710633164409,1,70.66295915835339
2913,53.40128773753243,10,144,.2983262786178011,.2210184061418402,0,74.54496091868675
2914,43.55887778333354,18,53,.503090690328587,.5110958444485662,0,75.18242235989372
2915,41.60091282607863,13,31,.4060964805482961,.4063722364224391,0,75.13893161452359
2916,43.22456400843625,11,203,.4369692731294335,.3427273666548824,1,69.93561493550666
2917,39.30719234779004,17,67,.3624650396923986,.4529332515000156,0,76.44864452195931
2918,35.53392358513675,13,123,.5188855135626078,.3754087103434667,1,69.66348166454736
2919,42.45805929649282,14,84,.2843913341891297,.3443133633199448,0,76.6737599428044
2920,35.77126573534683,14,225,.5660942120451462,.5783511982810993,0,70.53987235910905
2921,39.45147080678383,11,51,.5835643314884595,.4829243998838407,0,70.9535944044306
2922,35.06306932080273,12,125,.5033377519713245,.3394010402229287,0,71.9150169310297
2923,40.49859894943488,10,68,.7517189515916738,.8355039854761976,1,73.15283103597251
2924,55.2526928252901,14,15,.7029044368863084,.6425052930148989,0,71.11231618724246
2925,51.60553611415401,10,172,.3091079645074733,.3018016309942633,0,68.65302922292713
2926,47.59777527502582,18,88,.3190848474843979,.2931570390311236,1,72.92041637720058
2927,53.44578127270803,11,14,.5440307153688321,.6218349145465013,1,70.22574607166455
2928,44.43678541849351,13,64,.4412987972075109,.7140564264376646,1,73.51162107457188
2929,30.71187301245881,10,486,.3557282165235733,.330428093441555,1,63.96464158127968
2930,49.04051223523236,15,256,.2707807743339154,.02,0,73.27626395865374
2931,47.85091597209042,11,136,.6159338201911618,.6112095104835117,0,78.50869947642306
2932,44.79681750211211,9,124,.409516988219994,.4558179445698495,0,77.19833598743351
2933,40.95267369743632,17,210,.4089047444209041,.3315397255514976,1,66.05959982462623
2934,43.62108081389523,15,42,.2867237664916235,.1493221376007144,1,68.82663672524154
2935,29.18789583175721,10,45,.5001809305500625,.2600759014865827,0,79.49567237843036
2936,39.46371602372788,14,64,.5347214090524671,.7860443032592372,1,77.26192769604441
2937,40.25871458634408,12,170,.2951515265018957,.1042405455978803,0,75.9625566264713
2938,34.09903628784674,9,89,.6185992110097586,.5696298638306426,0,73.35670201133941
2939,43.77897511403652,13,73,.7264904347393524,.7669046202029828,0,74.67201761159617
2940,40.50838170019597,14,64,.4860735051490466,.493576322622014,0,77.22117346886625
2941,42.2213666532942,16,83,.4233822126307439,.6721364596934638,0,78.39879188749308
2942,42.09707073153944,8,67,.2450936120978997,.367590120225437,0,73.80118745573749
2943,45.29833002869658,8,208,.4717942037757507,.3668203712122582,0,70.772032229267
2944,33.76348337904214,12,77,.3726681257644615,.3577255478920058,0,73.32669293482101
2945,45.61662582366785,12,109,.5917547085548041,.8033081612545314,0,73.58703169261332
2946,47.39246255805419,10,302,.7207253268616001,.6956960388146087,1,69.37473890240295
2947,38.61864674218747,14,194,.4087372190350285,.4463681969175631,0,72.1772005400599
2948,40.92724563068963,14,89,.3630418857496322,.2491691700989155,0,69.37654438179429
2949,56.8673285031136,12,129,.3938429433093268,.1770041393764699,0,77.4095539960169
2950,42.61041337724061,12,203,.3615029257993531,.6521460801187362,1,72.8752014170591
2951,37.28232195740284,14,28,.4362611063951352,.6628561405257707,0,78.23674571649757
2952,45.61846329727213,12,104,.6395254590770425,.7156371600610022,1,77.69724138728256
2953,32.19176677241809,13,216,.4908000856823535,.5722317151014772,1,73.82244414578049
2954,34.24322849125627,15,161,.3755889009306568,.2726246404206478,1,63.84974338399412
2955,44.87473126171582,11,33,.6051754927633622,.7998569551134254,1,63.01836303311978
2956,34.9690904621083,12,63,.4541595555531046,.33825270916345,1,70.93587154601444
2957,43.03548240194957,14,31,.5211437903995264,.4517194146216824,0,73.74863034135095
2958,51.51585734443523,14,43,.5322614553759664,.4829699021705664,1,68.44826769680964
2959,39.04520753715746,15,73,.4664861399644679,.5977479642900119,1,67.82971570495005
2960,38.27714329412292,10,67,.5542713944915199,.3896847647962541,0,74.82423078758609
2961,49.36876362073328,11,198,.625967856785259,.5609882725138329,1,74.0502721716296
2962,39.50137841058078,16,324,.5072437932246323,.3331656843746572,0,73.32858322535692
2963,43.60194333050549,10,211,.5563224639110025,.748145347340862,1,65.96707055590625
2964,35.26268809253681,16,44,.497325984120332,.4562618624340903,0,77.95221364828157
2965,46.5547580934666,15,84,.2669346185345897,.1739416948352056,0,75.23531007191555
2966,30.75421301211441,15,58,.3487371455276357,.4438122648331635,0,75.38467890658478
2967,49.44406292151892,11,198,.3709807734876837,.5998508957313414,1,69.98291749982339
2968,57.84900923064128,13,51,.35951220675473,.5235493234020931,1,73.16575141656197
2969,48.34977365485088,16,75,.5142601767066685,.6600451392663618,1,71.37238210241716
2970,26.0848127958718,12,309,.4567640784296619,.4168480014033966,1,72.43423513082914
2971,36.4335871161804,16,378,.4123330507656029,.6619208741449927,0,79.54797396535129
2972,47.74877856781986,17,92,.172952812210137,.2263122951866119,0,76.32014151602961
2973,40.64680062516907,11,49,.5430254391202445,.434599408950181,0,71.72678744652383
2974,42.94283974239351,11,57,.3674145671320328,.3422042311560278,1,67.64676920232537
2975,38.23697170784111,9,59,.3794229698576828,.5091296999393339,0,76.99031106321489
2976,44.64213334100327,14,59,.3229809959368763,.4209514134551615,1,71.04979060520121
2977,39.17213331585798,14,116,.4058850454964787,.2422793319646386,0,73.47160098076891
2978,35.3833517089682,18,124,.6034552351368883,.6060806373288729,0,75.75161622923557
2979,40.20780441070483,13,235,.3194790449933279,.2889994055104604,0,73.27830652237697
2980,29.4477304019381,15,53,.3596881038847633,.322813398260862,0,76.20732933585545
2981,49.37831399817609,13,99,.3100526485874834,.2055796706259512,0,80.70052902453445
2982,34.53700803869534,10,283,.4172641317013693,.3829127224367928,0,68.71960749740569
2983,29.09848243368674,6,93,.4467418016750617,.4290131331495889,1,73.54427207870019
2984,48.31390693475392,14,29,.523221784614242,.664089808849689,1,68.15595830509267
2985,37.92015928243466,15,58,.4872183767567901,.5161507989853786,0,72.91766469512763
2986,38.15208665958159,10,93,.3534196349400417,.4083913281659711,0,73.19927102154564
2987,42.40289561652634,12,63,.5277049237941052,.8518756063957935,1,77.42125846026035
2988,38.9256673605093,13,103,.4483051248531651,.4512004269334219,0,78.17957642889743
2989,37.86848925325761,13,161,.4402900894490806,.4458289343605194,1,69.65602111089048
2990,37.46833558629927,13,538,.3980955216930924,.4142018490746956,1,70.0050044296531
2991,43.05979811782501,12,150,.3622779002251296,.4296465373307578,0,79.93782441538877
2992,32.25180778054356,15,73,.3558217761543095,.2585911463853537,0,72.71490732368822
2993,35.00771318890426,12,306,.6466899949480103,.4912257159847776,0,80.0335737869685
2994,40.1548862685813,11,231,.5563165221871,.6422207197194056,1,78.11834913981163
2995,37.21760881853566,12,157,.5061354267907929,.4489612547807092,0,72.92793862782942
2996,41.43988591603053,11,36,.5137637558189003,.7449331802267019,1,72.108563828699
2997,33.89431825778066,12,147,.3313457796222323,.3279871381718411,1,70.81467448133792
2998,40.83182298913519,6,55,.3178648130283492,.56188080743463,1,62.92969099490133
2999,50.80521944502891,12,35,.4257110750525211,.316393157448457,0,76.04899160495215
3000,28.85482003519806,10,41,.4752917553435956,.483208984319965,0,75.73966305563984
3001,34.44394720006692,9,29,.4373670136055363,.3554496644289002,0,71.44518417204485
3002,44.37404877391668,12,60,.4727339680430168,.379906960037135,0,71.74462822198177
3003,46.55987005598658,12,167,.4158805938804379,.2866308767969722,0,74.08214664863509
3004,51.30007037854539,11,72,.6666092619022714,.7565140558282553,1,74.60494610957525
3005,41.24851748852515,12,53,.6778895003192493,.6081288901883467,1,66.74682534497359
3006,39.59649338033994,9,94,.4601592855101493,.1416958894189639,1,62.18353022113511
3007,57.05037605100443,10,291,.3638423497422825,.349451477444512,0,75.3685085758174
3008,38.51695740074917,8,91,.4021580770568663,.4432911983978534,0,75.31273524735067
3009,42.72956854999064,15,36,.1819840294961767,.0742753034739319,0,75.35991685299491
3010,36.1134899796953,13,83,.3917609189925398,.3506863380162968,0,74.87975527556452
3011,41.37069904905419,10,114,.3832868193895209,.6458473099844492,1,72.08497037906253
3012,29.72745804451323,14,198,.4718927350295911,.6433761008295239,1,69.82195886442916
3013,42.62038298177546,11,228,.7409395923198825,.5631478260904269,0,78.86478351338518
3014,41.71034048904371,15,138,.5169870771393412,.6009812461199423,0,71.93675253398557
3015,39.21351257305759,14,83,.6027942928505191,.741886699865458,0,86.9197041177691
3016,50.85359795830028,10,40,.3152898835090824,.4650067433244458,1,74.59136351539303
3017,41.49952132134536,16,89,.3905614668838552,.3835532641982861,1,67.56434639177739
3018,42.6218911538873,10,201,.6048037535202753,.4771118422749333,0,77.24252061061468
3019,42.33022680713333,10,106,.4550458654574164,.465170007089856,0,78.1929158394943
3020,30.05831217731076,14,127,.5372774259151432,.468167107907845,0,75.14638226882556
3021,35.10761145035043,6,70,.5212638671457183,.4847243413142113,0,77.53517957370138
3022,37.30869990004403,11,96,.4311497978126493,.5641390658365695,1,73.37767197053263
3023,33.07819803647907,14,48,.3701435636089115,.5930531709466131,1,72.59872219875774
3024,30.77472096979847,14,23,.2388299261697771,.2693093436104496,0,75.59047290343977
3025,53.97121056373476,17,55,.2361889376302532,.3110282233430161,1,70.08770265358396
3026,40.4360601504908,11,236,.4348613281497137,.3041616175611119,1,70.72340523610769
3027,43.18587996480898,10,112,.5466536526155469,.4225225048666159,0,76.47193607857925
3028,41.44766202323638,15,61,.4500188600047271,.3340227576335439,1,70.85181706204985
3029,41.18473360610074,11,173,.4891368741249184,.612621925605518,1,69.39799911917595
3030,39.48269859103367,12,99,.372152897122642,.4421572538926568,0,71.84484983142644
3031,40.78180932225661,9,190,.3679610359037824,.340154246367611,0,75.1646151557288
3032,41.83712420849663,16,60,.4745152980776399,.377926630128449,1,70.33511943593932
3033,33.44882669242955,14,110,.4724061170086784,.3935308540045687,1,68.86506302037795
3034,43.87394238521639,15,98,.4979131764398081,.3462686827646512,1,71.13324492058921
3035,34.2484985488724,16,6,.5922156760574002,.6080556609195421,1,76.34527845383529
3036,41.75094761104229,11,109,.2451253183820559,.5270612043126375,0,76.60402596692454
3037,37.37637422743045,11,64,.182514298913984,.1858153119546636,0,75.97997541700909
3038,47.64440480497141,12,87,.563931816236489,.6197706998640334,1,71.22411069532005
3039,31.78520974887592,19,89,.386970536837727,.541273060249585,0,74.33746824590808
3040,46.3571175407563,11,120,.3810349389599428,.2600212300656972,0,76.66180186642707
3041,28.48655739279293,12,109,.5870665383143943,.6363977670274862,1,67.36450017665672
3042,41.86382703525069,7,58,.4609475000619674,.4757725655451474,1,69.39376597477161
3043,42.95608888209524,9,421,.3689529815761527,.539993647932911,1,69.59190035526555
3044,37.19513167042685,13,53,.455239050356817,.3836560440709882,0,75.41341041630901
3045,51.13481966404354,12,88,.425746201972775,.1048762919092587,0,73.93044410484109
3046,36.2784237649541,9,98,.4495017327134376,.3557770200007129,0,78.35447742669105
3047,42.90470865431668,12,78,.4999681412869761,.4704870696162871,1,76.72320495206739
3048,45.92695822251937,10,254,.4308903218935033,.2345549265004108,1,66.5273249540225
3049,35.86129294213472,9,46,.3809657061824722,.3337272043904574,0,79.7045421056778
3050,42.85494072796412,11,102,.3751711434659409,.3258080694290918,1,71.7185271817667
3051,41.72978101003734,15,30,.7778711542059265,.6707086229950476,0,74.32546817409414
3052,38.36363961870868,10,71,.2870757873775897,.427624886788139,1,71.29514604964984
3053,43.22797727993918,20,38,.3105007038824823,.2578334286431756,1,75.96361960221242
3054,50.25258321787209,13,94,.4029453790204122,.3428006200622883,1,70.12780264126445
3055,39.08440524453924,13,62,.3908971068340564,.2753135643128353,0,73.02496623338374
3056,45.61195617553756,9,32,.2882662676381559,.337486200282001,0,75.13525842945242
3057,34.85772718337967,12,51,.5329540952220422,.4867382434468239,0,71.76125314222683
3058,41.48202602714033,16,166,.3307895144808508,.4605302622044328,0,78.23950993755025
3059,33.98118101481781,13,147,.5925923567560427,.5431820451918919,1,73.7403402658544
3060,38.01545484122526,9,60,.5786642550453855,.7787914893485197,0,76.29196896199065
3061,33.70922603816084,11,26,.5326366345180442,.4117453556992087,0,74.9003828922945
3062,40.66121664310081,12,44,.4046369218418778,.6291687981854706,0,72.72166592979703
3063,44.35465247036408,10,44,.4047806435086694,.4364869628184077,0,72.53601847994487
3064,44.10113737214753,13,141,.5012118614749775,.6386872764229417,1,70.61462770496706
3065,42.21461408658682,15,53,.5569792320236,.5404537299941028,0,69.73895449690296
3066,45.67356723309632,17,48,.4834606673131257,.3063998000084015,1,65.8988025291769
3067,40.75223716552126,13,129,.3148919921097539,.3417851615008298,0,69.00481124070055
3068,34.29416332402626,11,143,.3556636272459081,.1842871401324848,0,74.03709812209777
3069,50.0940706936796,11,46,.5093133092108447,.6253274208146622,1,69.20357464220706
3070,43.30716783695953,8,94,.5437440369174285,.5618193414573494,1,68.2406336255184
3071,40.6158398075869,7,81,.5932229133625333,.5514733256299,1,74.47039259566364
3072,36.47133238171786,11,182,.5562440885585578,.6194370634179613,1,71.95063013804238
3073,35.59391296632436,12,224,.4484175680062948,.6063042255823372,1,67.62825478077437
3074,36.53961008105795,15,206,.602404417100181,.6938245922033132,1,75.99793931197685
3075,43.93580242375289,12,47,.4042432631392746,.4878329795401956,1,72.17280879314156
3076,44.44575666462563,16,197,.61516151019952,.6748177109629648,1,75.66051875755494
3077,34.86018194230929,9,124,.329854265867818,.1030511531727261,0,74.45600133684687
3078,31.37197322660446,13,70,.5157571585806605,.441040625312141,0,78.6353296431619
3079,46.88834779149179,13,71,.3661704730891909,.5691223306262678,0,73.7600053904813
3080,26.08269616954153,12,96,.7925052304357649,.8495399089358067,1,72.65410934408938
3081,37.79641463244224,15,179,.580164803488382,.4258232492665504,1,67.687280579519
3082,47.66294169093013,10,105,.3221885548887307,.5229067165891406,1,65.16041542723696
3083,34.57673317638252,10,46,.6333595365870176,.335957960542247,0,76.77931892953448
3084,46.18854044375733,7,32,.7301265690407156,.7189601628900302,1,70.08670589790958
3085,38.77037722724313,8,95,.6468482702541971,.6088411134298354,1,70.25620013905501
3086,43.05532115044439,13,121,.4545284840013787,.5486749387001277,1,70.29733626559791
3087,48.66369809187591,7,95,.4830961199163982,.4834420450665229,1,64.42933489874504
3088,42.32960249690904,12,14,.5490349040161551,.3760661408033487,1,71.7623014197992
3089,37.6509065417309,16,173,.5450790965932442,.4732891952194777,0,73.32612765272333
3090,31.04013105527191,13,103,.4519847504679682,.8463012294866012,1,75.09914843444176
3091,43.93179464205428,15,326,.5356465853767317,.4540484847059064,0,69.59657745489956
3092,39.88592178127249,10,173,.4083953806445685,.2688082773033326,0,76.99659460821449
3093,39.08839119562467,12,32,.5500319727592773,.5829750785194181,1,73.99576519432202
3094,39.8856549325265,10,298,.2065983561704575,.0994668360847639,1,67.28175953495258
3095,38.04403023806382,11,138,.368529027384487,.5034585412283057,0,71.10692374954252
3096,34.2721044533583,14,108,.3843096937329464,.1729214449602457,0,69.25766233250094
3097,38.84024628958682,9,127,.5155448531367228,.2800135691049863,0,76.79180817087807
3098,34.55215702172426,13,28,.4249564991631946,.4270458034451753,0,78.67055464985719
3099,49.22026281714158,12,481,.2251871533222625,.5295919400605621,0,74.01181232121907
3100,46.06859063251569,11,80,.4363374025210485,.1637972416660521,0,77.86227414094969
3101,34.72897622721159,18,171,.4894383677993646,.3844848724032572,1,69.80108024330062
3102,36.19522589253427,15,65,.2397335018086359,.2354772765482881,0,75.74196251405627
3103,31.10799711516864,12,274,.4403075727546883,.3970453947578284,1,75.5438511712202
3104,38.5569286820418,14,25,.2765308248356077,.233410147779303,1,72.9358488350024
3105,40.32414900717347,17,65,.462626958662139,.1883566801255336,0,79.37923643006113
3106,45.21995519445333,13,60,.489649840142744,.5685711537961319,1,70.1595466346764
3107,37.58738977914321,11,66,.6472408730675803,.5653472873411097,1,70.97073867651876
3108,23.72294520490299,13,359,.2271641385808238,.1923461523485189,1,68.29502659914212
3109,36.07619523410792,13,45,.5391061393382414,.3697236792742535,0,70.70497809981035
3110,37.33477651033773,14,121,.5477259098044969,.5074561326649923,0,75.65963988724637
3111,39.92879378660842,19,83,.4963766758773986,.4498959761138021,0,74.02223677042174
3112,46.05213373383299,15,155,.5233417480584953,.7496548051159335,1,75.24612101739983
3113,43.69526910709435,9,239,.358780909195237,.3797982672106475,1,73.23112487118627
3114,47.47307559151847,16,129,.5048686791726439,.4091426356093223,0,72.92582581301363
3115,24.0219449879768,12,167,.4757135324964659,.4005177741901959,1,66.81893279193841
3116,33.28775093970926,10,55,.3353219791739644,.6018895102807895,0,74.47780787548221
3117,41.42137449777676,15,132,.5084279709761581,.4897806340904501,1,63.50346788324227
3118,41.10122061633064,10,74,.6204203940398569,.2716696873742726,1,66.97930901404413
3119,44.53455354210683,16,125,.2787395488464981,.02,0,78.04618069745645
3120,33.16311292780399,11,73,.4665750902957803,.4001299128124206,1,68.02106417670122
3121,33.42139676107627,14,54,.5502607451687026,.481897871834304,1,66.23988016131949
3122,49.28454278361572,14,39,.498157097915836,.5004421145704379,0,81.13629398390432
3123,45.08094386003397,13,123,.4163275382932161,.4681778030950948,1,68.83796901651073
3124,33.43069146287097,11,105,.3833796737143903,.4923954993874311,1,68.29274885700687
3125,34.29454285781944,12,87,.3262631328588664,.5291032818324108,0,75.82897198851627
3126,38.60626951565278,13,138,.6188181535961864,.4994621131424551,1,66.98607832020993
3127,35.85576437210023,8,212,.5629189026051379,.6214358957161922,1,71.47875807958748
3128,48.72048679716132,11,220,.4799803863449629,.4564013722100152,0,73.33467156452849
3129,36.6208232295371,13,40,.3758861092209547,.4437920837140364,0,77.9633731120845
3130,41.39954670380196,12,98,.4480592797853734,.2403330615775288,0,74.66963673798391
3131,41.25012537621071,9,74,.4936111932922255,.5492821886312093,1,72.3166553645177
3132,36.97405863826427,10,160,.3785073264461494,.3002040326129483,0,77.01158621211758
3133,35.38449844063177,10,77,.5377624266521108,.4940858070753472,0,76.21805933731704
3134,41.43467394808795,10,41,.5639545122541829,.4972611624204203,1,74.75957808977236
3135,38.78552220957637,17,147,.5924582633380682,.4450895719654746,1,73.92872590212346
3136,55.08556089791306,10,30,.3789940335429681,.5793509237802964,0,70.94032975662998
3137,43.55069198030244,7,38,.2933692844127913,.4545054073293965,0,65.46494510908954
3138,48.93212382006608,9,96,.5416752670770805,.4988312901016232,1,75.92841452941832
3139,40.49885967391006,12,81,.517308963259412,.1290433635670221,0,75.99361304786692
3140,46.1736011097061,13,61,.4245324150473563,.3369521787772141,0,75.54741932544485
3141,45.84007734468604,10,54,.3775146671687942,.2641569804499377,1,71.86806233052717
3142,43.35408649783045,11,214,.4794891386729107,.5099369908236822,1,66.44556132591666
3143,38.55997234737345,11,110,.7851745865598327,.6180095568452381,0,73.33119269671617
3144,34.68450050479425,11,79,.3889611144136236,.3859092263277696,1,69.27223028205377
3145,40.2353105525787,13,51,.513732604851193,.5742441414990508,1,68.74183207010542
3146,39.16957574891078,13,31,.3325061459502442,.3712013167641438,1,64.42831786413591
3147,31.82700503745796,10,253,.4550499732225139,.2207634563220413,1,71.80349103696929
3148,41.53081408743395,13,155,.5353174227480014,.3890359218239761,1,72.6491755357752
3149,39.67402815204226,17,97,.5996667696700113,.5434281945486705,0,78.41135122983847
3150,36.32285096423865,12,47,.5559190395005054,.5813433798915725,0,77.7353292338188
3151,38.47429911284947,14,79,.6085859236554081,.5718270862476923,0,74.89055990279992
3152,42.86086559470152,12,108,.4019066298687926,.4621113931598414,1,73.21982408247884
3153,32.71523945473788,13,30,.6532807246188501,.6139257162570174,0,74.89467773327834
3154,32.33445742538316,9,32,.1494266766654454,.2052148695247029,0,73.48346063092596
3155,31.91766263782273,13,180,.2058884140147042,.1902851614482259,0,72.88090238339851
3156,43.71700912987998,6,28,.3909041037840779,.418135127590569,0,77.32594619414965
3157,28.03935891513989,14,105,.3304412777133698,.2566501925103294,0,76.42275432650868
3158,43.73568662634595,14,52,.6284903440817784,.7180058959533545,0,74.73152730032557
3159,41.75867219564827,13,24,.2968397108189558,.5525055531375418,1,72.75000005708061
3160,43.72813060722181,15,83,.4852317937441085,.631613541649487,1,75.19145033791561
3161,38.07958125137883,15,32,.5009335303106214,.6484374347730555,0,75.52977276359478
3162,41.13605839449083,13,34,.4130614538925996,.4124038199504799,1,72.11905189902669
3163,50.32325087546774,14,109,.5159602861363218,.3940185233339814,1,76.73570960170922
3164,35.4539394814032,11,51,.5247250634466099,.2333217628644185,0,80.61910394202613
3165,40.48662051980285,16,369,.3962761966358423,.4363331196362868,1,70.22294046852856
3166,42.75475146047545,16,137,.4645710084297586,.3363064428243051,0,72.63692704375278
3167,40.88943228216029,16,252,.4770713937544647,.2223656116385836,0,74.34870772256158
3168,38.8984651264219,11,415,.5152568335076676,.8487872557734704,1,69.48380765287814
3169,31.33543574555784,13,179,.4601419893714171,.4470103451606768,0,77.45829602454018
3170,45.82752741266017,11,96,.7011056805034712,.6283898415069538,0,81.49759420989938
3171,32.34530300394505,9,166,.4619264407228462,.1539546463165815,0,70.97873620015314
3172,32.07059992495964,15,82,.6197288906461832,.6855132319366173,1,72.78901472458772
3173,37.46606829962708,16,118,.4037794964605296,.4146566591940421,0,80.00014209798097
3174,37.84075250277247,10,28,.3627087115418737,.2506920951877286,0,70.94414917979779
3175,37.78243763926847,14,77,.4546380647154283,.3264910096617641,1,70.37544597736368
3176,43.05937740306832,15,507,.6540273900895607,.6714116165118038,0,80.43886688105843
3177,31.67906673801573,12,66,.4418453362287056,.4738637008467114,1,69.21690902833765
3178,36.64504523455386,10,102,.3997970411364373,.4781771223528141,0,66.77856254324207
3179,35.81966741971888,8,113,.3797270267618841,.4513419160632782,1,73.90437615190557
3180,38.59545953207967,12,126,.4606185834064405,.4431435261270994,1,69.04443005578777
3181,44.01913526216208,12,253,.8196077384098552,.8937684381337033,1,67.96011795014168
3182,33.24060863669465,10,115,.6183102902607199,.5152246174312156,1,67.02344146323489
3183,38.78091762337191,17,51,.5694003754887297,.2418589707896431,0,80.6109740956247
3184,38.89412341757149,14,142,.4549350150515362,.6149358568554022,1,66.18933578230543
3185,42.11018162519292,13,64,.6127533723871927,.3643093946251064,1,75.34702661274399
3186,39.85818691610985,9,63,.367752816854908,.5299215514725807,1,71.97529261237973
3187,35.79552799707132,13,104,.4420309861815374,.6822153959467929,1,72.01264475505756
3188,45.11067462024842,13,46,.621387370132595,.4360434371713714,0,79.44538386780674
3189,41.53114609197517,12,44,.4210651480032853,.4571236145777595,0,72.58849382166332
3190,38.39101034607676,12,122,.5544227460690511,.461213617096735,0,70.16852238605459
3191,34.77718423600967,13,25,.6136199855600515,.7774879937602786,1,72.43726577229312
3192,46.92555512700028,7,116,.5488964820069866,.6456262448243832,0,77.70263978905105
3193,39.08333324123311,15,54,.3042504238825654,.3464566876888082,1,68.71604013594695
3194,32.02115666792802,15,45,.5962932019226929,.7706278680750785,1,65.53608697548528
3195,40.48939474394576,15,43,.4809263126506276,.526174848092604,1,71.93093695131896
3196,28.51328677276733,10,13,.3487565329863496,.5881621409945613,0,72.91054070026532
3197,41.36780437796079,16,129,.359574372635852,.2722258977649676,0,72.04706836517705
3198,47.04042308487938,13,111,.5927177243242839,.4503351611478775,1,70.04013960062893
3199,34.29549989267301,8,385,.6430243649777813,.6732848254763961,1,71.92750121167201
3200,43.26509621465613,12,52,.4897649352981079,.7055699744545045,0,75.75434630949091
3201,46.25317889466636,16,71,.4290167870006684,.2920047341240047,0,83.91494705770174
3202,46.20338259345538,14,53,.615137863781017,.7045727906585254,0,70.46497201606527
3203,36.01720890622848,15,26,.4294858881049575,.1332141032307707,1,71.70584204029788
3204,45.88742883412986,7,159,.4854854961189187,.4738923719596957,0,74.8645097654059
3205,48.57253869403816,10,122,.6921253566551647,.77239757893032,1,69.85170325524754
3206,40.50172824380657,7,93,.4820067893320579,.6964309793901572,1,75.2652577033967
3207,30.52305606993061,10,159,.2831045008121649,.1763907515768862,0,74.42970615608911
3208,38.63932793532564,14,35,.5942535324879834,.6137641493758953,1,70.92093829541852
3209,43.08638157398717,15,141,.5783709354209832,.7023908078613181,1,79.1491425194086
3210,32.31987073387462,13,99,.1312046939667221,.0803008795342411,0,76.0718073320331
3211,37.16367575672636,14,57,.3880654385450351,.4467736222896161,0,76.56787580155788
3212,39.67015273611076,10,145,.33323023812458,.4209046494758588,0,72.00699542098718
3213,47.94317770460167,11,89,.2404026918762698,.2086332383196501,0,74.67859106994135
3214,38.74267390119561,15,46,.6307497195300341,.9413542814568998,1,75.1540278668534
3215,44.57194968692168,13,177,.5915437397491783,.4560263893791775,0,75.46510532831894
3216,47.64047832133065,11,87,.6464750676921758,.6869260722034936,1,65.60420944341539
3217,36.22040857756357,10,56,.4217979172269162,.5028480237526182,0,72.88319735269197
3218,36.03349356919826,7,29,.3427903107436716,.1970523399891597,0,71.87006598267762
3219,35.86465334458104,12,100,.6744401617247044,.7279077154804953,1,73.06039330968609
3220,42.59343459882216,10,163,.5236629672654983,.3862508644342716,0,76.1873907862644
3221,41.98735678824588,11,196,.5849059238104484,.7362515503167957,1,70.655343245244
3222,41.7683575238601,9,75,.6281079654841313,.6563187888681972,0,73.00794214482505
3223,55.15256960249565,13,81,.3211728424415461,.3352142446381929,1,69.93178897817798
3224,40.24532725838957,10,163,.485736685199224,.611081202012041,1,71.8965446372586
3225,35.54324477590621,14,164,.2289403467231212,.1266353539883412,0,71.34517859959408
3226,40.1785623561368,10,60,.2931235437444862,.3117947914362392,0,70.47992391401806
3227,37.74171936965901,9,65,.5078724958572537,.4800380453970927,0,69.06702308108338
3228,34.38711415570733,12,84,.4831690522219266,.5481522528465307,1,65.87704292994184
3229,37.03120527617363,11,147,.4460577429648006,.7169021921794182,0,78.37661071290924
3230,49.30507263439387,19,132,.3457843342986109,.2781942139381724,0,79.6101880164462
3231,44.83905691144255,7,30,.2830494973816406,.4821830303482182,0,69.07271901664998
3232,45.06232669867448,11,124,.4659024973124749,.4016915246768537,1,71.48504379146792
3233,35.3630167556118,11,178,.7272795852380691,.8701835576338077,0,74.52358023029437
3234,38.85928106123278,12,41,.4729374396743967,.4635083175392447,0,75.60444689100801
3235,48.92874020796178,13,62,.6198187432577438,.7121918774979876,0,79.83746617420243
3236,37.57013788972341,18,97,.3579365650357696,.2819553488302828,1,71.04889081549709
3237,31.91768663550624,11,69,.4205840290777739,.2821539413669877,1,65.83901790434081
3238,47.6907832096827,13,206,.4048554899821638,.3467656619566458,1,68.85638758276303
3239,45.24162930717762,11,96,.5421675298510996,.5164894552937673,1,64.22738127285592
3240,29.63377761234393,16,121,.4591106548880319,.6598538662312629,1,79.63116282395684
3241,41.68182580369965,14,263,.6103788653661592,.552683401654478,0,76.7868197199419
3242,41.95716713420605,12,92,.4769717197796257,.5231043702624619,0,82.6037956639916
3243,36.04282068895073,11,96,.4302880449096705,.6229384556169841,0,75.91521032069382
3244,33.55143422483332,11,84,.4146127627770156,.3725694771199255,1,73.35186517906588
3245,35.04252469006495,11,134,.4018547570416868,.3788926459424811,1,71.71766081116832
3246,34.7469071502464,12,27,.4476015656541307,.7209086968902306,1,74.44834867264288
3247,49.20172762518372,11,69,.3327586063712572,.5645257773304573,1,65.87868426394292
3248,33.24239144459408,11,69,.4024925223759901,.1840047747847602,0,78.66231619863579
3249,38.62885740912231,11,76,.4285667847106662,.4480659161979553,0,72.24118055034808
3250,44.75962620290517,12,325,.4750187372778318,.4862036503449808,0,73.11185244000158
3251,35.35660114101853,9,146,.5722729482510337,.4349651333606068,1,69.72426051168912
3252,51.4775793426234,12,66,.4256365323291709,.5636070865129912,0,80.27212797024239
3253,45.52228417794466,12,126,.4928643008024739,.6548732891236884,1,72.61049306639464
3254,54.91963727573216,13,154,.4194502144709322,.3984068293006132,0,81.79727067225458
3255,38.62989839322727,15,42,.3725223959840914,.5230679778964203,1,73.01361318625246
3256,42.23628472115134,10,149,.4791182834620339,.5437734980188877,0,72.64032017350911
3257,40.89650631263575,14,119,.6908320877506259,.6148281354839171,1,66.88423661432168
3258,40.27993891427717,10,87,.360320869370399,.3358631977513998,0,73.76632171599141
3259,42.65533111980493,15,148,.3994811598921736,.2277310275923164,0,75.33391447867157
3260,50.52217664394496,13,182,.3566467077613185,.5687099645884055,0,75.74803017341104
3261,36.71070452743156,17,106,.5575300350392157,.7129581575089501,1,72.72869471174013
3262,45.91551341888969,6,122,.4947757579716954,.6510363453583767,1,70.84899617122535
3263,47.41186198850078,15,141,.2658537540002253,.2819919036262828,0,70.23686783153241
3264,37.77007681281975,13,165,.4086066435628228,.2846066768659969,0,80.81176919065288
3265,43.72750673944446,9,134,.239492370027075,.2065406635540356,0,69.87666243687045
3266,39.90926854700574,14,266,.5349461291920589,.3594176406124909,0,80.50153379131041
3267,29.87112234568098,11,81,.1430303173117609,.3429729141795747,1,67.64236452542553
3268,34.43189487745177,13,152,.5335082950061255,.6818160965727247,1,70.05670956941431
3269,46.03749482460814,10,37,.3061638073666286,.3896652004554231,1,69.33534184140726
3270,56.9081492600808,14,142,.4009040967397704,.354379942971739,1,67.64177532813325
3271,43.93799998803039,10,158,.3321392148391886,.4310171757941065,0,70.51689432623765
3272,34.91792224396317,20,172,.3435513131173348,.31492471662913,0,78.01446295459658
3273,49.99364455136965,14,68,.2573961116483303,.2435911909471747,0,71.00470668774132
3274,43.50262024621574,16,158,.652618879184068,.5639611913319382,0,74.86725842889571
3275,37.79280441769183,12,73,.2695018269110336,.2963786616583637,0,71.67470467290764
3276,36.14537674019996,13,36,.432660327555556,.3577929352088617,0,76.34580396907091
3277,42.80533775239091,14,111,.5254398129040947,.4688912289528189,0,73.40849752468088
3278,39.44550183672072,13,131,.1771430331332586,.1283837795911148,0,80.83887579381833
3279,28.26883198224584,12,48,.4529547860149036,.5147902569003678,0,76.50432984726096
3280,40.02134000245068,15,136,.3748167792186444,.4612041142351135,0,70.62490071605838
3281,40.2028692908215,18,145,.4428571437371048,.3764157273009803,1,76.20464371716531
3282,43.97897898531144,13,50,.5076381890042108,.5071830824916027,1,71.2472521738093
3283,37.94925634516594,12,96,.3320412020982909,.5146961126481837,0,74.24628079818204
3284,42.21088022418685,14,120,.4838220792657763,.2188204503102422,1,69.38133382153261
3285,32.50259964446881,10,52,.4453741774236574,.6025094761929557,1,67.58057222878693
3286,49.00560724138647,9,98,.5402728727637393,.6097310913440143,0,75.28530630000033
3287,40.09787107831053,11,51,.2178759021268832,.4348469283058011,1,69.97318326348973
3288,50.93727325451602,15,180,.6503351064834187,.5168266379272145,1,66.6118719271157
3289,42.0041661088077,10,62,.4915311009857232,.2852363846392461,0,71.96171210066707
3290,48.26208178884605,6,26,.5118807834149588,.4017423680466601,1,64.1550759042624
3291,45.2151910180288,13,163,.4245622128879654,.0809942475836946,0,73.24531620025235
3292,43.09907240804508,10,35,.5544664513832671,.4929429773045377,0,74.7240480361676
3293,43.5539057904615,8,256,.2067413501154872,.2292575862961734,0,69.09833407211084
3294,41.5384390462204,7,88,.5022476141892849,.225354245568076,0,68.92272076453854
3295,52.41736027756659,12,63,.5420260133729827,.3347784529722445,0,73.70484367503434
3296,29.36510467586267,8,153,.4827174509441768,.7386840928717746,1,71.18880472564624
3297,39.07876263279942,17,61,.4341401495953994,.4679493699303606,1,73.25433653062981
3298,38.3292690247175,10,178,.4371285677657766,.3399734516379372,0,75.23213910303141
3299,46.68764203848423,8,49,.6246746519084896,.5054341082603452,1,71.24138237056282
3300,42.63866801284522,12,55,.6853685381789555,.6008403782731593,0,76.70739451974933
3301,32.92919399762881,10,39,.2939477204184964,.1440693386282062,0,72.72931455841876
3302,37.61451112156552,12,289,.3342096813798972,.3776436694346142,1,63.44520356321686
3303,34.78665522901443,15,72,.437763462325332,.5581261874961433,0,76.70354652721686
3304,40.88009452918144,14,22,.5286086475985026,.5523556798210645,0,75.64015128672816
3305,38.89642103868014,10,39,.4330889356576816,.4905955434054613,1,75.28593340968817
3306,44.74039238959872,14,145,.5699458620402128,.8498122710808416,0,83.11424386080249
3307,45.03559655603463,12,83,.4451612229000799,.3061352140245498,0,75.66692697558965
3308,41.22324949573638,10,36,.417328640163997,.5018209008043456,0,75.80556059132364
3309,47.01089285501027,13,41,.3287054908146593,.3157096810090134,1,77.48822364352726
3310,45.17368386813081,11,353,.41164001131432,.1808025483920037,0,75.7832757325916
3311,49.53215000609197,15,92,.2941659249484585,.1979822517011074,0,82.17241929626825
3312,35.07436973854021,13,65,.4285918122018574,.4272189184901072,0,74.71526190218189
3313,37.88377814489908,13,116,.5547567478121515,.8182847377405351,1,76.53542180675154
3314,38.94383612025958,16,585,.3101792797549495,.2869022285972389,0,73.1642717375144
3315,48.69460589361712,12,92,.3414404576329536,.6410322710415679,1,78.42144561507757
3316,36.82637102395288,12,121,.4362182314842297,.3630374600883707,1,66.7036645379401
3317,43.40930674401239,14,73,.4304727685313815,.5861706319253601,1,65.52925880658417
3318,36.06146708380724,12,23,.4109326666190247,.4541560512051971,1,74.04742823172835
3319,33.95265552934786,13,248,.6265871857129626,.5890496383684647,0,74.57670605182595
3320,40.42636685593944,11,47,.6465649509633907,.7162456602400418,0,76.43823626260739
3321,39.20497668688655,11,103,.2897457333291648,.1671245989461133,0,72.22287353155983
3322,46.42682968309568,8,195,.4404552514034503,.7613252573630367,1,74.10471003779736
3323,47.17031582287775,13,250,.4822747942252903,.3300775610746466,1,68.99617060553753
3324,42.70534152128309,12,111,.5180908696663571,.6237097053793941,1,73.39803261880677
3325,36.0983515524789,12,31,.4351448184878884,.5030003199500983,1,65.9896464322012
3326,40.58505944479375,15,96,.5148473563468298,.5212364834551418,0,65.66554770867853
3327,41.8873620991743,10,49,.7355015266525254,.4286863910131646,0,74.38055037445675
3328,39.03438423524229,13,322,.6848623596686758,.5155960989963989,0,71.24978336277256
3329,33.73177413884877,11,71,.5437727075149076,.6742493363093675,1,77.17649511403737
3330,45.1555812372396,13,13,.3486595640948114,.2691631109007644,0,68.93282913779379
3331,36.52098149326923,10,137,.4723989068589315,.4167102937783042,0,83.62821819974315
3332,40.34332288935659,12,147,.4836152038250204,.5866136729459641,0,75.98401747133664
3333,40.71054522214204,12,317,.3971055785489251,.4825773259666368,0,76.13187081848977
3334,51.21752278785846,15,214,.4355720408737797,.3881380266422871,0,74.377331914392
3335,52.08856683917583,12,52,.5439305027013834,.5167457376581408,0,72.00504374382179
3336,38.47790740217505,12,99,.383479036031025,.5780997769478969,1,60.36321799615177
3337,42.08335483042541,13,119,.439129294823605,.7088612764449902,1,68.93708943223277
3338,35.47989203688288,13,91,.3120776339585307,.1740575401036799,0,75.81844115892946
3339,49.19122810968181,13,271,.5282616529126837,.5004831724206399,1,70.51867421008085
3340,49.3986105949789,14,68,.4957106599709263,.3808954696975367,0,72.36792456469898
3341,38.05245639093471,12,63,.5027954398731368,.4242693082918032,0,80.03906129188499
3342,46.60273655484828,13,97,.5567286131384664,.4938685129515406,1,73.02482937555077
3343,38.48086256644329,11,73,.5662116567148934,.546131547557363,0,77.58039076161697
3344,43.38930033682983,10,32,.4502988915345762,.6403901357415699,0,77.40978062537518
3345,32.7407739155998,16,110,.643488749963591,.7479733954337134,0,71.05357344374659
3346,41.29318093875958,11,265,.4530433375643481,.6523843299274176,1,69.62422186811098
3347,39.3323370237929,13,59,.5140819364781588,.5004824031676424,1,68.62335135283887
3348,38.73789747945114,10,83,.3465094946491841,.3129128430422053,0,76.69185402376392
3349,42.81955026319602,8,37,.468461626769053,.3977628595529766,0,76.03214120703529
3350,43.53714169490628,11,144,.5601422079174345,.6893658142480948,0,81.56756636047422
3351,38.90539651694792,9,67,.2524336489629676,.2558658161952048,0,76.50701771824446
3352,44.2994208083995,15,62,.5031039063569769,.5875063880416829,0,73.43455285117311
3353,33.99330819129201,13,129,.2856707880960472,.2528981327133552,1,65.97582288137933
3354,43.65823586323428,12,96,.4198268761355443,.4613022546409938,1,67.57987231377433
3355,40.88054099712774,17,73,.5604119436219102,.6349985899971131,0,75.42404463168394
3356,47.71820451428331,10,169,.534613506133454,.2879866746106989,0,73.15984686096805
3357,26.47747533091918,8,91,.4587877222277199,.2809473127924504,1,63.06475442207847
3358,36.71682579868266,15,62,.5526880400315949,.3743313001732586,1,66.58247512840315
3359,44.13402419688192,12,108,.5107252640488076,.581832565392417,0,70.46199109785339
3360,31.9869646921729,9,78,.5129845098362168,.3780431443769335,0,75.12173787515491
3361,42.52646887199006,11,195,.5819370634101353,.5767052014797724,1,75.85672513076467
3362,44.85213797400683,12,172,.4733849860200701,.425975357423068,1,66.76092604062762
3363,44.32454342191181,12,84,.4576738974561896,.5279036834445224,0,71.90222062646804
3364,28.17240154074764,10,127,.3863920406249839,.5300517715724221,0,75.34254098711467
3365,35.66820459216862,12,419,.5286710865064104,.3919674074347281,0,76.43162886184172
3366,31.29190061969615,10,534,.4186447139891805,.4515027985917154,1,74.42815137875847
3367,40.84236446176079,12,186,.6350974353115592,.6397672013619031,1,72.9565618229469
3368,42.00699039247237,12,53,.5735039752443559,.6544856019674128,1,68.70435846010849
3369,31.94932606381935,11,42,.5977834710440181,.5847058030599734,0,77.6933472957015
3370,39.79062663217383,14,276,.3763353561285189,.4488476410268208,0,76.05448202029081
3371,43.5410115655412,11,372,.6154169684921983,.7746568762151689,1,70.68999614866092
3372,37.31134385211453,9,27,.4158205841091389,.5252170688889319,1,71.68109467897689
3373,43.87567359900821,13,85,.3092560423970546,.2521732714338554,0,83.40135810115993
3374,38.92863084365738,13,277,.3831397147266177,.4194777192333661,1,62.17216908902088
3375,44.21182150683738,13,134,.5145349442930862,.3785103399262247,0,75.7485985933963
3376,43.20547633441326,8,81,.4135844549807292,.02,1,60.77822165996549
3377,37.39789792057202,12,85,.3163321795008638,.4143388187060348,1,65.43001622967999
3378,39.91551433440427,10,178,.2651164356987918,.4159991364054563,0,70.66565328220736
3379,36.71328065580417,12,54,.4604586868760117,.4550306467499879,1,72.37466142733322
3380,45.03284396443926,14,463,.3781356768057469,.6916479405507594,1,73.09364236882421
3381,22.85567956672225,10,79,.3801994680539993,.368056314555618,0,73.6323389282898
3382,44.96138659608454,16,177,.4621892558839308,.3673957158748841,0,79.76663794896044
3383,37.78357206564311,13,29,.6457662845082581,.3525291221257225,1,71.86923673711331
3384,35.48860687272989,13,77,.3943787501919889,.2777062721022901,1,73.12461269772645
3385,43.21530406644037,12,82,.279422595461836,.3358607104427266,1,72.05497155061637
3386,38.90664971067952,11,31,.3303345326115703,.3901335284333008,1,67.65999079304673
3387,49.58323889061407,11,62,.4890069039977962,.4835087104956566,0,73.25165388072038
3388,37.4668513273284,14,52,.4506891968981063,.4241786826505123,1,70.01643191975585
3389,47.91469960479305,11,97,.3604839827188341,.4427301146820546,1,69.09990305353828
3390,38.75855917215409,11,61,.4333099443783384,.4937275085009489,0,77.03803822951498
3391,33.0832644269992,12,380,.457828095730209,.5288208050797006,0,74.52588807124565
3392,30.08686899457559,13,122,.4550698316883278,.4305468637309937,0,76.57493338614329
3393,36.67656524174987,14,34,.4202034334322861,.5130564785378311,0,77.84533326097214
3394,38.36116893222282,15,53,.4209590593862766,.2740974582402651,1,71.91156136552235
3395,54.73100897518973,12,491,.5998205433827901,.6653627117101518,1,72.43833732529599
3396,50.52092066054686,7,201,.5965103463107952,.7111718267429197,1,62.73592438352033
3397,43.55167557387516,16,52,.4915386831960551,.4574133812392168,1,70.85852850462916
3398,41.0428869981026,13,139,.5516029629367005,.4066240543762664,0,79.0471698574684
3399,36.98318706432629,9,188,.3707681859706856,.4466826093049266,1,73.56543598216292
3400,37.16226271274818,11,391,.2184765200057494,.0252228514335848,0,75.40212953967885
3401,40.60654543023298,11,96,.3558238116449602,.391155031812218,0,75.34622421204891
3402,40.34179714151516,15,189,.4905379963761338,.4610066190283637,0,73.14875464432862
3403,39.32118877398493,9,131,.5893433590935869,.4901013201431317,1,68.07123205315619
3404,37.15961240590914,16,64,.5847569232896339,.4301896084084417,0,77.16497865366847
3405,31.9043557190153,11,194,.3423232411005015,.2673803629786451,1,68.25224057680281
3406,42.53264406444926,11,86,.4072933982208407,.1820503620183701,1,74.88887021027678
3407,37.39968098721983,14,30,.3850068809258212,.105214183825278,0,79.23705624573027
3408,29.3166926999734,8,134,.4476916428262397,.1633541482743819,0,67.61838691782958
3409,48.47483453967194,7,51,.5717908151028283,.6435877957202816,1,68.31936769341232
3410,39.04610192941243,13,90,.4998771655622534,.4032706815469687,0,75.10458855992869
3411,40.11356215597719,9,86,.2826093644763579,.0514279071785157,0,74.61823750439099
3412,46.4431908137599,11,128,.4290767835503799,.1663448538681167,0,77.38170966765851
3413,51.49454146344823,7,82,.5884425482752046,.6588208027033177,1,69.77254532488909
3414,51.39538773119895,14,144,.3617099715659317,.3197445236494046,0,78.89241321214251
3415,51.54182529555624,12,138,.5137038059127368,.1989382267014187,1,76.5545051635808
3416,41.54010124821397,11,95,.5522457046749984,.7052164483721554,1,72.94901689257753
3417,37.63403250018313,10,26,.478315945011584,.5103989775851803,1,65.33373698917838
3418,34.09309199383971,11,105,.2588799005095423,.2313681690239121,0,69.03804203154479
3419,38.79436688853293,12,137,.2557656886145339,.02,0,68.86524570124286
3420,33.10581814006233,15,75,.3999140168427226,.4784325949158822,0,78.30175829831198
3421,41.05943328907504,9,326,.2799001937670086,.3370174161775245,0,83.3067821790832
3422,38.40092735553256,10,46,.3224943504530903,.6337899407028844,0,68.39683457815215
3423,39.32029176224296,13,46,.2751639729681918,.0980628887239168,1,74.69503371952759
3424,46.69005834311195,11,41,.3930349836775092,.6633472599675667,1,68.60896260249039
3425,47.33525625857736,7,184,.445387649087705,.3726820975045788,0,72.11456298872648
3426,29.2847240715263,11,126,.3466565270214934,.4156190724017922,0,78.05950627661085
3427,43.43834935699884,14,72,.3339400548668473,.3333584598784585,0,72.62171594138429
3428,32.95823073228537,15,72,.4544644845389831,.4285701770374124,1,71.03088574088372
3429,30.6683151905322,18,98,.5491474005540522,.4365714054712411,0,76.82004709125046
3430,42.34936198253866,12,115,.4913105013192547,.6282072272843588,0,64.97058391891238
3431,33.81872799723274,15,80,.4856989093570839,.5311839460679375,0,83.25550569047606
3432,32.56101232761919,14,53,.4927107697359283,.5083041364201903,0,72.36698074711381
3433,40.86399914038064,13,27,.4518926345865779,.5078758496432328,1,74.12015252866253
3434,41.94741640789483,12,614,.5396594555067347,.3233909685810662,1,74.28974506858663
3435,40.03928526549178,14,149,.4494725725012995,.4551278697835586,0,71.38473928484927
3436,42.25084841132396,11,121,.4607874527491459,.5707180379714071,1,73.42019344016524
3437,26.47628207235984,16,74,.4138029465766366,.7135263800051088,0,80.50229821813267
3438,37.14001339416598,14,29,.4259118560107838,.5185716290504016,1,69.65937480706887
3439,54.39640510811395,14,287,.4636387810871525,.4795011473845354,0,74.44774657743085
3440,40.90184046772023,15,38,.463541761826929,.5237174303801161,0,69.64858473907249
3441,40.55499208680754,10,125,.4488258684868745,.3753774488337279,1,69.25705723155538
3442,44.83448904254402,11,59,.4457229171457519,.5112648441624281,0,77.36304524583927
3443,38.50458719739161,12,84,.6218108327438007,.5659030926352513,1,70.5700954912962
3444,38.62256472586196,13,59,.5076650244839704,.3058483398773019,0,73.22390338501343
3445,31.9939989976415,13,68,.5651481565133284,.8843968157942186,1,68.64439951596073
3446,45.70101949943087,11,119,.5349481269465515,.5429902655509137,1,73.54969233147939
3447,48.0122318859183,15,63,.5487444376423313,.7264833645392593,1,77.04439520132892
3448,45.57285176406997,15,50,.5020274377760451,.835161439293145,1,69.21511719556921
3449,38.21793699931034,7,70,.490084935906604,.4163229862015659,0,77.88773223218143
3450,35.12411603876823,13,495,.2374101177054955,.1632756636265628,0,75.20576376659984
3451,34.31944520890201,8,86,.494932838055807,.6230269270340313,1,71.75820894337886
3452,32.94023143690244,13,96,.4552783984392602,.1949772382304711,0,76.29889198933152
3453,37.21529523589156,10,131,.5224411849724353,.2904268671366643,1,64.30397868264248
3454,37.16322113236056,12,48,.1793365054870153,.2954790656611705,0,69.70100408354369
3455,33.7472743506798,14,86,.1530339259944334,.6022606559926236,0,72.79857282240948
3456,35.02479144383577,11,156,.3532393821860227,.3312678599680845,0,72.19231056789795
3457,48.16898894278707,12,400,.3715671304284245,.3917528600735405,1,71.83827177868942
3458,34.12676332402306,15,88,.4605642379962805,.4419121333162714,1,66.08734316472388
3459,38.79468166347244,13,45,.6763015947416002,.5029567239998568,0,78.34147097933349
3460,37.61022427349681,12,55,.463015392910943,.4103829461049926,0,73.95860371368293
3461,51.31171376411126,15,83,.5490100199601495,.4555395420508156,0,77.94989959337381
3462,31.5771939209334,15,48,.3257843659664693,.288158196606614,0,76.14893624215074
3463,34.99873795896224,9,520,.4066963370702214,.4520270475475835,1,66.56470524564115
3464,45.48175030401736,11,40,.5104417153258728,.3085884011601124,1,69.68455604346697
3465,32.96776506838698,7,178,.3762702195402075,.2387970316988063,0,68.17435472705728
3466,41.44462511559271,12,95,.504741964821632,.5753194780494111,1,70.53761718538767
3467,36.06243316149322,13,29,.5673525124901216,.7287124631821265,0,80.2226569471034
3468,35.92301047641926,12,50,.3090041710695848,.2999529886585806,0,70.17192100451933
3469,39.21483744116514,10,66,.6144705089173226,.5958100373154661,1,70.29291069647009
3470,42.67625291087616,10,82,.2887530135991466,.3921839131433371,0,74.68242858452378
3471,39.74336146470966,10,221,.4070685813990378,.3786715036645231,1,67.19827451268588
3472,39.9814181892575,11,145,.5003287289656904,.4025090349802878,0,68.84278922354162
3473,32.35338260558758,10,39,.7381484352990308,.7177109189804499,1,65.39215849074914
3474,35.52810232183202,8,18,.5197271911472909,.5871973152367036,1,69.24453907440625
3475,33.42137471217158,14,127,.5488624511975047,.5210343400425523,0,77.16729354901044
3476,45.44066949075765,10,48,.4518259970244871,.3381112648140748,0,75.19739375629901
3477,44.19780138425649,10,116,.6516441564946299,.4246829173710541,1,67.67655513358004
3478,46.87887400553319,12,126,.5701659724514605,.5206436036939024,1,71.65549329878743
3479,34.52691919477899,15,92,.2661581894190289,.334804845684735,0,74.30255246120808
3480,34.04415145532929,13,22,.5634055908066028,.6818539556982616,0,72.42714199028357
3481,35.90051684041546,17,129,.6598398713398792,.8316629989716837,1,77.23006487176252
3482,21.5072429447881,9,41,.2979673001600692,.2741487510185626,1,69.72623103191724
3483,36.07772124703946,9,45,.6022397717629606,.7208140635767154,1,74.63282927684553
3484,46.20047468595648,8,627,.4345015174697922,.3719065178059076,0,74.62423730855116
3485,41.12384724280125,7,66,.7325242196727739,.6354699481634978,1,68.98717081684471
3486,46.83116194966867,15,48,.5616943180648304,.4926087452354499,1,73.07007009689333
3487,40.57611481005296,7,102,.3638424407024413,.3837254092754829,0,70.61271485441497
3488,34.53442726248021,13,47,.6931960548534222,.6009361835125806,0,79.86187289598654
3489,40.87971402619439,10,287,.4532721450706754,.4756771567594614,1,64.86204703156332
3490,30.31522137465826,10,66,.4687659717832316,.5168988516905814,0,68.95653133843942
3491,31.3204015069852,9,128,.4558899208996106,.6873093116889681,1,71.75595629985253
3492,39.85333227786987,17,66,.6281678866281413,.3664857405048056,1,77.98915353258032
3493,34.13476438413379,12,137,.3797919179983855,.3296491155175776,1,70.28220343486407
3494,36.79773142682255,14,97,.4741270297992898,.4373631097291436,0,78.64768887022296
3495,34.99605235471682,9,229,.6000492928322128,.6001995112272908,0,72.6498268065088
3496,36.64090692452561,14,36,.3459262618093402,.2677371382034585,0,73.68652705384805
3497,36.28169517210624,8,45,.4511864709051015,.6050577172486629,1,69.16661327930757
3498,40.24705998859334,16,182,.6008322597997675,.7184738956735294,0,79.85668446726257
3499,31.84680792904754,7,42,.5357041019557446,.2097944224936068,1,63.91877147668885
3500,26.75205163646536,16,53,.478407456468059,.5089806737405279,1,73.41909931593599
3501,50.09665117155609,11,41,.5117405339966211,.3944620221597053,0,70.03956075943817
3502,38.84300857934169,17,27,.2691965258484986,.1413225421216306,1,69.36281011305131
3503,40.12023831474728,10,45,.548753810003385,.6116002132556881,1,65.74217019891465
3504,44.5400399176379,12,102,.2955604539493856,.5196324634217021,0,76.52861050453794
3505,44.78425807500524,7,63,.3731731786262484,.3870338129493283,0,70.53366901830677
3506,41.79461608133806,14,65,.5286819102785344,.5619193639888358,1,68.63144920236979
3507,46.96504489792474,7,27,.5634846298412864,.5611118496146752,1,63.04432328212163
3508,44.75338574688308,16,67,.46622110389599,.4228613653845565,1,71.74611582391182
3509,38.14426935068576,14,70,.3670387046465887,.5448237191826313,1,69.71727923789084
3510,35.03831075035129,15,71,.3546015966371511,.4165123720735462,1,70.02892888123112
3511,33.40322092830169,9,273,.5809820521150469,.5043263900993845,0,74.07714411077497
3512,48.10813305953273,10,294,.3550798313473439,.3588314645020161,1,66.2371148120624
3513,39.4775772056699,13,240,.5591332936536715,.3390753203122751,0,76.58500830175461
3514,39.07497840630435,14,397,.5076403160247909,.4507666256956803,1,70.44821079401017
3515,44.57703841626268,11,69,.3905668282146035,.4744671840579743,0,75.76973198848997
3516,32.33204254899691,9,101,.3151855400668125,.2350028752517344,1,67.84285291637543
3517,38.59253815424111,11,95,.1948751860021327,.1322189670413033,1,68.02199027963211
3518,38.94372636578044,14,172,.4581373419647364,.3483959530577063,0,73.36017280545389
3519,32.56483597869288,11,60,.4755818866697193,.6134216441599859,1,73.20930562401558
3520,24.48041902848568,13,96,.5811915844736795,.6363635649974638,0,69.77062504947291
3521,25.07621735158738,12,43,.3879188258797119,.4163525576384042,1,69.80840017797861
3522,45.68931004828335,15,133,.3989940688119084,.5439742745010256,1,72.92202352530367
3523,34.16111624244097,14,123,.3685087707518755,.1694313409045813,0,67.8998361829547
3524,34.9171011974755,14,223,.5197603163834565,.2931138627326484,1,71.44357027930258
3525,41.33381067863569,10,195,.5126299387811425,.6793612659452789,0,76.12688928481663
3526,38.80222114082494,13,58,.6378939871566277,.4849112811158726,1,69.52042450871629
3527,33.39239989700072,10,114,.5964818889395911,.7448900930342648,1,74.18024810702906
3528,40.00930284082528,12,44,.3277689519275141,.3238318087976338,0,73.20895816886731
3529,36.90356475199202,11,40,.5182318260735712,.7896648408997422,1,75.44971153754879
3530,40.57901739507344,14,417,.5565642026048143,.4904578894868989,1,75.16521690665631
3531,43.67872968615328,12,55,.1932831873947836,.02,0,72.0665455517604
3532,44.20950617320133,15,84,.4631834734761002,.2561279599149042,0,76.79568285857401
3533,36.97801091683186,10,75,.6211509857847245,.565623169591265,0,76.98844012292987
3534,42.10100442139486,13,91,.4786046111516097,.5578283579334847,1,73.14459725756434
3535,31.65776311584916,16,107,.437058336693103,.2915815101088856,0,75.21099495527963
3536,43.89250059284427,13,142,.4984109317038448,.3598016849494378,1,68.97377762414251
3537,38.91430253869492,12,85,.4142238465711085,.3886167644778977,0,79.63200136747533
3538,39.10629979155532,12,28,.3787613547622593,.3639603245303623,0,74.53451480304298
3539,38.63691909593103,13,85,.213752143475315,.1921808054983469,0,74.87076039227696
3540,37.7997892302584,10,261,.3708966555161605,.4960520895142794,0,70.74014509012997
3541,45.78065841106238,11,327,.4119403323493402,.5712632086423413,0,81.22526003026782
3542,40.2726403748285,11,39,.4862331335247304,.446632961286639,1,55.35994664978308
3543,35.07389787489613,9,136,.4513726601260156,.6288077446496796,1,69.0272481882083
3544,42.0260060855132,9,322,.6821630333221824,.7899959194139434,1,71.68910986203237
3545,39.93480504358202,10,258,.3339758921861267,.4966978515882059,0,77.92282637723757
3546,41.28171548734664,9,154,.3339144076703703,.1781594480958376,0,70.17410130568518
3547,45.72409262633016,10,222,.5659125651070207,.719623901753247,0,72.11643166334588
3548,31.45360019864584,12,51,.5412718240573835,.4168769625299117,0,73.69188341025826
3549,41.85301259595735,9,82,.6210867769803935,.6194056594096093,1,76.26264587087573
3550,38.3622038218867,14,117,.4090318327321994,.4554509288651932,0,75.26740338766159
3551,35.56655486801636,17,115,.682602808348563,.7986392870502272,1,75.16646575294266
3552,31.70724350891875,13,54,.438440213226384,.4237604443738999,0,75.23612542756551
3553,40.3890366706326,14,295,.6716773610679548,.7098406670634961,0,78.5888758143864
3554,51.22451000428818,16,115,.5062171032463723,.7379160824428358,1,69.29463139701468
3555,33.70455636615626,10,152,.3340064732253181,.2816287136966708,0,74.76401181020043
3556,33.62603710013151,6,71,.5160961578705813,.3283867148520044,1,67.89899420796137
3557,33.91390415142796,14,151,.4028277981476592,.3685272745461936,1,71.0641128365391
3558,41.77219882217153,10,184,.454011813527009,.6122727554580006,0,75.91190100070018
3559,43.34851887711238,15,194,.3049548483570031,.0946224428378379,0,76.775389831071
3560,43.08521338344509,13,220,.7594674110793049,.68659147649318,0,75.99322162225356
3561,44.35126956775528,11,225,.3506285634950457,.218409226181698,0,78.71444338538259
3562,33.39948601484988,13,58,.4510613423718967,.3669970282024874,1,77.02481605616941
3563,40.66176198675526,13,98,.7333504151675577,.6892856928863079,1,74.32383611006833
3564,37.26926035793712,12,79,.4490189634338128,.5454458724565678,0,78.19758549999401
3565,40.33547182863825,14,221,.6002352079256964,.8137132902444059,0,70.54450818905919
3566,35.64112992802603,13,15,.4661146952568996,.4003883685790057,0,71.98242622191943
3567,32.38962664641766,14,86,.5523065645616435,.521325333184147,1,74.04586100217887
3568,47.26463295458264,10,117,.5086185717300771,.4950251983277484,1,70.06060170212299
3569,41.69658356075166,9,93,.5808012073869763,.7155843526553748,1,65.10985899353579
3570,33.91987523676818,14,144,.5825963230118769,.542260652147035,1,68.29838429736873
3571,47.6670489757415,12,47,.2893778949808944,.2319543002539539,0,77.84639189535729
3572,32.4820723041313,15,117,.2965718888767661,.2800672077558274,0,70.68358214510373
3573,41.80192751747342,10,45,.6422885816102221,.548199237795054,1,65.18990019522029
3574,42.08142169579215,12,179,.4142303324476923,.6462550989450105,1,73.89226644839283
3575,32.83541711364927,11,256,.4880035334988789,.260397815695802,1,68.44333760286681
3576,30.11607574779283,12,48,.6187354362878833,.6163199472803325,0,75.49745082342196
3577,49.95266894079485,10,327,.4998859967979075,.5265107823174711,0,76.07710660000967
3578,45.92270716995888,9,185,.4738172644329887,.3514997768414966,0,82.26891935214434
3579,38.94750310351917,16,61,.3203464278696032,.3430882641075564,0,73.9133695180544
3580,44.7498028384108,11,71,.6497585394758385,.7932820770261277,1,70.00485793448108
3581,41.77976154482831,13,78,.7174021143654535,.7165698751811157,0,73.20329575373378
3582,36.59123750253747,16,78,.5074566569262763,.4932555258032235,1,71.18728855427089
3583,42.54527756212121,13,117,.2449205497760669,.2096581936761359,1,66.77006805609574
3584,40.89953872360128,13,106,.438367721696404,.6347727793533463,1,67.67746767003419
3585,47.96646991191179,10,62,.558950184695044,.2629492896237098,1,62.35567602956014
3586,41.91791828973603,13,84,.4483046838745971,.4786708843738868,1,69.83410504209624
3587,43.41725822661713,15,98,.3037780355713896,.491910712020504,0,76.58365250216595
3588,47.93194970633257,14,146,.3858740153522838,.2344105417763811,0,76.26849598251475
3589,44.64873338484685,9,96,.7459602892764263,.8165784609922047,0,72.36612903049713
3590,36.70464738089597,12,74,.4475883631701958,.4634177969624265,0,72.36478565934382
3591,41.97054635620872,11,329,.3820216875913152,.0339483743614534,0,70.22982916825121
3592,36.97975938146471,8,49,.6057847356733423,.7280675393726016,1,65.5715970581724
3593,41.50440308074123,9,43,.5690095591367855,.5967779324658125,0,66.94847791405869
3594,44.62507574834743,12,32,.2797678034696536,.3756153774523817,1,75.37251122760044
3595,45.12843534654992,7,46,.4994262903370442,.3044118305662259,0,72.83804351069834
3596,48.02371834900401,12,24,.299425827935585,.2933140092127024,0,72.08946818328521
3597,32.9512904963871,12,96,.3649589114698185,.0336221528843044,0,81.65722839733463
3598,36.15226972643341,12,138,.2746650881711231,.2828259187833167,0,69.30347808145446
3599,35.59380837333974,11,159,.4336092623529489,.457207430786037,0,70.32849870022399
3600,47.25454024407561,14,98,.4619593645459617,.5130874587669302,1,66.92288993117477
3601,30.32736281091125,13,109,.3813747084014938,.2755863969843128,0,77.51209321970013
3602,46.9339698585272,11,124,.4113772451930847,.53144204099536,1,68.50915816543787
3603,39.58524693070947,15,28,.4732414725713923,.2255601134915575,0,77.42186035921307
3604,38.62300131330331,12,572,.4850528402636863,.2481768478554684,0,74.46291739353391
3605,40.43118671365472,8,78,.4550278183322556,.555713237062937,0,77.1322420690521
3606,36.4037107927799,11,318,.2165930890316476,.1757034634407676,0,75.5174872491836
3607,42.49876603825741,14,67,.4314958563968377,.5572378143552286,0,72.61321083318157
3608,38.92587395231401,15,167,.505882279172963,.5355538293511148,1,71.60011662247844
3609,44.16608205620535,9,85,.5162885055814224,.5974118935606111,1,66.11544743235208
3610,42.56718743066359,9,136,.3829696807472663,.3826237225982029,1,73.48107820102729
3611,33.77579625834248,11,30,.6431783092076269,.4504211258246984,0,71.15741031282757
3612,45.4441702374079,10,150,.3365626300313123,.162913402155132,0,75.63180322098125
3613,37.61549617836408,10,163,.4025863869198688,.1175313616790226,0,73.09924970512715
3614,48.28261613907977,16,62,.4486487135664959,.3148456248810911,0,75.6881407637821
3615,52.49396636534296,13,41,.4189860139348124,.38147438279303,0,73.07371520229398
3616,43.23412290461337,12,91,.4212314437994292,.3536198352460089,1,64.20640559733553
3617,37.82294171880388,17,64,.4896569607598042,.2614674149333301,0,72.79616703351326
3618,54.26528084793684,11,101,.4474507990325363,.4918628085713727,0,74.11531221531985
3619,32.36666276281726,8,79,.4417115804849037,.4788855990763417,1,70.05553431688914
3620,27.66669696042564,11,55,.5385767357451733,.4831293306379071,1,71.51165125947317
3621,36.73872315363111,15,147,.5937250372515961,.7070538973117395,1,74.03382412044563
3622,48.82288489038257,11,148,.4703258323046987,.1212517914393154,0,74.12356570718913
3623,43.07025811289167,11,144,.3280582373948665,.3148794664921489,0,69.05143516457606
3624,40.14883740108184,14,41,.4135378901505086,.416347642250933,0,69.08015954732186
3625,44.38017488214354,19,43,.3813066818435716,.1702936828559118,0,74.38855297686601
3626,43.7248271670296,13,31,.5506524234938572,.6739167574183054,1,68.35357292282008
3627,39.3965193308055,11,54,.2681532850330343,.1332951966583627,0,71.42583342836144
3628,35.32910111899248,10,312,.6003771425992948,.5157205845562999,1,73.94094318467499
3629,41.24793735237462,13,77,.5427451124992054,.7558060592845084,1,67.93710138303652
3630,48.05131232870657,15,95,.5613497324788971,.6365823357401879,1,68.92262080740855
3631,32.07803712786216,16,23,.4352028642619026,.3628331096415395,0,73.9448991439226
3632,49.59493093158594,8,135,.5713280661476139,.6508884446390708,1,67.55781690074869
3633,36.28655400482048,13,343,.3569557204460876,.3278151403780614,0,74.39364240138555
3634,38.22451567194651,12,356,.3843348365067866,.326391365553828,0,69.07851602781506
3635,38.02634464254386,9,21,.6606628434040129,.80765489408964,1,67.34417854246702
3636,28.7748936272965,16,71,.4309348771918824,.4086065880867944,0,76.91042698334341
3637,47.79717224623882,7,73,.4562235034202611,.3371032102616253,0,74.45734306677021
3638,54.61363505389026,13,86,.7420888414886643,.6617998794295324,1,70.30781472624371
3639,55.94321846542115,10,29,.5784288174592315,.6331150633631721,0,77.55662712503458
3640,35.96816238959267,13,502,.3056858035149266,.3709111582384215,0,71.26240958451748
3641,46.58970969571529,11,109,.3851338123085647,.3526557072905681,0,78.72366452963911
3642,33.1913554084628,9,60,.4890259205646396,.4995287591168187,1,68.62561585823383
3643,37.06603275586416,9,66,.3150898497112782,.2745310793987961,1,66.76270488522349
3644,33.28854303101986,10,297,.6685745547731505,.6311918668410385,1,69.84675015238327
3645,42.89094351153816,10,91,.4899005762001977,.5008158717719492,1,66.17713521467735
3646,43.72643078897978,13,60,.4039157375761945,.3334791096757225,0,79.59601111911917
3647,34.35878888698335,14,61,.5528088562339906,.339235236487227,0,73.73420051609978
3648,25.73439006459668,12,186,.4272665639132172,.3632046872751045,0,71.72387664387888
3649,38.20764690900532,12,189,.4652924161999374,.3340028605526218,0,72.50670481498919
3650,40.00138810950348,14,166,.4825657928352344,.4249059705695422,1,70.55000586064929
3651,32.58993804374635,17,82,.4784946752684406,.4923803610860305,0,74.25801064848596
3652,44.66321063217397,9,53,.6477997879799682,.1837412978901576,1,66.28198743623489
3653,38.23962569372394,14,58,.3598728338982997,.3888184139922561,0,75.37623078383906
3654,29.0001898964507,13,39,.2179783715847999,.0448360323191422,0,77.023827418042
3655,26.53214044588991,14,51,.5005645392899521,.6145994098456377,0,74.25866249022106
3656,45.23607928188143,16,42,.5288150365938095,.3810268487677451,0,76.98044280047141
3657,45.20735730073744,11,173,.532765598356846,.4854510128107621,0,74.32091865155382
3658,32.58644994464355,12,81,.6718669875675483,.6302834957954514,0,76.57452907951044
3659,37.93011932111203,11,197,.4007124953623698,.1550051716156773,1,65.97194806998495
3660,39.72417405107562,14,27,.3703973259718141,.2210131220554822,0,75.77164839259136
3661,44.55252031164824,12,43,.4816330641374511,.6459103105535291,1,72.16881680135704
3662,34.34603526269662,12,32,.6022221858656451,.5922491142711778,0,74.59307518559343
3663,41.97576651769575,12,62,.2260574396415096,.2453009449588144,1,68.87929313812361
3664,40.96121267567229,7,17,.3601794491284168,.4121704267124914,0,71.57367594455479
3665,49.93477691485501,11,80,.7242974008345453,.7808860697202066,1,70.45513934679843
3666,39.6574162836807,8,72,.4406201579164789,.4391880813090969,0,76.79580450637475
3667,31.75114613530872,11,18,.4848795032415879,.4588381012619987,0,70.04019388612457
3668,43.77405341539689,6,278,.5305671511189392,.5630454319257744,0,72.41385176497171
3669,31.23645031933318,11,271,.2653860977075017,.2328520891518076,0,71.4099439674311
3670,37.81937891372858,14,125,.5017197531070833,.627181190128319,0,72.84896356935371
3671,39.64138017170804,15,59,.3353048796715885,.3219669217278678,1,70.59738416404637
3672,46.75212357466754,12,25,.4203445221399393,.6546813402492395,1,72.69466301174189
3673,39.6875204857668,13,44,.5964364092384945,.7929657346475771,1,76.97498343825266
3674,46.53339027881965,18,142,.6282852964286038,.5377449606004345,1,72.05522122348334
3675,34.52363726809754,17,142,.5545530418582795,.578781432268023,1,72.48158186134872
3676,35.1369685768971,7,123,.425824133655397,.5546835759243753,0,76.15064068365167
3677,42.38970869217864,13,51,.5666775384614375,.5864093390240178,1,72.44367756465253
3678,45.86100471487353,11,43,.5222219824469182,.6086378107238533,1,71.72691477909355
3679,45.36976841478565,10,71,.4800041636855188,.3957048864138767,1,67.93555471389422
3680,35.20738791675917,10,195,.3377121035170624,.3637097229908773,0,75.3166451953422
3681,45.66200985158262,11,58,.4675364604667012,.4196566692243057,1,70.19013574488187
3682,37.51332098462449,14,55,.491577423312038,.5318753672601475,1,69.52816434150178
3683,45.18897210979144,14,120,.4874468068996567,.4084579160557442,1,70.39597223282769
3684,59.71072097820311,17,96,.646005729854072,.6040883863526743,0,75.06689899959551
3685,37.7193997744894,13,103,.4179199931877654,.3242720924104081,0,74.85063002929893
3686,43.96222456035152,11,51,.4052081365126923,.5230383629661578,1,75.67685559722707
3687,42.4377015753399,11,28,.5864525773415297,.2626228976663222,1,71.13442763269164
3688,50.12946160075199,14,147,.479183488772078,.4613056844997716,0,76.08332846277568
3689,44.46402693937635,13,118,.4661101895727421,.4572757781205931,1,72.44470968007896
3690,41.09311621009978,17,35,.2888697455198244,.3107469868994734,0,72.04909797666673
3691,43.50797968562785,10,28,.3713315590892716,.3116112492740516,1,68.1634972844906
3692,25.58866504457692,11,41,.3552553252111998,.3989959909492793,0,79.19355585242187
3693,34.39293393170945,9,99,.3223003475228287,.2283014625116895,0,61.98437159480564
3694,48.67463423504805,12,199,.3125735918686375,.3158603984806311,0,75.60220472448708
3695,36.76338543826733,11,89,.4208565670386671,.3648149325699417,1,67.57525788686267
3696,37.98548145365883,14,55,.4816665242411264,.4476399179082295,1,72.97537665125549
3697,31.14391114368586,9,85,.394008187474968,.2697411408967862,0,74.78278392512586
3698,48.33536496761648,11,59,.3359018295481389,.3609834100096082,1,72.31142715899335
3699,42.78150006484688,14,59,.5377596570870593,.1920249905037706,0,77.11461375519389
3700,36.63238093592697,12,105,.412325445510101,.415920249393194,1,73.82624482696842
3701,47.96553665973865,14,143,.4336025503896446,.4740553785503139,1,74.56725253747621
3702,36.4671128008403,11,431,.7028191569339566,.8343553296107394,1,69.87752043297967
3703,41.47788963906289,7,111,.4490172756922292,.1571900434146107,1,68.51195862112093
3704,32.9979161229812,9,75,.3805881159953355,.5287499892040453,1,72.04722926178785
3705,49.31958661478085,15,32,.4919868720148902,.6750693453975376,1,73.10892545146946
3706,46.35645514318345,13,118,.6348111633301889,.7070219234616312,0,80.36749417321303
3707,41.80318377745056,6,99,.537204830488643,.5059850574606753,1,63.86293407192017
3708,34.90041103984717,6,78,.52362282556574,.6588943142123771,0,78.21426997593801
3709,33.11227035220077,11,81,.4901913017171097,.2002528251490748,0,75.45794476430422
3710,42.60215579239335,12,58,.3960266171921069,.3216233724507218,1,69.36648573847029
3711,37.58773867602533,10,136,.508872595907755,.5070866832060552,0,73.76728163335306
3712,42.21121720652135,10,83,.4942676690633767,.5646733992072991,0,78.2774234391696
3713,41.53582216091855,11,41,.4105087648128801,.2002946730773881,1,64.08552644502977
3714,40.0296697680886,16,173,.4227846541135868,.5776949220555661,0,70.16204018369041
3715,45.35045517399526,13,43,.3196315428299184,.1846014069001692,0,71.18606676302129
3716,32.65781366235619,10,67,.624966358391274,.6660434306730749,0,76.69056929092258
3717,43.93116231379864,12,189,.3913201800271063,.3335933500696226,0,74.85652621326724
3718,41.73678912915549,10,230,.5372368983635432,.6347350388387689,0,74.41475139607428
3719,28.71858145164811,17,90,.1831106233353854,.1602956726432383,0,76.15141338794312
3720,27.67323031415633,9,85,.2984553764934798,.4347034016408161,0,73.18268780519156
3721,42.58504679109127,10,122,.3597818496723235,.4423107060066517,0,69.98892253126286
3722,37.4274376891825,13,32,.1951369224333251,.0740454124496395,1,67.50029906375082
3723,37.97170648266591,10,97,.639518899506947,.6853934715866022,1,71.37239441434342
3724,34.22658350928062,14,29,.2842346706532842,.2129887695439112,0,80.7903488588268
3725,41.28388444268269,13,126,.3913133842806159,.5378696222980627,1,70.56759971275486
3726,41.70490337276479,13,35,.4470210442447931,.3429348077782524,1,64.94498266902743
3727,57.04366597179906,7,44,.5633906345777985,.5900031041085225,1,66.8069767823912
3728,27.32067082210523,10,474,.5524475755267207,.5347755048812074,0,70.76427839403718
3729,48.24452728845081,9,116,.4010350020801803,.2411765489000758,0,71.31261732292272
3730,34.35088671401316,9,72,.3855135468813644,.592322021820786,1,73.73052752403171
3731,40.17890472436113,11,56,.5111712139742381,.3246924506112147,1,63.89187527431154
3732,46.24841082871632,12,42,.3761853129316772,.3295219127391394,0,72.26288524544574
3733,54.04794231196941,11,86,.2736761722610115,.4068743114526794,0,69.17575471521401
3734,36.05326226498885,10,112,.5090616523021292,.4476287842300636,0,71.68111425533672
3735,45.65712876281869,11,373,.5922038216043156,.6133804948868499,1,72.07750602871546
3736,22.43262108610951,9,89,.4179233701241833,.4457465888984344,0,75.39601715013998
3737,40.90098840130265,10,85,.5136530584461287,.3398407359926729,0,73.24593356391215
3738,45.28952914272908,15,79,.4697621006203107,.5574477734757537,1,74.93928903643568
3739,33.48431044905815,10,24,.4812506226568588,.3944086198998271,1,68.64752930720266
3740,41.03632468708498,13,105,.4191539055270683,.3599651659244044,1,68.1993475695908
3741,37.70953659878504,9,87,.5416410062802609,.644978017083629,1,64.77002438961199
3742,43.52417309302967,14,463,.2737252023481415,.3929414407939977,1,69.78300747100903
3743,49.53199374035051,11,119,.4811387115869905,.2372561449427001,0,79.65908363575977
3744,42.81666045382035,15,99,.4159927658941905,.4901722642466597,0,75.09016368474602
3745,34.62397034715158,14,113,.3366250010844896,.5141183777030021,0,72.8601683653673
3746,49.91273611693396,17,56,.5667047226346498,.4595192764768341,0,78.61070763939598
3747,51.24090532982876,12,98,.4592672696892863,.458364065876778,1,77.61785159103461
3748,45.74881786830541,10,79,.5046114072820332,.6520129313369082,1,66.5131689999142
3749,39.38030527427883,9,105,.5640675774178335,.8458720754865375,1,69.78745311144165
3750,43.62730752197454,14,77,.4649780847553449,.4625601311877914,1,71.19815721206358
3751,33.15361375693856,11,38,.4220773913476347,.3210422360323001,1,70.90737980613977
3752,50.02239123983326,19,55,.4425340057338584,.4172897759565249,0,76.5649197877631
3753,42.49139938088254,14,91,.3590694832968647,.665490789402985,1,67.23166393200658
3754,51.37552322351066,10,44,.4859007336619663,.4396441119827079,1,71.01843477342712
3755,45.30394191738235,16,234,.3052052832658422,.3956132117035947,0,75.66810486966324
3756,42.88360602288206,13,72,.4934917390281907,.3310043141904473,1,72.38741412048982
3757,38.84487490400083,12,181,.4202965841638889,.4741375944672155,1,74.62964431866916
3758,36.89407467272587,11,121,.4289155798820012,.4868572656514115,0,73.30571832418524
3759,38.48112735386778,13,133,.4037062906389225,.2426044239894664,1,69.72341511601425
3760,35.94743607460431,14,52,.3239620015359712,.3270959058975059,0,80.04750064862307
3761,53.13581500054324,11,114,.3805457681471884,.4677329769543933,0,79.38022052276625
3762,49.63383606499443,14,84,.5119760884106639,.4624989950849449,0,76.88836844442339
3763,46.63099922641694,13,111,.3963998413178175,.5367580845061213,1,64.068924043614
3764,38.75707980090013,14,120,.5817705453901029,.7991472294939974,0,76.93480844092238
3765,35.23650290428217,16,108,.5998662907629174,.6843782638998871,0,75.48057349140859
3766,39.16654955047534,12,72,.3445308592048711,.5454820200977594,0,74.71690412760942
3767,38.46786203804314,11,272,.573047106440743,.5642281130065012,1,66.77969638494561
3768,24.64546424895747,8,57,.3970181475714177,.4327225983798955,1,67.36483508846146
3769,38.5974626125458,11,231,.5621779547144526,.7674764707211311,1,70.06973865683027
3770,44.62367474868297,13,65,.4690617520473765,.3454819410526824,0,73.00044269208108
3771,38.90175439388904,11,22,.5110429469983668,.5065901713093578,0,72.53996435878904
3772,41.65762526775078,8,73,.2450601670693096,.2617346412100222,0,73.44602889011556
3773,47.67280305792909,13,86,.4318868938335263,.2093277319285063,1,73.31615908572832
3774,38.50120064589608,11,44,.5080128994618036,.5790555639834263,1,63.70162078847679
3775,39.08118068163179,14,36,.3869668156157224,.4214715998367456,0,76.56237777050855
3776,45.55565752470451,15,167,.4136489543743422,.3367302676526461,0,72.29957430972169
3777,40.18625944073477,14,88,.354003092489623,.3610521167982886,1,67.0556978417938
3778,25.75419918022863,13,214,.412272972073675,.4143487850157008,0,70.14126514909759
3779,40.28145566497449,17,93,.306210478661279,.3065564507741158,0,82.15556888722755
3780,35.74636389733632,6,60,.5082862862173408,.5834773690741669,0,76.93154300095208
3781,31.12067024810595,14,108,.4228986667075652,.5353947414923591,0,75.80210296618209
3782,43.21204168604989,10,68,.3794522746890375,.6566902256454765,0,73.47221920483656
3783,46.4556772714424,14,72,.5802681347227689,.3260780253309946,0,72.75496502606705
3784,35.48386089490029,16,207,.2415804924908932,.343048816261513,0,75.5676261248333
3785,41.96909881012283,11,149,.1707677084696761,.02,0,70.65049294160775
3786,41.24483483827927,17,48,.6490919720287922,.5111343281584615,1,68.8709506619537
3787,33.85218908999032,13,41,.3996573104369523,.2945887720951861,1,73.48494355460609
3788,38.31078746043359,10,68,.4928164311051933,.5722970148006448,0,77.10021264540518
3789,50.52076130682737,9,132,.544651034341581,.4471086047534865,0,73.89673442991825
3790,31.54055209753303,13,186,.5746858317816999,.5289824730261966,0,79.22197093612924
3791,37.38621220476048,9,260,.5402408911937726,.4364197981762114,0,67.31237567586676
3792,31.32684989650487,16,165,.4051810682613064,.4352930518137273,0,83.59808314520262
3793,38.74386767741907,12,154,.3358488108312497,.4042441858927805,1,71.76150234430212
3794,32.0302027510685,12,60,.2929870373490584,.1768102973027614,0,72.12234443862994
3795,42.81922511453563,9,97,.7657863034382449,.7800341672786656,0,73.56681245855471
3796,40.05568092684151,16,94,.4390184188198131,.3515842764487028,0,76.38702094288419
3797,44.77180413478571,14,113,.3744913950551009,.427370033143557,1,66.45285681755676
3798,35.04230289752227,14,38,.3046045778778658,.3213758087971113,0,74.29130011880076
3799,41.801053753993,10,487,.3928141670694163,.219174730643676,0,76.00470887136257
3800,38.23598197070794,11,73,.2758611779656944,.4998207049471103,1,71.91005658021444
3801,49.78561384601686,14,64,.3254005246040953,.1795859247973185,1,73.49013795668301
3802,38.32194252334423,14,36,.6528338955317929,.8505007040253287,1,74.22470048359764
3803,39.25856290354454,9,136,.4132678359241445,.5972164571268544,0,80.79948410580937
3804,35.30339934508884,11,80,.4809565635023504,.5470890748771604,1,69.04823666362012
3805,28.15645331849226,9,31,.6397850530963781,.5414164399943053,1,68.56292443192638
3806,38.93035617388128,12,119,.3600281819867873,.5460391970476692,0,72.35851030033083
3807,32.46850435867682,10,66,.3264989912482342,.1794773299600616,0,66.19928768049638
3808,44.28417218935428,12,140,.4899635433225114,.5400708609355857,1,75.14231473033276
3809,41.31645632700446,9,160,.5309078636931889,.4328849199927182,0,72.01518549008165
3810,38.61283939048714,14,204,.3573753708724384,.2940354512705122,1,69.49784862687211
3811,43.95480914928009,11,39,.357867747104756,.4273127964449613,0,71.10183978538737
3812,40.58405931247211,13,44,.5306135736130004,.5194078940110127,0,76.2793266338891
3813,40.71640720287097,11,92,.2608526042993518,.2399603906757484,0,73.8262929642367
3814,40.33537591370388,15,152,.5016424539587767,.3163640811488527,0,78.70610706596253
3815,42.83580831830145,13,18,.5578931142262178,.8005473413349167,1,66.7694914359099
3816,42.55064654001183,9,137,.1120610308259953,.02,0,70.94122173252578
3817,38.22724786399955,10,121,.4926886980829924,.6855682512405511,1,75.59859446254089
3818,34.56840496042934,13,264,.4211203174382867,.3289454917363813,0,78.33811072583468
3819,41.82732053693483,15,148,.5031074177177678,.5285814545317608,0,74.97718803944929
3820,36.35643308849094,12,69,.5272937385954243,.1794312953498859,1,64.51918160823487
3821,39.10714634205575,14,41,.725722087954762,.6274591767716072,1,74.24079099451241
3822,43.34583441790465,12,261,.2832313640067479,.1322000585062202,0,75.89598336387593
3823,34.23109105975432,13,99,.3576616534610783,.4288230990669115,0,72.92795674389698
3824,36.88102587349697,12,166,.6534724489218883,.5824278525639759,0,69.40967069556339
3825,35.79211042441435,9,195,.5768830765055998,.3981691630808367,0,74.88674090229868
3826,41.8002577079284,13,191,.656778515059824,.9495608603012505,0,77.47571700527553
3827,33.10417979129785,11,132,.5584155091345866,.6862474723148068,0,76.4152335936447
3828,30.45272184896734,10,82,.4721935724989734,.4618595072313247,1,80.45415279078529
3829,32.14079985848542,13,140,.5140479522778522,.5057174253006561,1,67.42199705607932
3830,35.00301342093964,9,386,.4289636978148054,.2934582755754385,1,69.58865253536119
3831,33.07380827151337,9,82,.5737547748649845,.6052268981865671,0,76.99753631750785
3832,34.94450494199725,14,67,.4487414998338121,.4148597590036782,1,69.72453437302137
3833,55.82902628315875,15,31,.3025975591804012,.3948876338509693,1,68.37134065543952
3834,36.16043302068017,15,50,.3496718349688422,.4997614273621751,1,77.27114134157155
3835,30.46499244359579,12,89,.5629308498641826,.704240762237892,0,77.38583716014912
3836,45.6867757242704,11,42,.476579288193865,.528636869550456,0,73.79718314256991
3837,44.42170407223628,15,261,.4784230895006259,.4245114174004344,1,70.39202082449421
3838,45.6943349018727,12,58,.3666637973451533,.5914690905433176,0,73.45502974530606
3839,45.98646034357108,11,206,.4154819475095629,.2185475394164197,0,76.77991413403743
3840,40.28849751390154,11,44,.4880151761164337,.4316311301100813,1,72.48931120702595
3841,39.61377536560529,11,93,.2830059676163762,.4021502338206274,0,68.43930852843867
3842,44.05295270245145,15,145,.3731150720886842,.34289399681103,1,70.136277385185
3843,34.84831893868327,9,29,.252139676527344,.296484560819997,0,73.98215014921968
3844,44.11335253310835,12,108,.472023591891364,.7319713317834755,1,66.70403857674698
3845,37.92649539684997,11,71,.5306961165440029,.8998339290692958,0,75.93209536643307
3846,45.02934041456828,11,47,.5313242382628696,.6433855404991946,1,65.14692511821171
3847,49.3649266855269,12,158,.350699862916353,.2152338607034313,0,76.59285726308967
3848,41.17454378477311,18,19,.5774345837251502,.3835070541081765,0,79.69383829962291
3849,37.74013568162439,7,77,.5842971953050374,.3154943263874208,0,72.05730366898328
3850,41.29561336171425,11,19,.2627327104611203,.2530514918832067,0,76.65009077802222
3851,48.53680893454532,9,97,.5932826742892889,.3561570693219165,0,72.97961723411912
3852,47.82987658590907,16,26,.399862466261941,.4704988914438343,0,74.8425146945998
3853,45.38760401836336,18,42,.5424982919251923,.5566356461979249,0,76.43133095480789
3854,35.63501459955764,11,169,.5595640730859126,.7771270749099013,0,70.98176813887981
3855,53.53139074203972,16,172,.435452245959247,.4146120995741188,0,73.83437985643484
3856,40.07722997961839,13,151,.4026461766240269,.3793012496134286,0,73.17937871383829
3857,41.75340147814027,7,98,.4259048016897672,.4775587319471946,1,63.05951020923742
3858,43.49979229579153,8,123,.7468749873167947,.7753765416184514,1,72.91911466263458
3859,42.46189195345004,17,47,.2813180217735002,.2372178363868765,0,72.48297929327562
3860,52.06069171733409,15,35,.3411610346088658,.6723426379943988,1,80.38474979593863
3861,47.47638802101201,13,47,.4393643577894053,.5192603165825029,1,76.53409326954412
3862,37.93773594091224,15,162,.4754295058921479,.5804162590082556,0,74.28969217069961
3863,36.58157628220822,12,69,.4665471441432829,.5543299246879573,1,68.99302802333671
3864,36.15653600232062,14,85,.4050850718266387,.6003154414720451,0,74.9906347632817
3865,44.47830450078991,13,69,.4811318493870926,.02,1,68.77746070629642
3866,38.68943172035576,13,69,.3546679509146465,.5009279337822243,1,74.73896189801698
3867,39.47393219825415,12,321,.2224538780545078,.1631822617118763,0,77.56840666812452
3868,49.48767973576668,14,112,.5496531167331392,.3978524663639298,0,77.75871979040791
3869,45.88132324699184,14,125,.4633625081530884,.552820057742452,0,73.91131268159182
3870,42.39631367221424,12,19,.3789632847667516,.02,1,67.86024021470701
3871,37.2176225994756,12,147,.5427139621697332,.3291469707715247,1,67.78801158890826
3872,40.67326652652417,12,127,.3703596436058393,.6099836849699581,1,73.03797769466539
3873,44.37411792578877,15,63,.5269360645149763,.639554351250486,1,79.82174843875121
3874,34.89860349338688,14,169,.4236275024703483,.3405516192040536,0,71.50680977550691
3875,44.05509032913164,14,73,.4482949476354218,.4107198258144162,0,74.03137408577554
3876,52.95410566983665,14,157,.5258521425963182,.728145913633878,1,68.0067614358917
3877,43.41701113868538,10,112,.5845506966072186,.6026380891485914,1,69.03314679033917
3878,45.9647498685199,8,50,.4295624891636092,.5208976991245576,1,72.70658600761496
3879,44.10430221374165,11,59,.3672230505280637,.3514531605656837,1,70.89476526035693
3880,36.32499702321876,11,53,.5519672834068806,.4227268401201422,0,77.59618742645056
3881,36.01725771340648,13,149,.3302085499002926,.583841537500564,0,77.54881565110274
3882,29.52421892994206,9,27,.3882356145184524,.4064013279721548,0,77.78695462379592
3883,44.46231557252214,9,454,.5185980299673532,.3949354580822176,1,68.97162659358266
3884,31.06866495100984,13,88,.3606524149556164,.5275696300816789,0,75.44965554709145
3885,36.10564676155493,10,160,.3737387161540063,.1929777337229287,0,77.64607937530555
3886,48.01288650640626,12,144,.5586660606572023,.5714184485440358,0,77.42211454643335
3887,45.13620248700473,8,32,.4443985788446549,.5619746727781232,1,64.16349519372189
3888,35.19874811834418,15,95,.2377806969355603,.2431113843492944,0,76.84032250020681
3889,39.56476401952673,11,64,.3852745918204937,.2922793766123505,1,74.90222556380299
3890,41.67556772416744,12,60,.4068587084474267,.4555648957404466,1,68.90940052398945
3891,36.84572337972194,11,144,.6525283407088704,.8497864624438575,1,72.46419913461415
3892,56.12531335573097,9,219,.4045715062467634,.3163002405831992,1,68.15107315590259
3893,31.69909726535211,9,142,.3659921586666696,.3431628361066791,0,69.91626790819811
3894,47.84967102592798,9,239,.4222355254468859,.4223114752752872,0,75.05823743004996
3895,37.31054074589153,12,68,.6297169975697698,.8052280758924087,1,71.18580668926441
3896,45.41354949209155,11,56,.2880062467441092,.2440730425854623,0,74.38614447830219
3897,50.94384450489864,16,72,.4751411629810076,.5401502545198194,1,67.8683120282204
3898,25.78491977265845,15,114,.3726038267926445,.5854774843751523,1,70.08373086704627
3899,39.99453893801319,13,28,.2685721137492875,.2333202974447615,0,70.77427996550449
3900,46.04670004077636,15,72,.2413723769269826,.3416273429385012,0,72.02715930129361
3901,42.52449132794013,13,237,.4638359771729568,.4680524916333667,1,76.00520419039186
3902,41.45786385795702,14,47,.4948721978584689,.341963704096939,1,66.99664762651133
3903,34.61804546888555,10,38,.1941112158408871,.2225588898890298,1,69.79895019361068
3904,49.60903078341802,13,100,.5200979243186462,.4968418722295113,0,77.41969618824564
3905,47.90847051936293,13,43,.3999013545174057,.4435983703408304,1,67.93448622609944
3906,42.12540685537171,13,503,.6487957814292408,.3793625725114127,1,71.58099252456357
3907,37.71375398996236,13,30,.246571663697514,.327444008876402,1,72.88587719367972
3908,44.11666605948434,11,95,.5756121068808664,.3044846239028004,1,67.99699541147064
3909,41.10167667351845,15,288,.6376347180666831,.7393830172968363,1,71.37780261614854
3910,40.52805777436463,9,25,.5036567068541747,.4261995665083868,0,68.94939568742194
3911,32.71483090568344,16,136,.4119874070642108,.5852032060047828,1,74.3917624816894
3912,41.73495859150511,7,35,.3910051215135936,.2693089321017018,0,69.69852159702114
3913,43.03281364574893,11,297,.2922013729082285,.5152883082653591,1,67.41542082172008
3914,42.77315981771356,10,46,.5371371748395549,.7199939575352226,1,71.14839647219708
3915,42.79816917969718,11,104,.5984548133664469,.5701466194992038,1,75.75514078329535
3916,42.0222077262866,14,56,.2675127958925121,.1933252654086046,0,79.09408209548448
3917,32.62750204405054,16,67,.4897503032491623,.364044140747426,1,76.43357107149764
3918,43.56109250105211,15,31,.541518740101551,.4907272501226318,1,67.70470417335702
3919,29.13414975399263,15,252,.5331860453894057,.4829455689058388,1,66.41483323758834
3920,38.51423536005356,6,48,.4285598444015362,.8469497135270381,1,72.37343944667084
3921,40.21192146722092,15,303,.4294647760494082,.4478827210668293,0,74.5902495113605
3922,49.54102078433033,9,68,.4627867311740392,.2085418427823532,1,63.42439254467095
3923,41.21145367154797,14,55,.2721441047091325,.4706330313110089,0,70.1384354087707
3924,32.05301402219997,17,34,.550806847464978,.7096302470090736,1,75.50189625166145
3925,38.22230206238203,11,195,.437393813022966,.3377720841176794,1,73.64190042209331
3926,47.02216683413842,14,120,.573098947811729,.5486358832505828,0,75.6109969692741
3927,41.24754097474948,15,109,.634874170306773,.6510996568216616,1,72.60602704605088
3928,43.24708561409665,14,47,.5165587796362203,.6034528166162096,0,72.55373318969728
3929,40.16618002244853,16,160,.5294492009470716,.7078723782262712,1,70.36689893853966
3930,45.83173532031218,11,55,.4061166864516255,.4021965784907421,1,74.74665513172282
3931,48.58035119223656,8,22,.3955355683024151,.2460537315236369,0,70.12599699560256
3932,48.04409270849393,10,208,.4360765745934859,.4356374577679064,1,64.46941451047921
3933,37.67970215523852,12,144,.2768095225685035,.248422600487723,0,73.89402323796233
3934,38.83371983018581,9,140,.540542071502772,.5907345254375165,1,69.5678401531768
3935,39.18495574903042,13,49,.2629970514710505,.3017017831117486,0,70.53361061955005
3936,38.34603621559828,11,175,.4542801519053533,.796793685880262,1,70.08606712411991
3937,27.57367801738454,8,74,.4314717875757035,.2928662740742406,1,68.59935314983332
3938,42.19030213626298,10,48,.7402593818501987,.914772694959255,0,74.56670409422938
3939,44.55328141423017,11,56,.5570007020775134,.3288330920242736,1,66.51720286357759
3940,50.31161907098339,14,71,.8138662987911529,.8117423318661602,1,63.35491473625831
3941,43.95034699620474,6,57,.6293169538068255,.5025657113231465,1,69.22501424608376
3942,39.20814468250624,8,201,.3898506849596327,.260857972765871,1,73.28974077289649
3943,38.49285951937715,13,56,.5866384397494389,.5826091381498335,0,78.54611671075452
3944,28.54872993314802,10,124,.4384067861728293,.2820546364462727,0,75.64623429341037
3945,41.01410903793355,12,99,.4522917096769818,.5487790877844192,0,78.28062986101301
3946,38.33376838060686,7,51,.5031371891962655,.6423602509654935,1,72.96493766498614
3947,37.58687378190383,9,399,.6881013858726142,.7506279681342304,0,80.13933384174348
3948,47.65517640279908,9,130,.3828988097573268,.340497575546144,1,66.71023638998486
3949,39.70568684966683,11,137,.3494486075787193,.2401296716563389,0,71.85431853844311
3950,38.54959195329854,8,263,.4374693004387278,.699623426117052,1,69.935603748281
3951,37.88627650560946,15,76,.301703643402827,.2681236809997541,1,66.69192491673965
3952,32.48936963146289,16,69,.4789608584963168,.5516591570502736,1,68.92458961994947
3953,31.09977397388077,12,17,.3276341832031866,.3394281500103206,0,79.41647386016619
3954,46.41194942604323,14,82,.5744195808334258,.5459872650632883,1,69.11466963520098
3955,30.27398857451362,7,33,.3904119287091128,.3469535221701032,0,73.66065321327747
3956,37.49739135627441,12,40,.2725832009805516,.2850811738295209,1,68.11944725973702
3957,43.31469231310074,9,108,.5163521372367881,.4941688777837161,1,66.18293111289034
3958,47.19136406663431,13,141,.2512213392958864,.4117067012251687,1,66.99967123634443
3959,38.05187541024767,13,59,.5096370426115413,.4634781817019738,1,68.52013391328587
3960,47.87933138389117,11,33,.4014097792083116,.4444859788622913,1,70.93089346152874
3961,37.04944502024302,13,90,.3407485760348952,.2549385202641491,0,70.72482981687007
3962,31.30243128689956,13,64,.3852300630558713,.1865810507957454,0,69.91080471951557
3963,39.31175476278776,13,18,.3658882658422383,.3947973999707954,0,75.03870155681621
3964,48.62528897180912,11,121,.3250296372670606,.4675261589475162,0,73.01025014222635
3965,34.87342034084783,16,111,.6880261874486437,.5672183375478699,1,68.04957580212613
3966,42.01777482320587,11,100,.3398831887666317,.1317628147243674,0,78.40508485710971
3967,39.94684041195659,15,36,.3864505188709061,.5996351687361083,1,76.81999326796479
3968,40.5102218421509,11,278,.5149402020735293,.3431205487999003,0,75.99306310782502
3969,41.38493572311674,10,46,.4658624263756225,.4674858927402093,1,68.97468876183672
3970,45.36607856131341,13,56,.3463798291901775,.1809401013217295,1,73.27859894034248
3971,28.97629811884336,12,99,.3709744445978466,.6206871894944509,0,74.61903291013661
3972,37.57112060857813,11,84,.4677107200716702,.3494213606796828,0,78.07973966272752
3973,32.8108660842821,9,26,.6202686817472867,.5530014578618087,0,73.73492924722204
3974,36.30345554504473,9,134,.6436699272278757,.5944495961311472,1,66.0281465857216
3975,41.7968890342523,14,69,.7591651530908041,.8867382170805307,0,72.09718053719047
3976,47.42087288956094,12,44,.4830056643993559,.6046237938148675,1,64.31017383387675
3977,58.25716807359893,7,89,.3016195412971015,.1563894549496694,1,66.55470381754638
3978,44.66982928712964,14,71,.5501203384807531,.5107909012697929,0,75.7314898832426
3979,40.74473911340969,14,175,.5442304547538716,.3416231809117232,0,78.55516683772304
3980,37.42926909744559,11,113,.6493542165595327,.6743099316510237,1,67.94714235985123
3981,44.04733580431548,14,139,.646886026520193,.8162517271549509,1,74.05393429799872
3982,34.64389640463509,14,217,.3698082001370281,.1530908318233843,0,77.72196619793306
3983,37.73769450131594,12,252,.85,.665008736992683,0,77.0345375270762
3984,37.62573522712298,11,58,.3209204517099213,.0861486912490405,0,80.20227370778868
3985,45.06843684987718,10,68,.2040115435273298,.2314077671354094,0,75.50819429078328
3986,33.25594337035189,10,13,.4451083345043222,.3056753635908936,0,72.2454429046868
3987,33.58643905587134,11,137,.571656633443074,.7978872898888685,0,75.47481313578797
3988,37.15838356775534,14,207,.2346382467918277,.3597672516426479,0,73.21681342151102
3989,41.52341379470727,12,24,.3921416153950018,.58446983675954,1,68.23774824324427
3990,33.73906965697358,13,178,.3750785871655729,.4012156045792242,0,76.73151874525773
3991,41.11797411789881,14,60,.398831550743673,.4627940081054309,0,74.83072142567413
3992,44.76998960691788,16,151,.4810905214118518,.3034608777326043,1,71.1099563295958
3993,37.7573599595234,13,159,.6842901724440931,.4428598515525369,0,79.13240511849811
3994,44.32657701677778,10,284,.4887324691921001,.338437017136451,0,75.06859810653232
3995,36.80869070317747,15,92,.4374723188240721,.5035811711165046,0,78.15751395865033
3996,40.67394879555241,11,210,.2309641580357826,.2893803424780405,0,74.22513641483616
3997,40.21516298448178,9,69,.3863034692135419,.6998201123449808,1,66.41207807315742
3998,30.57468659491048,11,130,.4012386370036605,.3972285367488541,0,76.39077399810154
3999,30.08191766218949,13,136,.6062064614357824,.8701013238552184,0,80.00869086095763
4000,41.33995805771772,12,172,.4162751677722919,.1590189915569124,1,68.73630517177649
4001,30.69853799313126,13,169,.6100389535244894,.2821523212427348,0,72.74904549259794
4002,55.52921759422857,14,127,.4061776237388415,.4489868123865838,0,76.75616334272827
4003,39.22973468659888,10,126,.4523105051715726,.7137317513440736,1,63.34028502998218
4004,33.82932772915488,11,168,.437707012031496,.6086929173497238,0,71.10289994280083
4005,38.45607163976782,12,86,.3859927511047405,.2606042228115828,0,70.53669750226798
4006,45.78254705289251,13,235,.6396331561836913,.9151056598501213,0,75.85132799728062
4007,42.76756272547284,6,58,.1836257202244573,.3073852360931791,0,71.04252549937321
4008,35.20834283188132,12,16,.482464100830673,.6178555049439102,1,73.88536647091436
4009,52.86859096719502,10,112,.4709401148133271,.5786886106020686,0,66.86158507134141
4010,40.24773187773071,15,112,.3797954155354741,.4374931389631573,0,74.44847591970633
4011,29.73824970950803,14,132,.2514900255929864,.3123524431191308,0,73.89078348057684
4012,37.22197830616351,10,74,.407054297053478,.4943093855553467,1,62.59328563969445
4013,36.33809465704622,10,69,.6668085770131171,.7998215524408212,0,68.79941851037061
4014,24.0103030689284,13,448,.4038312193242656,.5523381636945619,0,74.03124490443876
4015,38.88420668970159,11,21,.4613263135298896,.4691651111603209,0,73.86014813672799
4016,40.37028302017505,12,95,.6515173728802761,.5681198198753379,1,65.57010194035136
4017,37.42722403488594,6,50,.2937799838621516,.3895011259471394,0,77.39612714772689
4018,41.22907885149181,8,50,.4253215185024815,.4313545226409952,1,69.66166146862666
4019,45.69612115687794,12,462,.4425484076016186,.0353386078876359,0,77.93960786376775
4020,28.69683112602488,12,101,.4619624595901919,.2718073032123184,0,74.39410122801246
4021,40.65515679016143,7,74,.4791858300938791,.399951422536924,1,70.28916767432214
4022,36.74085368743057,14,55,.5324524539724638,.5716456159422787,1,63.78338681428429
4023,42.39898508664673,6,39,.5361572752018582,.4516009281038345,1,65.94057927548199
4024,39.65211051689466,15,250,.5554386769527476,.2817960598710566,0,76.07882091766335
4025,44.71596946100455,6,41,.1990383329129669,.3049569667680152,0,75.45529107126296
4026,45.31198642131793,7,63,.5931319727944744,.7121947396206233,1,68.37590465396714
4027,41.83979415614616,12,186,.501075663523717,.720588866397647,1,72.82047490457167
4028,41.80793632190087,12,186,.496822282284726,.4676538257937604,1,68.86150413307
4029,30.07143438194018,10,41,.494104558120157,.5552698042509467,1,66.38197904520472
4030,39.29943409144554,11,45,.4490837081163911,.379025389899369,1,72.22438574943364
4031,31.90496886452412,12,150,.492474027618954,.2739832788059276,0,69.61666728605286
4032,47.45572403946524,12,437,.4962867125429995,.3632026752776312,1,66.8327651250985
4033,44.56227786999238,9,105,.4106645518614216,.6397296167122966,0,78.3758952081651
4034,43.65888719013749,18,146,.4324147795803945,.5573845330707654,0,76.09523399571611
4035,36.40073746138287,16,99,.394072999331434,.3587311569453733,0,79.18572931566267
4036,33.19660651674466,15,35,.475797163178788,.6210755802073227,1,75.00344469790387
4037,56.96206544238269,10,35,.504426128520422,.3106184521190845,1,66.09435165143164
4038,42.61824946800164,12,152,.4077279417579996,.3404158367520165,0,73.47303297746278
4039,33.37231243167322,11,236,.3813109218855352,.4365048264738753,1,78.48557095784932
4040,52.62901415151923,9,42,.7781267437133974,.9001614014940669,0,74.50885015477498
4041,43.90016413748894,11,79,.7474872738208284,.6996840945047607,1,71.28332626011129
4042,34.54986980408282,13,102,.2604477368358404,.0471203233576751,0,74.78242190902253
4043,48.56928224014909,9,185,.5299372023924542,.5062137110778743,1,71.88260550055928
4044,52.81542212725351,12,125,.3785914699507033,.393371316957332,0,71.40311634490003
4045,37.20048155059713,13,333,.3799993187732051,.7739314810012168,0,77.07496124829265
4046,34.52003931319075,9,102,.4016871561733428,.0838760648759665,0,66.72513867027348
4047,46.92375436383297,14,146,.4212361144918323,.3425302018929106,0,74.67138965020601
4048,32.82036449416318,13,38,.5160435620104782,.5279422494347918,1,72.1557115373321
4049,45.08938934449368,11,113,.5341248010282182,.5394566145506493,1,72.42524971273109
4050,36.58755484303565,6,84,.7325794188758861,.7958531917055238,1,69.0651429493696
4051,39.47880885984491,14,139,.5411094495740166,.5326761098875387,0,73.97865750704642
4052,38.20235179535754,14,53,.4603805315531572,.5120743211285596,0,70.5629072480735
4053,48.68375311318115,15,124,.4304178464805864,.5672576722024989,1,71.76502418255569
4054,39.40912525030754,13,184,.2594688401441477,.2763094014586371,0,73.68615481513835
4055,41.60608814089603,11,35,.3838722212568992,.4945722600279118,0,72.24033680936766
4056,40.25973308454089,10,207,.470001078695795,.3032928633589174,1,69.35267562222342
4057,45.29668570061851,11,120,.5568268182831824,.721882572715994,1,74.49918490599866
4058,35.35135568546823,9,41,.2487311596154908,.2747434575618729,0,71.12705988192442
4059,34.82182632213045,12,104,.3789221357769147,.3329674566854774,1,68.82438312159611
4060,41.84763159158565,11,113,.4187687374138824,.4568299111986635,0,73.48036357916359
4061,39.84586652994716,15,156,.5158280298889317,.4511417026600585,0,72.0784183944771
4062,46.60942331864543,12,140,.4652545602633353,.3174750588956703,0,77.47089429516701
4063,40.13297658100139,9,51,.2948514345295822,.4450431780759455,0,76.65747562633223
4064,39.61648392899902,12,157,.359469148493724,.6936503349116767,0,72.3912715664293
4065,44.80437007728194,7,57,.3698031845111762,.3059716818459663,0,71.61794046874029
4066,38.99476777328596,11,71,.5773596200683258,.6843166909392835,1,69.68199574018942
4067,38.17876505444217,9,79,.488525445430704,.5690600312589172,0,73.82645987829784
4068,38.53734387415673,10,57,.5984527240893528,.3506408586156525,1,64.92928274091176
4069,38.24604673899733,10,47,.2626888821926492,.4145270225987138,0,79.56948614392849
4070,36.06054773704219,7,16,.4455104246447895,.6619792138365441,1,70.74786705350724
4071,49.51126936834031,16,74,.3574117105140551,.3097174466881128,1,74.64220237098883
4072,34.84403893936145,17,75,.5193600124238851,.4288968493877283,0,75.3849071288777
4073,46.47899291869793,11,58,.3776346507146163,.3419162761351526,1,65.81421401827205
4074,38.16085376671505,13,166,.4259526985731878,.6125095067797969,0,70.59220243382417
4075,36.79079167048599,14,108,.4789686556634793,.6469686154839408,1,76.3432872155461
4076,27.09931461182615,10,61,.3373012837117153,.3077434449430459,0,72.55984907205969
4077,44.7523894429421,15,111,.5715561595445255,.6154532121401143,1,71.8108763029818
4078,43.87586220468604,11,86,.7098183783077117,.5682231588259828,1,69.55114852601912
4079,36.32462333672467,11,49,.6484360946392237,.5754715376264767,0,76.12279453456783
4080,48.87788005374654,12,63,.5300256745947231,.2979106907878237,0,76.73330673441949
4081,35.99719036604468,16,266,.53446278935185,.7679143064595897,1,68.22667218879333
4082,32.80026353577408,12,75,.4165842003004034,.422796004423818,0,72.70054068888351
4083,37.12784723394181,13,42,.6922337774253019,.6087771318182171,0,81.39311464438663
4084,21.81280596239971,7,212,.5441219977421793,.8480647578898119,1,65.91298720790343
4085,26.33411378840563,15,193,.2062579427357948,.2772042877395758,0,76.70357401232593
4086,34.61189255438602,15,152,.4538425588150916,.5802174533581222,0,74.55134771607671
4087,38.41764538736277,12,63,.6052426714661598,.5077445388861631,0,74.20212037812631
4088,43.73346392130583,13,98,.4084425948034621,.2623867149105302,1,78.28798330728451
4089,41.04166422286104,14,149,.5181154739808147,.3083864620697284,0,78.16159538310389
4090,33.34346802691552,11,47,.4142488840877628,.6441515754234501,0,71.01262320352636
4091,42.63119847060087,16,138,.2970329831045025,.1744799876042535,1,69.70190830848092
4092,43.81343449973686,13,40,.5368673393344905,.7010253039339662,0,74.23251287828853
4093,46.16243098935946,11,141,.4130779453677214,.379314711198215,0,70.85417327220217
4094,34.34719013167575,9,65,.5081859400906311,.4368629585327929,0,75.13528801817861
4095,40.25585752196741,8,130,.6218433355770147,.6561204202533464,0,74.57874496477278
4096,30.88062915182742,7,228,.3809665993723756,.1912202016092224,0,74.82571482497613
4097,40.8452521608215,9,46,.4484536291265828,.4831633539986132,0,77.14295256304304
4098,37.92927299583602,13,159,.4239194851152316,.4618778665799679,1,71.36104291153508
4099,48.68161271045935,10,111,.5567673541338494,.4096193253044307,1,71.63703347899362
4100,41.07271419142108,14,126,.3515484052756993,.4576190040438988,0,72.4949417488258
4101,37.52417399334665,8,49,.2573610969989798,.1426341583447674,0,75.20564144623359
4102,28.976024123632,9,152,.5290782588597749,.5342636681657874,0,76.49648531324813
4103,46.61067667766095,16,73,.3679025992542376,.4669070777411529,1,67.08061487671129
4104,39.40907243191823,11,33,.6749804942209625,.8518359285733493,1,69.30267532115617
4105,44.98097718869144,18,56,.3910155843880125,.2851462659245608,0,75.32185641560761
4106,34.36317478686497,11,124,.4758197979505594,.2802913652512783,1,65.35662062560208
4107,27.51205720510338,11,34,.5125566287861719,.5184175690626599,0,72.10565512015332
4108,44.53670740270415,11,221,.5882168465062705,.518687452514962,1,68.26037172537353
4109,45.37625687145218,10,113,.4047973126221572,.5373005395529385,0,77.15187623171055
4110,35.86581755127938,13,133,.513374451189781,.414528873403293,0,77.02817550462241
4111,36.2544308058763,14,88,.316939286867482,.3440199664031641,1,69.39021576458663
4112,40.89150921926927,13,79,.5337580285083595,.5520334369115091,0,72.53368556518521
4113,38.49795026346195,16,102,.6743361120932521,.5738803035618523,1,69.34816839703682
4114,51.51036191030708,11,25,.5130306702328468,.4293996837383071,0,78.19192477327988
4115,40.84557163645493,11,53,.4184120557542125,.7433528112661913,1,69.26765217971882
4116,36.2196351038507,12,100,.471034105635124,.740331478133273,1,66.61428074386254
4117,38.88948653781434,10,64,.5300606409578711,.531819264776961,1,68.37824038052854
4118,44.38187964927437,13,96,.5948567858228129,.6869777708412192,1,74.06780625634021
4119,37.85835662837549,11,141,.4087244582854026,.2345748128487084,0,77.3441074146656
4120,33.79359620158064,13,147,.3392696958969236,.4246369419330754,1,76.14741348161466
4121,47.39298612233316,14,55,.3469504733812321,.5612829434036488,1,66.82553558355497
4122,45.71913205386738,13,34,.4940475082238678,.2741019688341612,0,76.64544881790911
4123,36.02454724274099,11,232,.5838510351746362,.6423263448197774,1,71.64524682946264
4124,26.38255558850614,13,90,.3690305338851458,.2902083917264362,0,72.75573066457008
4125,37.2387254145961,12,162,.4221117848424367,.5070820650394862,1,68.97918430163637
4126,41.17525879233521,16,170,.6079213500148609,.6806353004746449,1,69.41529528158186
4127,34.29376530324016,10,77,.5695297508068462,.587816982621123,1,64.56813899344129
4128,40.43435406876409,9,153,.514141553591641,.697575083369584,0,71.31352212666368
4129,38.12822866238371,10,60,.4383178885591736,.5809230499021029,0,72.63504378714964
4130,41.86444364918155,6,100,.3449819431148456,.3820758743472422,1,64.48898587236864
4131,41.51968491321039,15,91,.3879764074573873,.3840376307018193,0,73.76899132235253
4132,41.37943724799884,12,142,.311967697543063,.3181894015797632,0,71.9335344795342
4133,42.92531969949175,9,198,.3815160867808989,.3138455515660204,0,71.38707897148129
4134,51.5425293958514,14,40,.452396239412583,.6192168988099909,0,75.84172080719988
4135,46.0798232282166,11,248,.7897327556721044,.5393284924144562,0,72.47295570137524
4136,35.83602354157458,11,161,.4777571339017184,.5391570068248557,0,73.1858253883461
4137,40.63747180937834,15,122,.4214293602347183,.4857786573619088,1,72.53958691181832
4138,38.08252258018766,12,124,.6768770541364189,.6661091097241881,0,76.76918508928992
4139,37.15453096980003,15,214,.4902334957734677,.6322564789886014,0,73.45529391809971
4140,41.23767038323056,11,56,.7113414055431009,.7365273192994521,1,76.61262248818468
4141,33.77008372020404,10,62,.4720989571563737,.4703193711454359,0,73.26936820289787
4142,39.63411823981115,15,89,.3479875542831559,.2682085439780948,0,71.54963709661411
4143,39.17192440412474,15,107,.4454131008715707,.4817815746705828,1,68.63765674416777
4144,36.24786797335193,14,114,.4919382246513381,.4948380423350902,1,72.42390323566288
4145,30.83179278607842,14,50,.3619315110836634,.6397117914303219,0,79.0219381916541
4146,45.95901942432265,13,90,.3503715945758206,.4200733199289132,1,69.73938291095288
4147,30.89887853548402,12,57,.5145061465938675,.5164794237920567,1,67.70790657198444
4148,36.50449770125115,7,217,.4747664697534037,.513087004673723,0,75.33195338670264
4149,29.67882824591345,14,218,.5630293258851988,.5572880578421472,1,71.87990257708887
4150,40.90048244719541,14,52,.281774568161666,.3683738122174209,0,73.26428833031657
4151,35.82828924931544,10,142,.241867600747614,.02,0,73.12006438462943
4152,37.25471429960334,6,41,.4381828895406253,.5107611573072961,0,71.50102482317347
4153,34.83298736472416,13,311,.3369685520735092,.3800703223073583,0,75.97691760804781
4154,49.7890441678965,12,106,.3220393231185763,.0436184490682653,0,75.38197673763021
4155,36.48636618133695,10,408,.5225789957461966,.4092957444991514,1,67.03484265960542
4156,42.94873154686858,11,53,.4218104735787932,.3310934585487513,0,74.79013703633666
4157,39.95100774161893,12,86,.3895410906910953,.5243147351340146,0,68.3226385038468
4158,44.33102229221974,11,46,.2826661433616281,.4034140965317534,0,74.52163727987698
4159,45.4860800127829,12,89,.6338412359842076,.4894787870599608,1,71.45543960595931
4160,34.75492750886586,14,47,.5265061415973613,.6649228509381162,1,74.53420553455643
4161,31.81365192942877,13,100,.6387500373454861,.5538292487974695,0,73.98867067965358
4162,41.00906057541751,8,39,.6123306417439969,.8089444031821641,0,75.03741208044835
4163,46.87927327520969,12,27,.3342057030818588,.5269449294469345,1,75.72047461048659
4164,27.67362396213738,15,100,.4120892970000292,.5680482814422354,1,73.22546762292085
4165,57.07948352522418,12,226,.3472085435456753,.4355372171173766,1,74.93174694186759
4166,39.81410422658449,6,312,.392130885399846,.2121203410944525,0,74.85796785017823
4167,33.98657604430565,16,72,.4921911742214011,.3435617854214206,1,76.39916535988799
4168,29.54574189445134,12,226,.4433606571444318,.4000518811485211,0,74.57824687301417
4169,37.89461870169603,10,178,.2633615182827834,.0511159839318062,1,72.14420739896168
4170,42.26196699769224,13,106,.5014005770630841,.5723624560654976,0,74.03368557088419
4171,37.05269452160924,11,31,.3251659786671887,.1186059609794781,0,77.54513828142623
4172,42.47294162996273,13,205,.3483323442959357,.4732682830166509,0,81.22025251736605
4173,30.92748405140775,8,136,.4269649389092472,.3192395480035325,1,70.2182239434881
4174,43.36790778207795,9,122,.5216583821946372,.4589254178674051,0,76.00140964410015
4175,47.73874947062812,11,30,.4883200431066494,.5016925675689364,0,81.57159479661567
4176,37.81539166909709,11,63,.4325974095996176,.393562555475179,0,78.78910507355562
4177,42.19539609202206,13,144,.6297613543584999,.6660402541913127,1,80.81076231716393
4178,35.81666631073762,18,54,.5059452880839475,.9187973684299161,1,71.99250545351791
4179,39.61195333566346,12,52,.3863055279899966,.257569729628169,0,77.99456374344017
4180,40.54913497343953,14,175,.3364300867261034,.5150525707931434,1,74.51296750375352
4181,36.47969142275866,12,66,.4115758504452691,.2956116291332413,1,67.0317551971516
4182,40.26550695774058,14,56,.3222582161548593,.3755343449040788,0,69.80211722606622
4183,37.12435704629787,11,328,.2419153860691096,.3690675503859313,0,71.39816248643079
4184,38.50240075947707,13,122,.4461189178424611,.4435347040566312,0,74.91152940974969
4185,39.63283063055538,12,85,.5441234707955699,.6149832133251466,1,71.95993723260736
4186,49.36602550333292,14,44,.4868238230195894,.5576576887183814,0,71.91725192585277
4187,41.55008205931372,12,109,.4565265710854143,.6374589428990527,1,69.9047205528715
4188,50.54090154113399,14,111,.3756540888216552,.3219545570125892,0,76.09425851196477
4189,20.80666493287945,14,82,.4949786256639918,.5114808697057163,0,73.52559775405737
4190,45.52323012698131,9,103,.5001818500964942,.5899511852588292,0,68.06384727870517
4191,32.99789999036998,16,34,.5474489448665827,.550077824996642,1,71.98877611698524
4192,33.5794356840449,16,47,.454757804262428,.5840799060244747,1,67.01157757740833
4193,36.89105536473241,13,144,.4169200732425485,.3967570211067706,1,69.41530682810459
4194,35.1022003521925,8,87,.5429594526270769,.616019318021599,1,69.92089147074741
4195,35.50052920780347,16,100,.4259174011425035,.3578470216858524,1,70.299166757889
4196,43.59778589431793,9,98,.5979818042726883,.5052015353748629,1,72.41508230171648
4197,38.47932082140065,11,134,.5356026947235469,.4505479272865472,1,72.58961363645919
4198,26.93400171239146,6,146,.4855861374395382,.6483477542637912,1,69.66483640988949
4199,47.83188961498934,12,109,.4289158665899594,.507569173750301,1,67.37896994379982
4200,46.98509372743072,12,170,.4428289653279499,.8651648580609331,1,74.27923189768558
4201,40.02215554257342,16,120,.4565486375848283,.6698136530387168,0,75.98792762408883
4202,41.16421077781744,10,85,.2817219991995565,.2296218603510565,0,69.68213579708306
4203,35.26842631776249,13,186,.5264841120962749,.6407186832382166,0,74.21378587920393
4204,36.02267519223398,13,96,.3231477232453416,.1661126165057454,0,74.11465838949242
4205,46.31207762548653,9,104,.3756054230362611,.3222856272792733,1,73.15902519846261
4206,33.95908890331074,11,111,.420769587212847,.5451244694593886,0,72.76980495280522
4207,31.89326882002183,11,74,.3342277856061465,.3921793846712692,0,78.78031295560301
4208,43.63597289458261,13,120,.667719832424609,.4996856866995664,1,75.00520338175997
4209,38.5440686571224,13,81,.6102744271047699,.4156060407658201,0,70.77654516436013
4210,34.19598030473094,11,26,.5708706666597313,.600384855534429,0,76.54688754431005
4211,43.07854403733279,9,41,.3964270657480979,.258451227137172,1,73.23655423084709
4212,37.74139400389778,17,42,.5458593785288941,.6764167004726388,0,76.52799755647005
4213,45.42398907151576,15,65,.4136308226485591,.5011880697280714,1,75.96708129255885
4214,36.39613840280332,16,18,.4402591400963043,.6029475181079221,1,73.98246456318556
4215,37.15332058301903,11,155,.472649303760615,.5217992777259254,1,73.18816667311295
4216,39.5486784090893,10,337,.5477508241700028,.5989062443615851,0,74.54281960339242
4217,45.33797478072953,13,32,.7858084975212272,.98,1,74.73017923813535
4218,41.40533984698239,14,315,.3914370697041538,.5433234124021731,1,75.28484782381531
4219,34.09662565341032,14,28,.1451118599787496,.1847325177974992,0,71.90467440764306
4220,43.31682875768131,16,205,.5051780273136005,.4835881633743768,0,73.99347291511663
4221,40.15506116613593,14,52,.6108847180480745,.5060027607761289,0,79.03981902040854
4222,35.73373271056606,10,121,.5222084064866043,.4876707573434289,0,79.76554478747509
4223,40.26867518534474,11,45,.3734268744696213,.1529930006964726,1,74.71684399011626
4224,36.63123585208533,12,103,.4768445552703602,.4232249563347592,1,74.91480931591191
4225,46.91886793192259,13,455,.3216995827504777,.0887694307899262,0,76.58318331664569
4226,39.88920466480883,9,125,.4238128559939075,.3139044035539135,0,72.71177711314165
4227,31.45301468120479,11,184,.5150218798515529,.5011583137698677,1,69.32450347910546
4228,39.73582102813852,10,234,.4756773387525912,.6233496599061461,1,75.74412627882151
4229,38.66310421721781,9,41,.8154751430805507,.7858894648187081,1,71.32428193094434
4230,36.7400024656823,9,43,.4153275638292689,.4003904776836932,0,65.75441651775914
4231,52.99192350979468,14,71,.3731960827858839,.500596792662819,1,72.27558564255311
4232,40.21272604109846,10,253,.3548917337970685,.02,0,80.94850249077987
4233,36.26730239825855,15,100,.4248842545173895,.3835874977925542,0,74.46368980563295
4234,42.14912019898047,10,27,.2716404894327193,.1900235625678228,0,73.71834564319708
4235,36.218113327128,14,118,.4958676933016295,.3790258547977201,0,78.35857985507653
4236,37.05316075094975,11,73,.5309913097439694,.4582292360366732,0,78.26466972080128
4237,31.86215584870578,11,70,.402928873779042,.2183577478587038,1,72.61213901737669
4238,41.42280617352704,16,125,.5268292505000896,.5414640133359002,1,71.06738135890474
4239,37.8701883480197,12,147,.4498281880887713,.7052625342998609,1,68.34085138506333
4240,45.19475985793352,13,105,.3476209088408326,.3286570125000522,0,78.90014267097281
4241,26.6286064534597,13,157,.6314843428530286,.61566280964138,1,70.7429835370736
4242,46.73339709584921,8,306,.4488308240155233,.1733874886580852,1,69.82329854305
4243,37.9656417739978,14,205,.3958547741696788,.5658120199586487,1,70.62602241834999
4244,29.3358540994832,14,81,.4952591454389782,.5961769418689656,0,74.43709792413185
4245,36.29904681617442,12,180,.4628651513338027,.4891400665357179,0,73.5486746859078
4246,35.0314056439244,14,130,.4611794083221182,.6676963995674983,1,70.15246280993996
4247,35.32481861906461,13,347,.4074104029815784,.3909105580853103,0,71.67905640534227
4248,35.37852118470349,13,87,.5069631331391793,.3681510404080705,0,74.87461229691768
4249,40.60039687470182,7,33,.4382684057974355,.485862499361925,1,64.74900581978943
4250,45.36720551411442,14,32,.3986654771254995,.3936664464488434,0,78.82126619952339
4251,34.92492541117423,11,120,.3812202099930101,.7190902776112602,1,74.20341098125699
4252,35.44921154056146,11,83,.7130535537126692,.5652590286508368,0,73.16025787979476
4253,45.08384682126576,9,70,.417802200223357,.5698155023791802,1,70.33113338982766
4254,37.16482493394687,12,101,.4222732508286303,.4078698291219128,0,80.07250730183287
4255,41.94099626051813,13,91,.1950109403055508,.0225819665928568,0,77.05693388753258
4256,32.35139095131077,15,54,.743209140095006,.8719684008558077,1,70.98763181708411
4257,38.8783878635904,15,36,.4339389450143029,.4232389212814596,0,77.58159726980529
4258,35.87360187532655,11,76,.4733534481934245,.5569265416388756,0,70.52910589401601
4259,44.41321868411489,15,125,.3858437230335913,.4238727309566976,0,81.18530967298855
4260,41.78369046022495,14,162,.1805342713256627,.1708318662624066,0,71.79169280391744
4261,42.18681250531947,15,197,.4892908273905221,.5389952747626396,0,77.72759929854176
4262,43.81971310816278,14,80,.4759000198242049,.3922429599424646,0,73.22820474334353
4263,39.89350889036205,10,108,.4044758013984517,.1391895552337999,0,73.32241365551252
4264,41.90440041384636,11,176,.3145561131966753,.3582220193375511,1,71.24898681150411
4265,39.75148832364425,13,122,.3799396520901951,.3513334985575856,0,77.2812739616481
4266,41.05962614318832,14,34,.5017407078572198,.3279994964008312,0,78.52884567397942
4267,43.39602855355301,14,78,.4077253019942511,.3795800024316618,1,69.76870188160895
4268,35.3727588530955,15,31,.2505784557439916,.379595877885826,0,77.17748434814074
4269,26.88836132287039,11,166,.378982340186362,.4413033109328002,0,77.00789462683323
4270,31.96327226830243,15,112,.5127475946787072,.7600349242045027,1,73.74334628911237
4271,32.6736800368336,12,107,.2735724829009258,.3036251485195858,0,74.98608991958334
4272,40.03834740449273,12,30,.5118608886009076,.5614530566112595,1,72.13013989806829
4273,35.42346333827367,8,33,.5744952403564522,.8215248346547029,1,71.86856321273004
4274,36.07237412050114,12,49,.3596853156091247,.4233233386345635,0,77.48047360714858
4275,38.24211150844819,11,96,.4555351673497443,.580334333575998,1,67.08207919266989
4276,38.72971386571766,14,56,.4391354583360201,.3345562763225228,1,67.24594673926647
4277,40.04692215169811,16,207,.5223979857407756,.4485134603256837,0,74.25516734557978
4278,46.11028843065272,14,126,.493313197548268,.292431433732422,0,72.78152517299254
4279,41.57157727942001,15,21,.2592678686630772,.2093681031672832,0,79.39074889892861
4280,36.530871840144,14,61,.3200471724273436,.1373355102191671,1,71.95309123027445
4281,46.2736233407736,13,50,.4008869813332721,.5391546116285719,1,67.25933525940007
4282,33.05929295780463,11,82,.2950319287541615,.2721128286268181,0,73.15783433132069
4283,43.30388932774311,13,184,.6174471120890392,.8772872335115047,0,76.18868265431789
4284,51.54391826451655,9,71,.3066661417334854,.2372792651557066,1,63.06255795385544
4285,37.30917178455858,12,110,.3919039751177295,.2264077184259064,1,64.42440831693527
4286,39.61244594874745,10,222,.2068467849623238,.5092534746200765,0,74.07984792059936
4287,48.96977399610903,14,72,.4048948287357578,.1848180362864383,0,75.67118956272627
4288,38.90030647033684,13,213,.4485193414651081,.4775860995198981,0,72.05221416454987
4289,41.67245546035694,12,49,.2907326110567253,.3798878620139107,0,75.04395954883796
4290,33.7736276539551,7,95,.5077265557031357,.4512590042225826,0,72.62054577478688
4291,43.11389002822413,15,84,.407144421145621,.5747764936563577,1,71.73479620334666
4292,43.2630867361908,12,135,.5008904225608463,.3287115750054645,0,73.65926150542111
4293,33.18037208804308,10,173,.4116305023309247,.5334497659360765,1,72.1124806392916
4294,41.73779948671536,13,83,.475615218488032,.4438652784392589,0,78.92501882093245
4295,36.07723771900024,12,34,.3970818142001812,.2744956402399086,0,70.17923116231916
4296,39.85884682399856,15,126,.3239191948458213,.3394850582262908,0,73.5120010328361
4297,38.36180286824558,11,40,.4607429426251528,.6680473502669618,1,71.15449961342146
4298,39.4191299054847,8,446,.3419922761772033,.3159533385170843,0,72.14282403734785
4299,29.13901688515397,9,140,.4428008825043674,.4961282935880221,0,75.37974023504634
4300,37.91419327566122,16,103,.4088338863171138,.5446188339147491,0,76.0611810321672
4301,28.89847473603701,10,111,.7126470301261706,.6684466825366365,1,72.75618317387159
4302,41.01919474070959,11,51,.5823048221962251,.3489249537693315,0,71.94357637096209
4303,35.55745578361677,11,58,.4358945655590154,.2427238861637537,0,74.29675905448826
4304,35.15583512629441,12,66,.4512076611816654,.2191175746698341,0,74.11326790832493
4305,35.58391319613609,13,165,.2315507959960835,.1033598294613092,1,66.5258010262245
4306,30.73500218663847,9,216,.6913451538693989,.6004626482633233,1,63.71127698747036
4307,39.19975413685562,14,219,.2518255972373966,.2172355209195643,0,81.44649743207761
4308,45.41018985546491,10,222,.5158207751564843,.5378914360197423,1,69.20186615246277
4309,47.38945466279558,14,374,.5906849074692629,.3803900424933879,1,69.44257515170104
4310,34.11612789664049,13,157,.3330735431023115,.3267820484945406,0,82.26057249201996
4311,43.40929900546281,12,52,.461648023609382,.3541650330762656,0,69.41529894816061
4312,33.93420079523119,9,90,.5491584495649298,.6068495259813422,0,71.91375721380629
4313,43.07942340862318,7,28,.2751513321487798,.4345969369840696,0,74.01958123454264
4314,35.89053854578109,12,145,.5249234022517669,.473817767704766,1,70.00621691539911
4315,34.98749266202047,11,59,.5487327206852642,.3566257294048841,1,67.51417008545653
4316,30.61662852060482,11,33,.6253027482532895,.4181278419921726,1,74.10382443025703
4317,43.22002737653665,12,30,.5293217629081417,.5516044546301142,1,71.19924016538729
4318,27.97276953422237,8,213,.2722423117535738,.5364314309610032,1,76.49780766013791
4319,40.61667452916824,17,74,.5672951418623201,.161016311742314,1,70.12114611312215
4320,33.96419952612071,18,67,.4811086984542267,.4113157286055379,0,76.93712351137837
4321,35.56430974157356,8,58,.645427436846414,.9003996261553855,0,71.18479533031861
4322,34.9520652791212,14,129,.4805736784079531,.2590517778728517,0,77.26393346632833
4323,28.84782753319094,8,94,.448814972590953,.6103725979363048,1,66.34847078705693
4324,42.99919879215999,15,167,.500377263244155,.6713929983920326,0,83.32220885826135
4325,49.93149520115406,13,37,.480629176469088,.4758425731573133,0,76.40687152919097
4326,39.64525439643815,14,23,.5271196679579138,.4424720749004856,0,69.8155034989355
4327,38.21373187917468,14,179,.4382050106022718,.4995017726811992,1,72.69019879209924
4328,42.6517555823982,10,134,.6107293826156294,.8337986583421744,1,68.60410796167073
4329,35.80811298360478,10,55,.2536291055605502,.0818048906178173,0,74.56391609350084
4330,32.39256564572758,10,54,.4942548075157842,.218829775083474,1,73.50252429587746
4331,25.582594282284,10,110,.3650532518393402,.3543282730241195,0,69.94905327786995
4332,40.83010457537372,12,85,.2453463351428528,.0927200512850878,1,62.76337714925755
4333,27.73222049707142,12,94,.3436710825583457,.6053511312660109,0,69.65038075854584
4334,46.31135581117083,8,45,.5492909389077029,.5864606152911368,0,71.78044824336033
4335,47.19192900261708,13,138,.1716909914104309,.2186320906094998,0,74.19605213525041
4336,41.29763913754171,13,57,.4983217989038755,.4721168153259653,1,74.74623241903114
4337,36.08929873362931,15,86,.4298887437683603,.7572510020040544,0,76.12731577479065
4338,39.04811819189396,15,107,.2386773988686101,.3477110982556831,0,85.9903894338983
4339,27.40672559728697,9,58,.6043261870879959,.7648406479925096,1,67.38131759540825
4340,37.03850557783277,12,137,.3816256869499068,.1681868498073176,0,72.27057947353761
4341,41.74253700971646,12,37,.3298320356810217,.1542023164868452,1,60.60200946352712
4342,35.88195118482805,8,42,.5028599567113942,.5590623815939552,0,74.26489468803906
4343,36.32608157791668,9,63,.4404896077667902,.438329984846146,0,71.67870315806974
4344,39.24391605088159,15,50,.4293084130585811,.5963239028496091,1,67.61671877216854
4345,32.91398377692042,13,43,.4718417889539381,.4422689714834021,1,65.88427890455799
4346,38.7642569579311,14,235,.5822411135597789,.7028722571255671,1,69.4508236623075
4347,26.4318010016786,14,91,.4384019597914715,.4101664186324195,1,71.25923853106546
4348,41.49512813484397,10,47,.3724127831742819,.0377432209501966,0,69.94544781961368
4349,49.54339449717729,17,139,.484552540533819,.1536074247168405,0,73.37937556594541
4350,50.44251475731183,12,45,.3787753357696236,.6362196426576596,1,71.71934414463301
4351,34.75482668418523,11,62,.4702490955168926,.4422969834718319,0,75.74908751422697
4352,39.11046850987992,18,16,.3229460639913679,.223234368199884,0,82.38824153625981
4353,33.31258127156046,11,61,.3737645879006364,.2651115982568511,0,84.77778236421906
4354,22.60871537117582,18,263,.0843684972657139,.2718180071944655,0,76.53341003351633
4355,39.20927947952813,12,95,.2299015600542543,.06049363643874,1,68.30851779403363
4356,37.24809976053525,11,136,.3639722205274067,.4906043676077627,1,69.10486384747409
4357,22.58883411259277,10,154,.3043481435533871,.2854721957856654,1,69.78894478770614
4358,43.76941609339039,13,49,.306532867836081,.2581484526345846,0,75.42695247278721
4359,49.14038606096886,12,174,.5482323741603892,.3597782460424733,0,76.0337982176806
4360,41.27747333201235,11,21,.6317787775861319,.519992790377522,0,68.45959843134256
4361,38.58229686302246,12,243,.67983790355636,.8623057436994136,1,69.49412619274847
4362,30.56862342650965,13,78,.3098553137754345,.3967865844113532,0,77.34803342249467
4363,49.94329452182699,16,117,.2105812963729582,.3308319869172718,0,68.78485854664054
4364,31.54135442661685,10,76,.375711507923895,.3988231970189117,0,71.16334255246467
4365,33.60587042239241,14,70,.5523856620252042,.4372541856441663,0,79.62798161567407
4366,48.5583171242041,11,101,.321959921604866,.3639638209666976,1,66.35705535223813
4367,52.13188244958555,15,50,.5485470619169149,.6778993979258097,0,73.34794643281208
4368,42.91464097326758,14,138,.4995964842864304,.5151736164318913,0,81.67112886616289
4369,34.71344439833719,9,219,.67431390076873,.7010467199855225,1,77.42780356598536
4370,49.34447928624927,12,143,.5010416587269431,.3787639417783316,1,72.26149565116955
4371,39.70029999976881,11,62,.2601065242830334,.470541283755379,1,73.45050579494156
4372,46.52975082167558,9,326,.6506906662571184,.8156164497091613,1,67.96431214235817
4373,40.4835533388002,11,101,.5404343287759827,.5370884249275457,1,68.9734968081551
4374,42.55178123022426,14,84,.3530894970331627,.3004250693630058,0,69.43193548811853
4375,46.46785600631848,12,51,.3587712481259137,.4169839664263026,0,67.84613128694902
4376,36.48008765504132,12,75,.1807617348545857,.0975082502283183,0,73.48807620838431
4377,43.0344291140044,11,13,.4053321585008865,.2349983020650956,1,66.67221831095202
4378,28.58143825035357,7,75,.2982734320549564,.1710052614108771,0,76.24705029328823
4379,37.27744353708955,13,159,.3714901348860578,.5367228853446393,0,79.22807166376221
4380,46.54435435942933,12,124,.3440979437747018,.5647076031716907,1,77.33951406741517
4381,34.87167315214097,16,154,.3600025548999678,.3894479618783608,1,70.67452485753905
4382,51.21923171304901,16,124,.5077938148186384,.709659279429284,0,71.44112190499452
4383,35.32777140291892,11,88,.5681243161697584,.6434174739323422,1,65.88384627070984
4384,40.90222269086406,14,43,.42000853744477,.3916348829953309,1,72.68654407666415
4385,45.60583412710734,10,72,.5641248625464955,.5636097330518002,0,69.79097505195406
4386,54.12406829955536,12,135,.5068613368510876,.2593222187945415,0,71.02053751055217
4387,44.41705252853656,14,72,.6099793041309205,.419061758911097,1,75.17906496896349
4388,51.16089319360796,7,86,.4291480660160499,.4483954659460548,0,74.04429471764357
4389,41.52915878477059,14,117,.3647631485088658,.397952885680096,0,79.55860369066318
4390,45.70213793006173,13,73,.418553832506301,.3667250626184959,0,74.91517773494104
4391,43.93451019750767,12,85,.3508102797086163,.3765993719430075,0,74.22270140270169
4392,45.81301282316991,10,238,.3337030005300951,.3357427814519229,0,70.55368014708733
4393,43.41074720238989,12,52,.6565187614276892,.7297117206357554,1,71.36895370359375
4394,38.51171115159818,15,122,.4668113972034954,.6269018906731899,1,72.90664700110742
4395,40.11425498638982,13,37,.7151542994908278,.98,1,68.6532995912148
4396,30.05071042774274,13,169,.4974435923081649,.2314614861490479,0,77.09969742047458
4397,39.99434610498551,14,190,.2764653374600705,.4071181348895881,0,75.65166612168427
4398,29.00314076137143,11,175,.580605390102406,.5687598453573059,1,68.25044036726004
4399,36.97080089254269,14,271,.5316171210356838,.5594004577036181,1,66.56139215736307
4400,29.54736202732774,10,106,.3973036080617756,.4799112038475902,0,77.78197117343444
4401,47.65045057753333,10,95,.4961200366803309,.5920927501863543,0,67.86713576234516
4402,32.96834084073937,11,41,.3111876602055166,.2952547261881601,1,66.39389114782382
4403,35.52136273714328,15,399,.4064871191213876,.3865432850049237,1,72.38548317302944
4404,38.50591228141963,17,29,.6794645466528895,.7019721605013903,0,79.95613119939516
4405,36.10685487340629,12,71,.1825603101874407,.4158076651013479,1,65.2572748768319
4406,37.29560587842607,10,152,.4829818682626946,.328143981735189,0,76.18274087000526
4407,46.50950136516478,10,122,.2402645038562059,.40899229419979,1,72.35496764042699
4408,42.00517584975292,13,60,.4186487113890638,.4496425684766841,0,73.62300362366821
4409,40.83757012703288,11,42,.3168547450793805,.0721733438677184,0,74.40366427662828
4410,46.48440553544611,11,398,.4773468906242224,.6482660331667079,1,71.13532478828729
4411,43.61864786904426,11,72,.7996127202951586,.9111906785573745,1,67.53705937305703
4412,37.22577903151753,16,66,.2658996175454199,.2863865398603276,0,72.36159632857353
4413,35.70512616886242,10,68,.4245580222762646,.2116955461122614,1,66.87805166454345
4414,38.45443763683643,11,51,.4217819504169448,.3173831649978074,0,75.76671605131445
4415,35.56098673215806,17,50,.5196218069450346,.3604211962971033,0,74.16672088192941
4416,34.62449972928624,11,39,.4529943031237103,.3788586019655877,0,69.73036456226204
4417,42.68865416014528,10,95,.5282234768087062,.2197451645182943,0,68.81151633837332
4418,35.87482360165313,10,414,.4543618701134043,.4949223550758916,0,73.46012104873247
4419,34.75745812974849,15,65,.3923667334500294,.5996680994565626,1,76.88628080379301
4420,43.27365897330035,14,81,.5860614764984249,.6803644782779421,1,74.9568069286336
4421,34.87067487618476,12,188,.4614869074454136,.4172846012241045,0,74.39607232423822
4422,43.22082220605413,11,82,.496263449937132,.4393636485166512,1,76.46152755188407
4423,44.21723356544585,11,87,.1857026112829128,.097481802500214,0,75.70814112546849
4424,38.33541868489716,15,51,.340163647048035,.4317855169219019,0,78.54101972764039
4425,34.1526943918671,13,95,.448429837482848,.5128909918254579,0,76.55090378628043
4426,33.68449048878114,12,73,.4771868782218425,.6347783484191993,1,72.3913787392687
4427,43.60085298117485,10,137,.5312948892681973,.6541552736319796,1,69.68974419941135
4428,42.32646429582279,9,77,.3376915508143119,.2997086531354688,0,71.34289910879779
4429,46.31942790986179,15,46,.3818159788831408,.2975175504446312,1,72.23533956899949
4430,38.56204934536794,12,386,.6397010132446294,.8028983346290892,1,66.00004517080468
4431,38.61478475600887,14,138,.4254670044496905,.4359364581949834,0,75.38824130917877
4432,40.63775033482792,11,48,.3211487794005035,.2785770625153188,0,68.57014176896038
4433,45.67446977538365,13,31,.4164391854635066,.4037754274648553,0,77.67003845560967
4434,32.46720336155781,8,56,.4670455726990108,.3635853452578704,1,70.3561852440788
4435,35.4826136773498,8,114,.5491117121718184,.3748492940365701,1,69.10444162389156
4436,44.49735557492571,11,63,.4927357453384019,.5845359526202349,1,72.62347692163199
4437,38.91541357919186,12,57,.5018065628532644,.3922970748606492,0,74.3525138002783
4438,33.60316583039891,13,276,.5776307571565957,.4371320790036943,0,71.68340090483611
4439,39.17560139668269,11,87,.3663169463082022,.7070655392104767,0,79.69174236989363
4440,42.57382150886522,11,30,.2909868150005426,.4683969581417993,0,79.23070297602754
4441,34.92388390967653,12,37,.3192567203453069,.2538803157179029,0,71.73169840554969
4442,46.97972394940969,10,76,.5252344280462364,.5898912577251136,0,71.77166404078399
4443,46.73570733133284,10,113,.6602158003710001,.5813264790105959,1,71.05954504778215
4444,36.3057367714475,11,34,.5149348175376603,.907034369119912,0,76.30471766134026
4445,47.7055843017508,9,90,.7343590059916147,.8291604165714219,1,69.45620316089507
4446,46.43433313875187,10,71,.3961484048701633,.5448590933839916,0,77.05544211389184
4447,39.35104041819451,14,297,.4176670733619618,.4335013819767808,1,70.06641672829056
4448,31.53323437197104,11,31,.5647139002116845,.5028247340242972,0,76.05426045602687
4449,45.1700743610164,10,184,.5043146124135954,.2084260244636846,1,70.18716410502137
4450,47.09465058588827,11,310,.3134737558008187,.2096426396993333,0,74.1149895649731
4451,45.01181392608677,15,56,.4691604412095304,.6629004349038782,0,74.84414717313153
4452,37.8163965841924,14,16,.5543618515837884,.2801801055798817,0,75.95146776606769
4453,49.78521400121397,13,173,.3919486595064915,.2931526221250387,1,72.18780985516482
4454,46.79238190663531,12,173,.4207310868176641,.3832204894898092,0,75.21185405554453
4455,46.72777399373133,15,62,.4426577356118692,.473507895312244,0,73.42374025866921
4456,45.75807773238076,20,125,.375029180601415,.2941199590891868,0,77.46904584412422
4457,44.8472271530038,13,221,.445611222435184,.5364987650644748,1,74.43955473588197
4458,30.10701122300041,11,46,.4938777627449016,.5263509865500452,1,73.15094734333223
4459,50.46084135014122,15,254,.4434554394928655,.5734329862075315,0,76.90163220519742
4460,33.62426639030139,10,88,.6631513158634683,.591019578590169,1,70.02396143516401
4461,48.91814138392646,12,111,.2401296209079783,.0727080513531824,0,70.63159232284009
4462,41.28226186215672,15,101,.4914859016480124,.6066905555310775,0,77.29389578916754
4463,44.84997277047987,9,132,.4039132793706441,.1763500822294142,0,67.7429464854978
4464,36.38993040939143,12,101,.4404593266623764,.2960704731544705,0,69.91468674867288
4465,29.40318380233963,14,102,.3425946268058226,.4390384417723778,1,71.7100063854826
4466,35.31211021268082,12,275,.4161620616241896,.5268857945504826,1,69.99404208968737
4467,49.26601205098366,13,31,.4112079633846263,.2046398426325622,0,75.26652339552382
4468,36.47196221229396,12,53,.4975139371924324,.4811083958951341,0,76.48089390720446
4469,23.97135347682266,9,181,.5237202908926889,.4598126338527812,0,73.98735167420904
4470,38.58121572448599,13,205,.4084750454244968,.5027496403090652,0,73.83263112870064
4471,45.85152427007277,11,105,.5653638011761477,.5461139037212804,1,62.38946859576693
4472,37.2510203734404,18,53,.3526196998046355,.3618232424910903,0,78.34318507598908
4473,40.24749443585456,11,143,.36303440450478,.503761987877811,1,73.57006743794284
4474,45.65121582389956,11,68,.4172954428049538,.4692462044610987,0,78.97811824532472
4475,38.10273441816058,14,160,.5147869792422525,.5015069984482866,0,75.67534556535692
4476,41.96003985767862,8,59,.4731290868271988,.2347984168003443,0,76.41849601397918
4477,34.52953610433008,14,45,.4617217668193628,.6494797663202492,1,72.98270327992421
4478,44.99292305511358,9,109,.3119555669012302,.3551052364941872,0,64.42189398331382
4479,46.16937473730835,14,129,.5377349480008098,.6256253392091758,0,74.44724048277075
4480,41.72110670276161,8,145,.3169124344122415,.4874000588496787,0,77.69445581273983
4481,42.92461360851908,8,82,.2551887005721242,.1998789771652525,0,71.91598644895663
4482,40.27348424718498,15,117,.451704556230009,.0591642524246637,0,74.70599825456854
4483,35.03762912191053,11,93,.0881281473045715,.058327057890605,0,72.53671375344908
4484,45.87918394205792,15,146,.4977159611682688,.7982631450662139,0,80.08442139813631
4485,39.72526310140203,13,172,.4143109703706261,.5096183955663657,0,73.96430961999562
4486,48.81495904419891,11,116,.4443907911071914,.5210581137801412,1,70.34208575757107
4487,30.15363244504348,11,86,.398596946920259,.4161080597547723,0,76.77997951552213
4488,31.24871384715236,12,119,.5541362456522192,.5766800708273921,0,74.57463946517554
4489,31.53919517484802,9,44,.5933266136906044,.5793212417138419,0,73.08041016201469
4490,41.45816578607264,18,27,.6045083529361233,.5139650726646905,1,73.14417888803999
4491,35.42510831888752,12,194,.6063794795389563,.5224418428666227,0,79.42578733048046
4492,44.73664447766749,9,139,.3925380108008343,.3496639314114744,1,64.8786441580132
4493,40.11081261737358,12,27,.4471108014967656,.8069497124029851,0,74.13841072907232
4494,44.02296349299473,17,42,.2771609678495977,.3456351060412288,0,74.19612188081854
4495,40.54427128621285,9,57,.5153829665491322,.6097617645177269,0,73.87313857217333
4496,43.20439611990079,14,71,.369333061928319,.2873686062537258,0,75.1566548833446
4497,36.85891724383406,12,126,.480757103611948,.627843574292609,1,71.05504340028249
4498,37.25150206531787,15,141,.3544553028422248,.2868277015526813,1,67.10880237688208
4499,47.64671439385572,16,32,.6717567845619203,.8904479314387104,1,73.63498470764425
4500,39.29251839090582,11,56,.4754680172251112,.4659280594989782,0,78.50283455973936
4501,35.11185330121437,13,55,.6442997980183314,.7316027962327432,1,73.74725067122513
4502,33.40219057185107,13,72,.4099712252792998,.3160755418563321,0,78.93957284208946
4503,42.31401301742341,6,228,.4921127764401941,.572175646123285,0,72.95581187129353
4504,45.21276331903135,11,55,.5383337055958106,.4030747314347565,1,71.58338921129555
4505,54.92125021261273,15,294,.144137452975841,.1419730907006401,1,72.72049247979129
4506,33.73953831584461,12,29,.6067449821723769,.5293043808732212,0,74.70729966820952
4507,37.22907425578408,10,80,.553398424103021,.5258575501071232,1,66.31797807010192
4508,37.65759723649984,7,141,.4514236212990174,.3213967912536235,0,66.81868619762339
4509,35.01540129891615,9,10,.2208700748811532,.3713281670356277,0,76.47198956912349
4510,37.91499900757103,11,233,.5123108497817543,.5733129328780971,1,71.33418647100912
4511,38.20507626115705,10,33,.2821203760908916,.4863047651832676,0,73.61407253867691
4512,38.64089665250795,12,84,.4277847968062045,.4284061864725974,0,72.89130823943755
4513,38.50733679137051,9,71,.3229048719051709,.2899582232714736,0,74.77387450261384
4514,44.2847116421704,10,53,.620830611442394,.6925405642783053,0,73.5704839429397
4515,43.93732474960616,11,101,.494524731331122,.5833287510592362,1,68.24082237456092
4516,37.13361077825321,18,96,.429661761446697,.4907413211957918,0,76.14418824133514
4517,37.78512226993175,13,30,.3632947141874441,.1069770727371611,0,75.94556676275086
4518,34.31206039574249,10,152,.5867571332995855,.4713000064704796,1,65.87592155805837
4519,41.53402076054137,10,99,.5391327241673546,.6549873510945944,1,72.3836426873829
4520,45.8704216383025,11,88,.1881867014257803,.4212084982023837,0,66.6406102211705
4521,30.86277675795878,12,59,.5302413314729684,.395216882108088,1,75.42722748928324
4522,39.40904122278511,15,53,.4313495556204716,.6879566783377289,1,67.53253489049064
4523,42.55474653929883,13,328,.5149536501738693,.7042797864655108,1,71.20819645457259
4524,37.86030973633616,12,32,.5601483143282335,.6950624509199115,0,67.38837141804186
4525,41.07169210968059,8,181,.3930040225717495,.559062907885705,1,69.0487824754096
4526,40.86924701384502,14,66,.6404013257478741,.6559143978514852,1,70.54882204148383
4527,46.80632825292331,9,139,.3978812887993678,.2704186743488017,0,80.19109544693896
4528,33.84351290200279,11,44,.3264758966042063,.101370522635719,0,75.47115044515571
4529,34.31477236152269,12,106,.4853087117981356,.5356666780922074,1,76.03576995119465
4530,43.90170236548983,9,93,.5175719383102511,.6085599536179847,1,69.72091116990876
4531,38.60483941601935,11,27,.6331004825622902,.5925782480795504,1,73.66932165704765
4532,43.69140207117206,11,127,.7098141615170797,.8457986798795412,1,78.02469213498783
4533,40.74407115862175,11,63,.3493054000355952,.4933548332440508,1,73.45819964339773
4534,48.29354998725935,14,40,.4779391025044774,.8555001886920253,1,71.414264716617
4535,43.67801306490507,12,234,.6927195766604513,.7102890860706604,1,69.05605595698583
4536,41.91981681786832,13,84,.4386432858163818,.4376776947655746,0,75.02862349366185
4537,37.30803744795073,15,89,.4142591520453194,.4837575272300837,1,62.61809720648563
4538,38.04526826517508,12,248,.7346678662788908,.6253698492085581,0,75.97880817781434
4539,32.96454480406381,9,38,.5149249268992988,.4625949336690889,1,60.6113130815168
4540,42.20355413747579,13,90,.2577573836008648,.2803857741835555,1,68.99988837049507
4541,41.40698863768873,11,51,.5627648760812699,.6223228319004999,1,67.62563206362049
4542,33.59738640625825,15,61,.506963159517805,.5935835906400539,0,70.23336193471791
4543,41.61075044478976,13,185,.5413877463736458,.3949237881113024,0,76.29860736127515
4544,40.59934723159478,9,100,.3655564688831792,.0988134127782409,0,71.57202345099121
4545,38.35746863702837,14,116,.4820020959090582,.7306102092937395,1,72.46222735660967
4546,40.81045013771636,13,32,.2408197226478092,.1330698467456163,1,65.17007918396659
4547,45.28945971228833,13,41,.5118464183008784,.5864966044537897,1,70.68518410546729
4548,37.81004304988604,10,32,.4273583296001021,.7501428919485309,1,68.1022081002763
4549,40.80857666556611,12,109,.3652257505887912,.3048049642101269,0,72.74321951324109
4550,54.3753238878305,11,119,.6919906162112986,.7253331740039575,1,70.79292774576247
4551,38.65890867528604,12,84,.6365287302097763,.6520796921015501,0,76.39266889577554
4552,35.53739380187751,13,67,.4322471997253347,.2409040964244738,0,72.28400855818397
4553,36.47254976525333,12,144,.5751624090265874,.5243883328306593,1,67.93070249639129
4554,52.87644306564816,14,27,.6750692171510387,.7482902574589565,1,79.24571393040324
4555,43.4215595696515,11,68,.4787024925684144,.3571019135680411,0,74.37996399210584
4556,43.4181634740693,14,50,.3828521415004906,.2820615482564389,0,76.0116765596516
4557,38.75727305898902,15,27,.3350724412995991,.5256310061432888,0,76.01362185674846
4558,30.74465820245108,15,73,.4045574743946095,.2623331761682805,0,73.31435198013433
4559,37.92015146742789,16,74,.5087189102382838,.4177423142453996,0,77.48141830979571
4560,40.86797952529619,14,54,.2890525027237905,.4343411834799914,0,70.42939031039604
4561,41.89466016159844,14,129,.3768503659537116,.3595848726704175,0,75.18819329081532
4562,40.2872196420353,14,107,.3521562845777651,.2875617256198387,1,67.20771619944702
4563,38.86744269997716,13,50,.3037127793591596,.3383438838850134,0,72.15112992991708
4564,27.06276849178897,13,88,.3799855889097271,.3684080405038094,0,72.56801189303945
4565,42.55481386859477,12,94,.2467791891197013,.340730491140888,0,77.17701066574161
4566,32.28010081397478,11,146,.5421210269667227,.3789055553911338,0,73.43324402040183
4567,31.22472673345628,10,237,.3906029661216175,.2879581598232394,0,72.77056881964116
4568,31.11611203220294,12,80,.6764751025887245,.6965233165017595,0,75.58000498536363
4569,41.90069149198299,8,40,.2243017705399611,.3208826376118585,0,71.5591386401711
4570,40.14532369768099,12,137,.4422777024373936,.4946174967092227,1,64.39772443727203
4571,43.71417681141159,13,206,.4588836404698756,.5606808368537953,1,69.99150109757754
4572,34.75510831091938,12,252,.3857549291371167,.2342339616833821,1,64.43182141199506
4573,41.46378690995806,15,63,.5254491394897718,.3998853414461053,1,64.24949975465397
4574,35.07068285533302,9,16,.4150500178432863,.1105359089776544,0,71.4115711133107
4575,41.29185933511998,11,340,.4805007984948287,.3820747293830552,1,65.41409801735688
4576,42.2044009554872,13,40,.4979757350961688,.4178456494601165,1,71.13506123035405
4577,37.86057896119198,8,62,.2479219912347577,.3676137253261076,1,60.54716008977125
4578,48.0649344421951,14,178,.2422570576463572,.3074254069834392,1,68.98581593479736
4579,39.78400081029656,11,67,.3478103579426308,.3056891811969259,1,69.73488260247906
4580,36.993098739735,13,204,.5567745021092488,.6514556714353992,1,78.62266615824511
4581,41.00632364072518,15,145,.4608106389380943,.4635567813180849,0,78.20334508883352
4582,34.13716497514816,10,120,.3520111546997562,.3373601116513743,0,70.9643453951218
4583,35.73379236551747,10,334,.5087624959495486,.5122995058631429,1,70.53392870628933
4584,34.09188132692127,14,229,.4745189437111311,.3607382694452982,0,76.00387790362993
4585,43.78675679328119,13,73,.4454403552368921,.5212432526591114,0,72.4827962245936
4586,44.4854932816592,12,133,.3655707806019411,.3229903922310677,0,73.79923880295985
4587,28.68862053336118,12,115,.4436521260574356,.3334793606632643,0,77.135114298132
4588,41.39928134910645,14,81,.6067383042906188,.7219727297595218,1,68.5263930816415
4589,38.11911294085762,16,218,.5929705309666522,.541150998889616,1,72.15796224016266
4590,43.55258534742559,12,72,.5241205681575414,.4649166286924761,0,73.32833307060497
4591,36.36317172208015,13,138,.311786983418094,.2797621551339565,0,77.38769650803299
4592,35.77494070579789,15,98,.3149923081742336,.3665554905153962,0,78.69053648322085
4593,37.65034949089347,11,116,.3120720702857508,.3296944139838273,0,70.022981137004
4594,44.41209056896918,12,39,.634562827359186,.8599134568635951,0,80.20477227351749
4595,27.91660673349406,12,71,.40093640522746,.5085470774683554,0,76.01943545149733
4596,37.24148649148599,17,66,.4289888391445119,.6426797388918706,1,68.8359897178331
4597,48.79514410047002,15,113,.491819689247324,.3502775635802889,1,69.96851619711201
4598,27.27906378124581,12,30,.5597932046589846,.4282708055297726,1,67.44609432259786
4599,44.64006168063426,12,79,.4519731831327229,.6037915539628846,1,70.5966257472822
4600,56.84612199263546,16,165,.4416455650757384,.3433927557706906,1,71.12120733730067
4601,25.6241484347328,13,99,.3506437830917813,.7397205025914705,1,74.90451444450804
4602,35.87989293698591,8,60,.367726836530106,.2856124380622724,1,75.40486145256095
4603,40.05052836527219,16,74,.4470665091994807,.3437219412020462,1,72.51631941227379
4604,40.90371652213471,11,129,.5486646305920415,.3958026849391532,1,70.65911518126737
4605,33.31401337426306,8,101,.4723129301702487,.2070399374410604,1,63.52806779032857
4606,32.45866242824251,13,47,.3746502570682986,.2450457260292076,0,72.41485415696425
4607,40.75936707786984,8,52,.5987827212809542,.4414748241500766,0,74.1126395737184
4608,51.76889107525595,12,356,.3413970508873108,.2418242467211671,1,65.84259744769362
4609,36.57686905457772,14,144,.4463480625803689,.4763959848066883,0,73.61739183419422
4610,45.64920954489313,14,203,.2401488368660062,.064192032691325,0,77.86414038039278
4611,52.65424481165878,14,82,.3792855673837345,.4766124625929958,1,76.04001839970954
4612,36.32414221883883,9,162,.42059938251159,.4514304165776455,1,63.74554417956483
4613,48.74381083491323,12,216,.2489943625753193,.0200200301115672,0,75.67413509744884
4614,35.63873745916958,9,178,.3609704130928675,.1665046794245815,0,74.06813133529198
4615,40.43828198722025,12,84,.4296090686332182,.3924691292491959,0,70.95133655871018
4616,42.1609423138422,15,37,.5109424159480566,.6292332893394227,1,69.07458130340281
4617,39.02245211035465,15,81,.4159674469780019,.356423756618685,1,74.95575954146061
4618,34.32109073987898,11,80,.7135391629729768,.5866399629181464,0,72.07747259666294
4619,51.62446080850364,13,23,.6903953816304059,.8761964449911673,1,65.84074891459261
4620,36.61058175337701,11,66,.3544742268366655,.6545937654486633,1,72.55337484840702
4621,44.82555089348296,13,48,.441282583306545,.1865750749409291,0,75.49749522111777
4622,33.38647270948798,10,131,.4627916033579778,.2551999254506651,0,71.83941430583741
4623,43.69518814400456,10,81,.4151922763342308,.4365560734540507,1,67.79523818492093
4624,43.10179458911944,10,58,.5529219925891069,.5497030821570978,1,72.41536739030786
4625,35.99881618721327,16,150,.4938486736470496,.6323153797709316,1,74.88175026249971
4626,37.22115376124047,16,71,.4986214766868753,.5126500118149322,1,67.27819811811094
4627,34.41792908173109,7,101,.365607968307584,.2493706284644296,0,77.03361231745339
4628,36.23285762463539,9,188,.5378240232433882,.3378982266786783,1,77.12100240576306
4629,40.86878881386055,13,153,.3233226492251089,.2485105375106943,1,71.9477742595657
4630,36.88872380876135,12,229,.3336430031376472,.3925459103331332,0,74.69446646687422
4631,38.36543394108316,13,132,.3374943925676024,.2023248592574994,0,76.56899968985908
4632,41.2802299985181,13,63,.3685984302155739,.2688932975077213,0,74.85121465309997
4633,28.83830943020828,10,205,.5334706843154764,.5440862190524225,1,69.88546329848441
4634,41.51047694473355,11,151,.432713569764011,.2287222850650815,0,75.43992198741272
4635,48.91070424789683,11,34,.365895183671725,.6651553385972869,0,79.79929569386724
4636,51.29241543229131,13,143,.4025968589308472,.2937986918086132,0,74.68485253317313
4637,39.80593891639573,11,23,.2013405713475346,.4250845269608478,1,72.89082058659596
4638,42.88351929698469,15,75,.4025688902936648,.6403454982867042,0,81.83117847286948
4639,44.77894618179845,14,25,.4069431116981179,.4943828124705637,1,75.29937799430776
4640,38.83925239789966,18,47,.3615387136099538,.2587408033529244,0,80.02319832129878
4641,49.8236567396746,10,123,.3718283872476223,.4556380025920393,1,66.32624416336388
4642,37.43575264643073,14,62,.4244773739755909,.5533163766614568,1,69.46240532283512
4643,44.00028825538566,12,176,.2878780693990791,.2639288695373729,0,73.89872069333536
4644,35.31571948557874,10,95,.3587436224876518,.3544633913653846,1,67.66599419926989
4645,32.01927855262084,14,102,.2790709180022667,.0722676709201375,0,73.51776651393895
4646,48.91678596678409,13,76,.4694213609203369,.1641276794318923,0,77.99140335652731
4647,46.54612598156893,15,42,.3922762740836825,.4880649050711874,1,72.52179464701319
4648,43.74117871310182,8,125,.5036444917279362,.3218848570274523,1,71.49366700620419
4649,35.56148607094748,10,46,.6492780132217258,.5526065299240533,1,68.78265357672326
4650,38.65987968778111,13,125,.2441042285355107,.1859514213232676,0,77.84119466613144
4651,45.30969742580544,9,210,.4500014785095218,.6199548618894681,1,70.44313791652006
4652,38.58171563493558,13,91,.3354551242608749,.3721729671899991,1,67.15546332469529
4653,38.18946753986131,13,189,.5610333221983369,.6279106111240049,0,68.25830254603973
4654,43.02678347583537,13,58,.4690887413690991,.54031785054078,0,83.68046127744944
4655,44.5123103986602,13,124,.4567477070395844,.3701236158877977,1,71.45883685002677
4656,30.36082228076801,15,61,.5221463534118121,.7498825412041965,1,68.23440251212882
4657,40.05380454603491,14,42,.5197725665279593,.4764157194169606,0,67.79761475412157
4658,31.36211016650486,16,80,.4432520422797755,.4540856828401895,1,68.36415607080025
4659,35.19031981902404,9,45,.3153381358308635,.2564860329656953,0,68.74405905647609
4660,43.80439404049344,13,23,.6511144179464348,.6646323097028293,0,72.28621319903341
4661,43.68480839046616,12,61,.4249349995786917,.5728471579006498,1,65.99695478783936
4662,32.26634876873865,14,87,.3209251744759511,.2192763984003125,1,75.38134772246141
4663,42.57615172271296,13,109,.4102566676401486,.4076385927394434,1,69.70312807259089
4664,32.7855471207478,6,107,.4124781177405875,.3975172827325217,0,72.42744912636959
4665,33.97377081418563,11,107,.5340234472858149,.4245178528090864,0,73.89305406575912
4666,46.13868202580866,12,177,.3719974695865388,.3333874247697894,0,70.91048311829658
4667,44.89736595633386,14,88,.3925486767174152,.2053643154839874,0,75.15071667556035
4668,38.83009087809695,10,73,.4552609260925807,.4110728675579886,0,70.42174803930742
4669,35.81094628849453,13,150,.6573097998582247,.6416867435485059,1,73.22791840992289
4670,32.2119186461571,8,51,.4134679695588058,.6016900553864453,1,70.5773156978542
4671,42.19278002410082,12,37,.4350854284322291,.4488265776482427,0,76.47011746135072
4672,36.71747732442238,17,248,.5301046989152007,.5454771927958042,0,71.40500228220354
4673,34.5489797177196,11,150,.5164339694047135,.6427799536006948,1,75.84783616815437
4674,38.69175444166687,12,27,.4681268621156332,.3782747654768351,1,69.44252215795566
4675,36.02278038331977,11,39,.3176675526453695,.1810501283731318,0,67.02592572810795
4676,35.77746731747767,7,63,.4140123272131976,.4381015548254178,0,68.2572388985935
4677,40.00114989926244,16,10,.435429711079069,.3389327683699587,0,70.43437975831947
4678,33.13929619932138,12,104,.1802040994468329,.3846677903094766,1,64.57385088732799
4679,37.8875061879226,15,76,.4689230561354534,.2485166867174136,0,75.23370632388237
4680,32.7641528975175,14,72,.3867403858173396,.1889298446876457,1,66.16048277149093
4681,31.90823705503553,9,52,.462573288060536,.2857263404990869,1,71.13688009225099
4682,40.6398096335302,16,38,.6080890935536967,.5423067172910997,1,76.73143621367024
4683,43.32396965560024,7,40,.4868298232915104,.2662526725194568,0,75.68271081005483
4684,44.0606878067201,7,217,.5786215943644446,.5189180856652974,0,70.19147756679665
4685,44.65587041405703,8,42,.443789638558737,.3455380538751996,0,77.17254961816676
4686,26.0359356214144,12,365,.4529929707115262,.3532477551318217,0,76.27023178535923
4687,29.81470539546095,10,148,.6458226023092982,.6865861861907293,1,64.88241026613838
4688,40.32674560489775,11,695,.5907211903286322,.7664806136860993,0,73.31614718818622
4689,40.37868546352,10,480,.5803553309547805,.7178280533300782,1,68.43732132368642
4690,43.6256468814135,10,44,.172690661827726,.0890072110212611,1,67.34209376387341
4691,44.73780237955713,7,178,.2917230185918425,.2061705722426235,0,69.29800115948308
4692,35.77505888167034,11,291,.6735838461699949,.6327675704521655,1,76.38172139156731
4693,38.86991053215569,11,121,.3358888147851612,.2994624429802705,0,77.06256674209202
4694,44.55362542487393,13,69,.328587170117734,.0314276471009875,0,74.31742873733351
4695,40.3937338599149,10,169,.4996268054662321,.6158696303691233,0,76.20775685638459
4696,44.90079441024206,11,102,.3985418564454135,.3202219863009879,1,70.08605494083322
4697,34.51834077451348,13,259,.4268160904932434,.354455356225983,0,74.6601088821151
4698,39.90407797669025,14,10,.3019858856733078,.3508812461814286,1,72.7108022497907
4699,43.47420907736852,13,175,.4769252740383391,.5397483601942227,1,70.53190883947836
4700,32.29291434114003,12,40,.4659231788037791,.2919292298832606,0,68.19233387992652
4701,37.26942502186443,7,84,.6822344326542595,.9458360041102254,1,63.81668266225184
4702,55.84764668772694,15,104,.3481993449990027,.5151440027191544,1,73.28818729350506
4703,43.79352027094657,10,154,.4126454478024688,.449042467762274,1,70.94602644200737
4704,46.16191924942897,9,52,.4373297733248517,.3181894424472365,1,67.77015835024078
4705,26.21219124404431,15,101,.2696240704607715,.4030597880558477,0,68.98882780416834
4706,38.46921360657222,12,60,.4295060469546486,.5134588492085973,1,74.83058650865358
4707,33.90369266015493,12,123,.182323274577705,.097685288134151,1,72.97562083121512
4708,38.81481815375204,14,72,.422751001961489,.2909327312208503,0,75.56215470053873
4709,47.10410122733616,12,30,.4546270296689909,.4411636149552177,1,71.26777388443652
4710,47.1009091592386,12,282,.4259046031993073,.3208332365508292,0,74.74441773433232
4711,33.27658826708495,11,134,.3919268093226774,.2167760125348573,1,74.21201061080195
4712,36.46313521632515,14,55,.4721321589467348,.5299767809926356,1,74.91534932922816
4713,36.84820430887392,10,84,.3910841271139918,.2628175719428251,0,75.08095866366503
4714,34.68266919379992,10,29,.4551401309508215,.3976809727319134,0,72.61292425168544
4715,37.03501513896108,11,146,.4943653313228079,.4684916901721331,0,73.88793156759274
4716,29.89336140003521,12,92,.2979691600138226,.2956623393546589,0,74.71064431442963
4717,31.19694997998841,8,74,.4524478919502616,.3926183755886404,0,70.99909049669689
4718,42.71327754241889,13,241,.5389052614086961,.3482109613023099,0,74.71390125473759
4719,32.07233462962812,9,305,.3785170731075832,.3101045546158404,1,61.32161371476374
4720,47.15096317362013,8,38,.3680915044983222,.02,0,72.45208802960786
4721,31.60859434078314,15,63,.3913532110672068,.2881454656124094,0,69.61216476947038
4722,30.35003174555644,11,19,.5161989064349128,.4052692218401461,0,75.54621213395178
4723,47.46413045983644,10,92,.4285486060413326,.6589214577751474,1,68.78853660135601
4724,46.0038335223016,7,133,.5566658156384354,.5472431176313239,1,70.32038068008005
4725,34.7434178086919,12,159,.5599027471695941,.6456883074753719,0,76.06140117458389
4726,50.57699451035528,17,343,.2988791997207866,.1551816041879298,0,74.13230425304091
4727,40.89591437207989,10,215,.5459760437624277,.6156484046867726,0,75.30714013707642
4728,46.83603418303875,12,59,.1931968725994881,.3676036363994721,1,73.13513996815209
4729,43.06864146523012,8,67,.3536477284203079,.2976791461885242,0,69.27687804499831
4730,43.18280286859012,17,118,.3486736273357556,.1509984673707548,1,68.21269208063707
4731,37.72302781557568,11,350,.3618369679986378,.4422446604552333,0,65.22228691273908
4732,38.6381805782633,11,45,.2934827846164159,.2547369666683076,0,72.32418184247393
4733,39.44659912225188,9,146,.3414015251956705,.1161566911152935,1,60.54887056823249
4734,50.12126823745497,12,108,.3944937455690989,.640803536257909,1,70.24427267469385
4735,35.82632193829771,19,51,.5145141476439405,.8595478786375931,0,73.22051351274696
4736,40.0619207580563,11,57,.4383240070663351,.4527249292499184,0,74.50204228942692
4737,51.80263262162975,13,81,.4969114898878196,.5367927349146402,1,67.9097937524523
4738,39.5094959186928,11,152,.5476635324632392,.5573181891564463,0,67.84753877288331
4739,32.13538498453167,10,47,.7115585856547433,.7250595261916435,1,69.04563841572921
4740,32.8012249212355,11,52,.3582596906684637,.3486659528039339,1,67.26596196823378
4741,45.374558835166,11,81,.5905822715523795,.6993226407511114,1,72.0025122158264
4742,44.30716604618786,12,44,.4986570707831428,.3390162107103845,0,75.99829701293496
4743,32.35647566152736,14,199,.7127812456863858,.5815445928928558,1,69.06031976698839
4744,47.17947205953833,12,52,.6248769938379571,.3913142572276757,0,69.6359064737441
4745,35.10582577344342,10,68,.5228654844609045,.4528263411518235,1,70.50751013109962
4746,43.57764745466841,13,21,.5854438228842178,.5643951561518097,1,66.40804872830395
4747,40.7607835139302,10,120,.3336696592608527,.339227285743456,0,72.68837647318253
4748,39.79030478718497,11,16,.3844800407440965,.3072984949522041,1,68.24529205829162
4749,38.03694038719714,10,175,.6851148395235573,.6895043248819602,1,67.32297957127135
4750,42.14538457618604,17,326,.2579636434507714,.2413726482619276,0,72.62829313345003
4751,38.17249120017254,13,155,.6367101226033911,.865696498964536,1,77.08081379671219
4752,43.89857919987361,9,56,.4303359322597756,.4021248378900391,1,70.78791105531913
4753,45.72176865141588,12,35,.4162809896988195,.4299190207121943,0,70.89103038032643
4754,40.38304819813972,12,20,.4526984420916532,.525532575743529,1,68.64676528850707
4755,48.66818155884455,11,81,.4315277860454482,.1664063976278851,0,73.3426469512532
4756,50.16048854703496,16,157,.5341545006836494,.6015429974964295,1,76.19810442745448
4757,37.54349507780961,13,45,.3723409831360094,.0349115447262393,0,75.71313821409838
4758,50.66193581634432,11,94,.5188707508681363,.6545048100593617,0,73.8691700292581
4759,48.46501542720744,13,130,.6291817859515816,.5249113471318592,0,74.44865062281782
4760,36.77860857490541,13,108,.4220017405639923,.383912133607658,0,71.74577156920979
4761,38.23269313489025,16,36,.6060773508088847,.5309831022853102,1,69.01174888768116
4762,39.15845681475528,12,101,.7155464051692142,.7565870310365677,0,72.11870526017914
4763,36.78711027731322,14,57,.4766547684947648,.4686305614029561,1,66.2054929620336
4764,39.20127725112092,13,140,.4639841480907156,.3939510100928778,0,78.03351093164552
4765,37.29646311676291,16,373,.524207145499167,.5093997128653128,1,68.8952037620769
4766,39.07481265968141,15,201,.5348031727512681,.4263162180286665,1,76.75920022654635
4767,44.62860313233872,11,20,.4866724165022033,.5022563802267556,1,67.24418146796415
4768,33.28531303108037,17,269,.7160795668466826,.2413647760116752,0,73.31801434095937
4769,41.4037715767762,11,131,.4421117041962338,.2838463306378161,0,76.61416622372968
4770,47.30430723609905,13,32,.4358481908584337,.3937923145331104,1,73.52653938429533
4771,31.24890565968171,13,57,.3529337148100083,.6176883621889681,1,74.07440556072258
4772,50.69441870268705,8,95,.4237350664427555,.6409269087509317,1,69.06402709655569
4773,45.27173709810664,14,32,.4967239329681597,.5016749698115051,0,73.42796181512655
4774,39.13235312041033,14,94,.4859681753309706,.634928056309514,1,70.59095471065646
4775,43.76993847400831,10,103,.4205910350143404,.2447984095426928,0,75.87779876024496
4776,40.07173373894648,12,134,.3351692031919758,.4160011163732776,1,65.78077116817474
4777,41.28655327654,12,114,.3591358694800553,.3845637368309841,0,69.83089701287578
4778,45.52917226561262,6,32,.407706987517682,.5142085342995135,1,74.52977553028008
4779,37.99880285347516,11,541,.3396339671423448,.4017504560679399,1,72.1506358596644
4780,46.62541340459371,13,77,.4656874573853539,.6919569775764279,1,81.2107454449697
4781,35.70915058363302,14,135,.3496196476444308,.4655933246914087,1,68.74247141635018
4782,35.42218921154436,13,30,.5948584046957248,.6173823283665801,1,70.86744649494719
4783,60.01136072549896,10,194,.5750902822223873,.6729366210923194,1,72.42049110492349
4784,30.75491616341412,14,103,.3695448024191065,.3990115150453884,0,72.48004766919917
4785,36.96354064188849,10,99,.6045312777395484,.7118527045770393,0,73.16841983675022
4786,46.28139838100656,9,52,.3420537707851048,.3044476908376761,0,68.3259385782451
4787,47.33991925042632,6,68,.3863777484537159,.2928852777768532,0,78.02444820779814
4788,41.26068640452674,14,104,.2259924456984607,.2105166679152189,0,73.25572032596615
4789,39.1051340821463,13,43,.3438594756401978,.4172501047493069,0,76.99389252076809
4790,38.66725060242727,9,206,.6361556835841919,.6391558335066234,1,67.03848385563994
4791,49.69956528605529,18,89,.4842798154531445,.6306269839281878,1,71.46815326994013
4792,46.83860360540209,13,96,.5466592927239364,.4419066802302854,0,79.57628328782576
4793,56.94822755526769,9,82,.5624999933257714,.6534485925717929,1,65.90810597496991
4794,32.43233238747451,10,290,.3622935914002601,.321601050559176,0,73.5590880649471
4795,47.7689356702637,15,92,.4803896385374363,.6705458328641908,0,78.10030268599537
4796,29.70570476679315,12,80,.7476281956303515,.7469796700725789,1,68.98653011445793
4797,38.00348084252657,9,56,.3683097042723221,.2635510523539901,0,74.52619469775951
4798,32.11453011163794,13,34,.6065091364826983,.5338127965709356,0,73.55559430091584
4799,44.60927361360857,13,24,.3474400190836953,.4019380648071577,1,70.40196247125873
4800,42.91821978363781,12,37,.6973502734296181,.66123988428072,1,75.28553466253696
4801,33.64165356265845,13,117,.5554847489201851,.5027726893820883,1,77.13977341854248
4802,37.18460659008021,10,35,.3188231968928342,.5340688410716223,1,67.55675398665251
4803,47.68699594797874,12,82,.4205246856459503,.345817818149519,0,71.09480109268441
4804,37.63159098089503,11,561,.2029386881530647,.0830800037034718,0,73.32277739232639
4805,34.68981414640652,15,115,.5695724841885336,.7055896982451121,0,75.93607871080594
4806,42.44914087799342,10,51,.4532345184511548,.4875404850793044,1,72.58726051398773
4807,38.49992898020767,12,20,.4834060690280393,.4949845319227016,0,76.48773865521711
4808,41.14629708390808,16,37,.37105543601661,.142667841364427,0,74.35370229853734
4809,37.53801547169275,10,204,.5237854734506088,.5451203426166983,0,76.17511743138174
4810,43.69578646040438,15,101,.3358978832063775,.7588060417371325,1,70.63130664816006
4811,35.36375755148573,11,83,.3624957207494954,.4855582021923,0,77.87237983283646
4812,33.35753179795343,8,184,.4196674842527624,.3630451900076767,1,71.13670844201827
4813,48.28419414245332,12,87,.6164305834022206,.5906182321367274,1,71.1212760499281
4814,39.9321777423129,10,30,.3229378679039137,.3329741687310776,1,63.02923549547954
4815,39.80630227561202,17,74,.4600057024577321,.2925836516020682,0,75.74685072891619
4816,37.93004333158621,12,34,.5143321000696978,.4838200463286773,1,68.86987221700741
4817,40.72502912950868,12,133,.3288622514482419,.275308020081597,1,70.08727595674092
4818,43.91633703302937,9,120,.4837356894712937,.2476438547898883,0,68.86421457893141
4819,46.05432467302906,16,192,.4876532527475313,.4722435257821812,1,68.33922062777
4820,37.56259357466716,12,37,.347047276946777,.3715962164572059,0,78.85379056239461
4821,47.92123716696127,11,39,.3397147522470169,.1312363297923878,0,80.04301376218027
4822,39.53326491405781,11,111,.5176803081756977,.8492376689243131,1,70.95236537131495
4823,24.12896074699806,12,24,.5020014818680454,.3981428460508457,0,74.56339265254388
4824,41.35702704043845,10,128,.5446251979514024,.6291385062143706,1,77.75338177410993
4825,42.21291272383439,18,58,.3811334368702746,.49867367696617,0,75.60822655555641
4826,37.32963303497462,13,46,.522301464877605,.7030209588159406,0,70.48239695086173
4827,39.00315366414271,14,90,.519514423584434,.3761778918866678,0,74.84241004268971
4828,32.60250351005924,15,127,.4315881502194148,.3919393720652497,0,75.63073845099812
4829,36.77175003846721,13,91,.4769365833421528,.4376703240298113,1,70.24443696201634
4830,37.46395440081631,10,36,.5000009665527182,.4390881103119122,0,70.28940548142052
4831,42.36285998004485,9,93,.4992191218805094,.5095757914926717,0,67.69292454751859
4832,34.21168022933157,11,127,.4904273328352176,.3285923340100179,0,71.60956902148628
4833,46.49823766326914,9,359,.4368513554178438,.3045718343661808,0,74.19923582908156
4834,34.8202018863241,11,114,.3657539160597382,.3002328804530992,0,77.50392093567589
4835,36.48445224694888,14,134,.3816549016900756,.3577350121774803,1,73.65174027807815
4836,31.79630717239765,10,51,.4081451539649955,.3353873320500984,0,70.31546079292559
4837,36.75309989638045,12,55,.6396967336746253,.363694120356923,1,68.90010451488004
4838,33.5044971108984,13,241,.3419747194509789,.4536092836048619,1,73.00326453976568
4839,52.75955498636507,14,102,.3416263827472996,.5707330376311633,1,73.41833055424601
4840,30.30710439944556,14,105,.4806861706585514,.6000418004294106,0,73.493689841527
4841,41.4240431358875,13,225,.3428968505188288,.327443330517473,1,64.33828019523145
4842,35.58665858032813,13,159,.512899113778989,.3851902002827807,1,65.30823950785451
4843,34.90893722113069,13,58,.2889981189618727,.3911407559006023,0,77.50755326605109
4844,41.08114774027403,10,43,.3155881649919215,.4119985497339562,0,75.75310032466663
4845,31.7350188331035,10,276,.4340367228578618,.3271682421196622,1,69.51380220725368
4846,44.34240803471685,14,35,.4562627109805642,.8182418840795584,0,76.84644906467561
4847,35.46211516368233,13,105,.4140979681413436,.285253602843799,0,72.53769859921637
4848,31.22661903729953,10,28,.4771265582356788,.6232756549288048,0,84.48455374717986
4849,37.54388149552668,11,61,.2055714288214305,.2325908466447278,0,71.24290428114004
4850,34.87296793210573,12,105,.4995533606153769,.4419745888616171,1,68.87693388525238
4851,34.1489381538476,10,91,.2546842197821327,.265226590398406,1,74.69624419860888
4852,49.74029165209289,10,80,.4407698335911828,.6560671037949499,0,77.12909903956724
4853,35.28551887751648,7,80,.5648978089767522,.4777733338353262,0,73.17116291110322
4854,35.52424756346294,12,131,.2602049906627465,.1841910166413191,1,77.96714436157157
4855,40.16410586928701,14,56,.676674971351054,.4793351387785632,0,79.84199494294278
4856,43.32448617747657,11,280,.3989374881941553,.4888482630873745,0,73.78927751778804
4857,29.88836537421028,10,118,.1362201953804216,.3407217001692618,1,74.47113184274782
4858,44.00062444758483,15,118,.2368670393589446,.02,0,79.68138118279256
4859,38.00197191232331,12,51,.1844947425624239,.3113117179353131,1,73.13865047899171
4860,37.31813133076687,11,207,.3500772305829735,.0369450687567973,0,78.94829034107445
4861,40.6264853793901,12,77,.4583801413650684,.3844502214585219,0,69.53455071672892
4862,35.63610385321904,10,89,.434706211263548,.4196962673194556,0,76.07696329351609
4863,34.94958783956272,11,147,.6803657212077974,.98,1,71.06790493497864
4864,43.86178341130231,14,108,.4435102747250366,.5284653746800196,1,68.12262072022703
4865,42.72590671877106,13,42,.514766961836936,.2985664541497706,0,74.5919873333219
4866,36.3715396307573,13,71,.4797728233103563,.3301898772351113,0,74.92081243392886
4867,43.68704068942885,13,17,.6406424306763172,.5130867538054554,0,76.59231571924153
4868,45.49349504375928,12,70,.4202955487213418,.6101164964284997,0,76.53453043531815
4869,40.87890414587554,17,220,.3078725086322185,.5620899367023287,1,70.13929212102872
4870,53.12062499582655,12,66,.369623951656645,.3125616220523623,0,73.96004560009317
4871,42.91762110851123,13,10,.575632690169073,.421263316461565,0,71.29074634893298
4872,44.30179516985052,15,23,.4729590509411373,.461831501995488,0,78.69320689091873
4873,43.36519500765925,14,161,.3205608782886067,.1158921847609841,0,75.19309992459243
4874,41.55440726800062,11,51,.3357216010252685,.3680972016993271,0,79.70385727888824
4875,29.52233447519935,10,154,.5672683025615158,.6378765733639669,1,69.98092039218417
4876,33.72285809096171,15,111,.4935827237041028,.6107303308618318,0,73.37057856870193
4877,49.20441922957176,14,151,.6220235980247792,.759025777762257,1,67.89828304598547
4878,46.12748082411301,13,73,.4877930970567416,.2095280728990649,1,71.85664323706273
4879,35.83345748195685,11,181,.4929070711836199,.2191431936286559,0,65.15588537353437
4880,39.20660932892974,13,86,.4625505454725224,.3975015189721975,1,67.43452690374751
4881,37.38345768941569,14,45,.2813270426267563,.02,0,68.93268112300824
4882,45.12156867212796,12,339,.4948464942052739,.5674233779406118,0,76.45471066314271
4883,41.38931433753006,14,109,.4530573703084626,.4544183290129294,1,71.41381801234694
4884,44.3737364194175,14,97,.5428007469031001,.6364206885947,1,67.6057239335284
4885,40.96784684121582,14,123,.3301557555602165,.2430888199097626,0,71.69782867903696
4886,30.56650935638591,8,64,.5182174816196391,.4757960827237493,0,71.00672707670668
4887,48.08763526418552,13,93,.5332289810564438,.5374328107370228,0,77.76756771089414
4888,35.80649604588087,15,66,.5919257049014452,.5560358586307208,0,75.97040907534073
4889,38.40126190710669,7,68,.4488852067458804,.5201242835620854,0,65.87058875716116
4890,41.92942075458626,11,21,.526118737082385,.607801765598073,1,75.16491907119102
4891,34.12159753708472,13,428,.4757131620626464,.2420430680351269,0,76.62789412296283
4892,36.70039595161228,16,67,.5894004310846549,.8211953436079779,1,69.09764203746434
4893,41.16397892257996,9,140,.519639971567661,.3546811787938807,0,69.86093026852868
4894,36.70419889297714,10,72,.5432019289325016,.5994927168677909,1,69.00223309113549
4895,42.87062136037999,10,68,.357999193484231,.4001581725696907,1,66.54885528514662
4896,45.05481581611104,15,155,.6142631372143537,.8568965113941212,1,69.94715548996635
4897,41.79825678424067,11,72,.6354283704070522,.7165671488249319,1,65.50237016443785
4898,38.9893297312684,9,59,.2880303527569571,.430707241663154,0,66.96879757323157
4899,45.21836285533106,12,427,.2149529491153755,.2397802748234805,0,77.43756551350715
4900,52.26021254714193,8,145,.5927142920957031,.6158358904088992,1,77.62154118403186
4901,48.3592231895248,9,33,.3833303486370735,.3329737908596926,0,81.86595299801871
4902,41.01538755688495,9,193,.4058321205113407,.4470958505066961,0,83.34743579285089
4903,40.57324024115492,12,78,.4727946805847723,.5346277171873962,1,75.65782482084454
4904,41.31990532607669,18,83,.2315837027875053,.2150605382598732,1,72.91081961536446
4905,47.97467831264341,14,61,.3707462428919429,.3632240221801067,1,71.79961595171719
4906,36.32107676945615,12,40,.4678113584283875,.2245894326511699,0,68.28804053026042
4907,39.26378682215997,11,193,.2736662194382794,.1490394000142692,1,68.53769274305721
4908,47.46831257842057,12,84,.4951744097171724,.439801755636852,1,72.59049954379246
4909,43.11505496222969,15,55,.3798982842778448,.4103488244222468,0,78.36677120058228
4910,42.03081283306305,10,51,.7651237262161295,.4652545355119642,1,60.4811008479818
4911,34.39710719161897,12,194,.4090242596776394,.6606555628716853,0,75.99522384130569
4912,36.7372796112177,9,28,.2549803250219591,.2507732830242788,0,71.68346595832608
4913,45.75022233531871,12,24,.4927703017077879,.48484807334387,1,65.48303443899474
4914,36.16688191008023,8,46,.4997086009956058,.4686712062500589,0,71.57221565098168
4915,35.66765902841724,10,319,.3986733510874082,.3452304790039489,0,73.54161877216512
4916,39.53588685445482,13,37,.5690469459848897,.5323511309420703,1,70.16847916911665
4917,37.84924705864174,11,56,.2468712829136074,.3500711709601539,0,71.11724980901629
4918,32.5760741104591,18,107,.614039826753242,.5518424698656343,0,72.60118423337141
4919,44.2096836540968,10,132,.4516589858050848,.2853619549847551,1,70.11976773273821
4920,34.3614738545718,9,147,.5165293652498665,.6272783847558248,1,75.56676485569785
4921,35.43586228251344,10,241,.1435108668503942,.2643443416790711,1,69.56530299901097
4922,48.03966631756319,9,38,.5173224350516945,.98,1,74.61823142940523
4923,38.98707647135252,18,236,.3726951806380072,.365217075884217,0,82.25460885185385
4924,36.11777370277341,11,35,.4526527399888021,.3457952619200521,0,76.22168152817362
4925,35.80501792255809,12,55,.3374715615724506,.0938165570682106,0,70.67238754278573
4926,31.76878537782327,10,74,.4134790786066855,.6117042491899221,0,65.81445163986056
4927,42.4143411176623,15,51,.2531196162545997,.2320176950441382,0,73.84750286977447
4928,45.0183628572863,14,84,.6325034171704997,.6899633316569417,1,76.8359552078237
4929,43.35305869135764,9,57,.4574076632186126,.7326642413707745,1,71.91141015316218
4930,42.65565869438824,8,35,.459085272354298,.191862653039797,0,73.66187633849518
4931,38.14797848559703,11,67,.6121055490028338,.6762746890607572,0,76.1516262989809
4932,36.99336090946136,12,232,.2489512506252441,.2309589272735042,1,69.08886238285886
4933,44.74937481613302,9,54,.5552666967669898,.6873969566552798,1,70.75485553096371
4934,37.22108689532978,12,46,.3927806011899511,.2476547962366511,1,69.52444064501931
4935,41.9239174123126,9,247,.364542658732012,.2428166544325327,0,76.26155222030721
4936,33.36544689562761,8,75,.1731922115450293,.0690834431859601,0,72.11487880875571
4937,46.57390537880197,11,168,.4692285059051641,.4625653627525768,0,72.97720778465252
4938,36.54545383645256,13,1046,.376489281162046,.3964469379261089,1,65.38434878336197
4939,40.10040980730548,11,95,.4699572347305075,.2926166579421927,0,74.48338410542441
4940,46.84849768266495,13,81,.7880194104787881,.769879815769558,1,73.78673047655269
4941,42.10665736287874,13,112,.5986374455206691,.5533611923434663,1,69.85738253540221
4942,31.49538713853001,15,111,.2198406204478987,.2457201403548941,1,74.51018633573104
4943,33.86626051755068,14,246,.4576759246382943,.4659858372821502,0,75.24848825908977
4944,42.35465536909959,11,61,.5573936351643721,.5995527303879233,0,75.19507056250012
4945,49.42365565225254,11,65,.4502771300671323,.4024764792913698,0,72.95177681303497
4946,41.78842127485049,11,60,.3976799780038708,.3804871156392546,0,75.51382050104132
4947,33.88571315580082,12,61,.5780082544330327,.6757766657826735,1,69.68989275454152
4948,39.08772968725295,11,445,.5111819559878195,.3664219009017245,0,72.21053887300845
4949,54.57046286521283,12,51,.491844667837824,.2762167644798883,1,70.85036325856376
4950,50.27992001076602,8,105,.5629329114257016,.6514906713748155,1,72.09523592077957
4951,34.47160177127743,10,130,.4574101888762589,.3539262555712155,0,75.03423735072604
4952,48.45280056570427,10,102,.2067541268215762,.4709682525126664,0,74.41615410502514
4953,41.38801130008702,14,51,.2694777330853829,.1617608646326587,0,76.82940075313959
4954,40.08689201947229,9,162,.449856815395955,.4292355680483259,1,70.39231781596354
4955,41.38231865270417,13,101,.2182720087966812,.294595317311222,1,75.91069110315023
4956,41.03853664103961,8,102,.392149862088972,.497147033439266,1,73.83005133053497
4957,43.20105914438802,15,61,.5817434872696179,.6081881755395753,1,67.97770891277932
4958,42.15847409777604,11,66,.4578794684558671,.5684835656061992,0,73.75007007723426
4959,41.03223682669868,12,53,.7119921999505203,.9362015903815533,1,63.1544017196929
4960,36.9733402973416,13,47,.5637106320172962,.6848287635878367,0,71.46953146270087
4961,34.51437794132289,10,315,.2755442014649376,.1450912796846447,0,76.48913336170536
4962,40.63833252679487,13,147,.5056772823521135,.5057454360625777,1,72.24783816708695
4963,42.12113549231685,11,85,.6440160982696607,.5787311281348132,1,68.85631163326163
4964,44.6885562833799,13,305,.6637416566173123,.6524179878782336,1,68.30837174425234
4965,42.06459478574685,11,107,.4093799163694333,.610307454035435,0,74.04793470940176
4966,44.10315697196732,13,38,.4021124426357591,.3038132398062864,1,71.44945377996157
4967,35.58289113026085,13,174,.3771058632336877,.3387217441863866,0,78.1554413438391
4968,35.68226253937024,6,95,.5459234860546259,.6968909540848603,1,71.0807184076602
4969,25.18503934789449,14,172,.3346961870310331,.1716950794459632,0,79.57706069270213
4970,40.7070213637775,6,55,.2888764505391165,.02,0,68.31057391085876
4971,40.09294575653288,10,92,.4463161469317354,.3732948755440902,1,65.40005536750687
4972,41.03307480834982,12,120,.5198134082142966,.4904511173968298,0,77.50792819611159
4973,35.06638044797952,12,45,.3440176442766735,.2401652834387521,0,72.85097661993763
4974,35.04660776669962,13,136,.5782451395384833,.4767728068731231,0,65.30622292116676
4975,42.47105992097756,14,156,.3908220235786674,.4055925151801132,0,73.17559213761454
4976,49.64878838120381,15,136,.4056932704840901,.1452861466163481,0,76.06629298151411
4977,48.82413096204906,13,88,.4731009609507083,.4469105211103043,0,76.28273127968785
4978,51.22851211845865,8,139,.3999270350896147,.3999110074269632,1,63.90446295364928
4979,26.85194576962539,8,73,.2975191133279859,.3579281632807679,0,70.40058212471294
4980,43.25788856446254,9,50,.4324899970888436,.3322412647417564,1,61.06008765313417
4981,37.16168081732849,12,109,.5422567777535838,.6457609152645991,0,75.41945942438079
4982,44.71004129681392,13,220,.4557889107314648,.3707510736194777,1,70.65576159327146
4983,37.54606645609576,13,68,.5768069770653566,.4402383141630719,0,80.04216642500876
4984,48.45785279714723,12,102,.5255868280969942,.2414534590045622,0,78.78693988992248
4985,39.32236398937395,17,197,.4808540393548218,.4504810892747483,0,76.7472179339122
4986,44.82706532235937,7,54,.430880805612233,.793514421800501,1,72.25478139785696
4987,27.55101212438623,10,57,.3556472894174484,.3491768633671715,1,67.18935407104949
4988,44.13022864936415,13,88,.4149986626961874,.1263829337654795,0,76.55469417037969
4989,47.40529543046161,18,135,.6805221079966337,.3014687804972812,0,82.06632068843076
4990,38.1500859083867,10,77,.3130041664086181,.3224430381886514,0,83.11915921846096
4991,36.19842625070005,13,335,.449821640442685,.5294526676504345,0,74.2400745936723
4992,32.44541417351729,8,95,.3086947896523974,.3596740147748758,0,81.16754736412267
4993,43.5366304411004,11,125,.4831912881065752,.3943829370987656,1,66.74159897588541
4994,39.96356794622284,9,83,.4652966192600998,.5584240135768608,1,68.89139339498755
4995,50.99093283874348,13,68,.5016717896968078,.7101348574547397,1,66.27213511150001
4996,45.54858969128883,17,126,.493188223276228,.6016089613472578,0,76.6628465950192
4997,37.71286994169978,10,134,.5879536974344078,.4447243816237957,1,76.35341149990438
4998,46.96864347407229,9,83,.3136971882960919,.3044457196008247,0,69.79787305227244
4999,34.16834317677366,11,136,.4032974536980791,.3174567831670759,0,77.79969928878477
5000,47.66719321515928,14,176,.4541884183753401,.2641310905985319,0,68.8089801181054
5001,39.89218838948803,14,125,.3168923150601226,.323482481101802,0,75.40505337138262
5002,43.18734051660253,13,31,.4112913792624563,.4635723319259946,0,75.78544874722152
5003,32.33501023302535,9,149,.3339570842390853,.5724031213825166,0,68.09714982738363
5004,42.25686485226068,15,60,.4800269590397935,.4931105422166228,1,62.94857842690165
5005,34.19952421895676,9,60,.4897392267697662,.8548553479815495,0,74.08586247802064
5006,40.43766300797019,15,64,.3096281436620193,.3726439330897932,1,74.41479527713005
5007,36.94601173609554,12,358,.1333676639618384,.1448004779424558,0,75.82442377267795
5008,41.50526969337609,9,44,.3688982680334721,.3615133529726552,1,73.92384535484088
5009,41.53977041116639,13,277,.6971228299306508,.6676730699387575,0,73.69920835666771
5010,40.86260170765191,17,150,.4925745711722718,.5303217769184358,1,67.85215033494015
5011,37.39378274942577,13,136,.4323960002307615,.4427704965323009,0,72.34331826915044
5012,36.43160268482539,13,80,.617653871415202,.748852427721272,1,68.8426826426998
5013,40.29121107200269,11,57,.6403892623166716,.7650243611048505,1,66.82672019968953
5014,42.77165846303605,13,64,.4072910164633951,.3784393341941699,0,80.09194505714167
5015,44.09873640641281,18,87,.3497347983157316,.4380719361000576,1,70.30331772243522
5016,42.1426221943905,14,225,.4185109468986972,.2649233819352499,0,70.52675165877865
5017,27.23682488301221,6,204,.522652168481797,.6471218711353229,1,76.15722983733822
5018,29.40764142485374,15,311,.4951560640175015,.6192888546113854,1,68.96211010834101
5019,43.01335182802708,10,49,.56198877645461,.6937893720666204,1,70.3323027852161
5020,54.86613336776207,8,125,.3686564411402551,.359397012855711,0,67.52379646031736
5021,40.48871273927225,10,73,.4498047831247105,.2574427436539318,0,75.23918241439122
5022,33.0582201364348,11,60,.445349041047695,.6062222193587308,1,67.12653302575313
5023,54.89950022498174,14,430,.5544298053888893,.5177486636859943,0,77.00199718423765
5024,52.52969109018922,10,156,.1689803878614962,.1927149051264277,0,76.67647400406014
5025,46.40353174008577,15,80,.5825962240313046,.4365461329626615,0,72.65677770045949
5026,46.81665495960497,12,77,.4635215682024234,.5452221386110108,0,75.98955925367534
5027,31.49378662516578,15,104,.4929712150885057,.3875271934794416,1,64.91249181409133
5028,45.32042528152712,15,76,.3975982941452575,.4204058801764194,0,73.25826064239577
5029,33.97409506646479,15,58,.3758260361905529,.4749683433302463,0,83.38981256614819
5030,43.1891737685161,13,38,.2991785806764823,.0970126963040859,0,74.69895061930191
5031,40.63281335878172,13,35,.4831539289724781,.5713984608073213,1,69.88580932059713
5032,42.27145675465346,8,189,.503363161054595,.5445548979735536,0,66.85583388244909
5033,29.83982858810746,12,79,.3707120888330496,.3894250655136397,1,78.65489567267291
5034,38.25324840720696,10,96,.5711928519334798,.6205216208026884,1,70.41672657285602
5035,37.94613437814665,10,170,.2720331419938095,.3275661004453001,0,70.76096609320733
5036,57.71931461206644,14,37,.3086818135840436,.3324458874174159,0,74.90558618823945
5037,39.04095424388078,10,279,.320690012975093,.3626282852410611,0,77.10572902348176
5038,43.9944780328801,10,149,.5085118412470809,.338959910748293,0,72.13351559434172
5039,40.00767705973931,19,38,.4658492261793163,.4348455308614393,1,73.11583287900666
5040,35.60068050612995,13,50,.3083793004431511,.160800958250166,1,73.47989328196181
5041,42.10479197948672,12,23,.4119225811702888,.3830793267686998,0,69.4848333014239
5042,47.59494382925431,11,102,.5220973537440989,.5398024123256542,0,74.18381168767279
5043,40.79353273076639,8,130,.6619963778435196,.8847600818430753,1,74.11798075106513
5044,44.80048384134086,11,201,.3915555787300862,.1572533895142223,1,63.1260661057886
5045,44.80574733945332,12,32,.3932418614996251,.389945254927928,0,75.60612042217672
5046,41.71937507081268,12,83,.5515928937918645,.373793954253114,0,71.71092621408556
5047,40.73370367489918,14,301,.5529444375756023,.5951394476681471,0,78.87697723801215
5048,47.86471382473843,15,578,.5528192117726224,.5685300024461368,0,80.80083666508271
5049,33.34309267691663,12,169,.5066389902560168,.7421719876322149,1,72.97188850104315
5050,48.30509714835987,10,658,.2863580370045951,.3213732202232397,0,72.98204017398521
5051,38.20472603746912,14,130,.5188221626422971,.5363691971457945,0,83.1677942163997
5052,30.35056798496311,16,63,.4567460209637582,.5017879130440065,1,69.39742925637866
5053,40.81218634508894,14,125,.5986256623699627,.5807772035299592,1,73.02785026607958
5054,44.1804802892764,11,56,.3711039881282372,.346284248542834,0,76.70533371276277
5055,32.99920900974782,11,91,.5573186909189081,.5992016557893556,1,77.09556322749668
5056,45.65014552455457,10,53,.6419311439230957,.7613456189814434,1,69.52626391085116
5057,42.96111543367785,10,52,.5715188040014469,.3543557544226178,0,73.31601737231622
5058,42.11819163880298,16,36,.3829825192661853,.4758654668239048,0,76.01344111675381
5059,28.39728175743194,13,66,.5233113828255552,.4246307129797735,0,76.3200965454498
5060,47.0277684060069,15,63,.3913201375725116,.4678026295030233,0,77.83643537368293
5061,40.26685253566801,8,41,.476879753318127,.520221155011704,0,74.17992552464563
5062,52.76756899548488,13,65,.611833633762855,.5753245289007062,1,72.82053599161343
5063,35.91869072424861,11,98,.4149425386846639,.2887148708061504,0,73.4559605201308
5064,36.16476481880268,15,9,.3240172623405645,.3243541098433448,0,73.86010740908307
5065,38.90984697544825,11,87,.3265238919042723,.3110617060399376,0,78.34111368564656
5066,37.81362760402258,14,222,.5780040682009521,.6701839957143536,1,68.57063682586472
5067,36.0553132918681,14,65,.5327641928505161,.6818640406729386,0,80.14625280342591
5068,44.88293257621295,12,235,.3986887598212264,.3562404545775205,1,73.22738303201422
5069,39.28368156607958,15,25,.2942192307995175,.1198104486680052,0,75.64859500286013
5070,38.67336414355546,10,57,.3102759701115049,.2193009492687292,0,67.72750200877213
5071,40.90861434236864,16,164,.812763106005078,.7125861785343861,1,73.60526047330534
5072,46.44859634153397,8,47,.471955560730962,.2944441993859248,0,70.55597659479932
5073,34.23590706845375,14,130,.3987854861166608,.497434915021757,0,67.42781058373734
5074,35.94639999146426,14,62,.4522993669946628,.4635693578010929,1,71.29698678126741
5075,45.25274392127634,11,176,.4585958280755786,.4918967424172355,1,72.06171139766373
5076,47.82343542857274,13,79,.3986079320542181,.4386536936192541,0,71.51351723741071
5077,38.82988692602684,13,51,.5695487899218898,.6976059006884204,0,73.71790240601474
5078,26.82612968130687,14,201,.4505751353344664,.4103923110160575,0,73.02426403889569
5079,43.73219297995153,12,74,.3334771124731273,.3208621613858171,0,74.30633415055759
5080,45.12010332318113,15,72,.3544156841911407,.466447183896724,0,78.89988095604838
5081,41.41963939810342,12,60,.4023751483993685,.3633587241426273,0,76.70725739128424
5082,41.07769254907488,14,196,.4688876792048043,.389488727983236,0,71.99638269468036
5083,37.41349989162305,11,76,.5055710987228752,.4696165936310174,1,69.79915995714275
5084,49.38175274337299,12,322,.3360678852228131,.3870898854620559,0,76.88398239687542
5085,48.79664185540962,15,60,.406501594858217,.2329540837815874,1,66.59710419377267
5086,51.19435627953119,7,47,.4136066466933198,.5220945439770427,1,74.01866639216482
5087,43.5610751842252,17,44,.3083004781421035,.3198041280573512,0,74.85508225216576
5088,41.59925855953941,11,83,.5002148217381696,.5239632679763154,0,72.8741238646441
5089,44.56120841591546,12,97,.2940345407485877,.1785305118166002,0,79.97348725731621
5090,41.39011520664257,13,21,.3952454929377908,.4545813158919623,0,79.72051268954516
5091,47.21158773760934,16,103,.3857208722717371,.5674539654767949,1,69.89685642623758
5092,28.87950339268586,16,181,.480670366715903,.2170510145212755,0,73.81194378165402
5093,42.33125935064871,13,87,.4575226200857366,.4615638643644977,0,72.61834201125075
5094,41.0377699728029,13,270,.5381163662416218,.3363455927135135,0,78.25585506185089
5095,41.08524260566649,12,146,.7339504326226172,.4979554807893798,0,69.68688806310718
5096,29.47016867134761,8,83,.3918922534336537,.2405946000608288,0,81.68020974192194
5097,25.78872298215789,14,64,.2754327726234687,.2067746961385996,0,77.69084466328589
5098,33.76162931503819,12,144,.4298962974849365,.1669843982276155,0,73.43154199653588
5099,45.85997163451312,13,85,.6250228147456963,.7040799607794063,1,72.75905664894526
5100,50.54101015037214,9,141,.653429202716746,.8770542346932477,1,69.53932802877131
5101,32.32548289842804,11,107,.4858883904186653,.3824821026597847,0,76.03518577145984
5102,36.93578698594202,12,187,.5573235778900535,.390220785265363,0,72.7976612767162
5103,36.79888684652853,12,474,.2190809871338415,.02,1,66.17397323415867
5104,34.54951276096058,14,44,.5992267299520048,.3910748797018063,1,74.68588829428944
5105,39.45292830847376,9,84,.5505336863177253,.55144303064515,0,78.17518117257558
5106,38.31920259499674,12,29,.1478481730899001,.3919961184866958,0,70.68796151528718
5107,40.94319889276434,10,84,.4639581220507767,.5466272557750814,1,72.75038589823066
5108,51.04081573683834,10,155,.5578876983474924,.6772622746348984,0,72.94772845631093
5109,42.31286350131917,11,46,.43322208478545,.6573970411988512,1,71.18797057837004
5110,42.32972834800134,9,95,.3941065327052127,.3496908468774871,0,69.3080254771527
5111,48.36882857049304,20,48,.4560081830997333,.4102518135974523,0,72.96195568460929
5112,34.80876241655758,14,42,.265655086005009,.3412876760940216,0,72.87924432978922
5113,31.51761379123399,12,29,.2629952947741812,.2549015802699151,0,76.92239095852499
5114,39.679064883757,9,25,.2984745563477966,.2555764811241568,0,71.62791425176287
5115,41.2267541823672,9,62,.3657793970465592,.1300483616908761,0,79.49785587318254
5116,51.83783298869572,16,79,.683454579447856,.7135707625163278,1,77.30800972682748
5117,37.16877149113336,17,51,.3363097615458879,.2395022659485638,0,75.39861205339105
5118,37.10905211774983,14,76,.3053058992313239,.6368703176694427,1,76.69543924370652
5119,48.9584460692528,9,87,.1439919355593783,.0511767739829615,0,77.31552963597288
5120,37.94878098419455,9,176,.5231423329480256,.3931263746788803,1,69.91519700850453
5121,30.09739973609751,9,59,.4758968166984769,.5557387117096793,1,73.97808078455039
5122,46.16528445683166,6,173,.2406150895486643,.034282584920644,0,69.72918044975616
5123,37.53506654990761,12,71,.4714885862561737,.3509660675354314,0,79.12708486220568
5124,41.34987385450176,10,69,.3213039669345873,.6405855606272894,0,80.49536454421511
5125,38.5087125616841,12,312,.5039875729922498,.4596820121343228,0,75.4756855226322
5126,36.00670967301838,13,52,.3451962776040824,.5927626646137696,1,67.68525648413906
5127,35.50111243837137,12,204,.3941230274939478,.6834077831547616,0,70.28460311079827
5128,44.00673724860741,14,37,.4988857723774893,.6729819935561863,1,78.45050183443476
5129,42.54840406261076,13,95,.5646778404928036,.4615426064244001,1,70.45865368226966
5130,35.01092490131983,13,67,.5067439780125331,.3733194755370585,0,76.31093181925833
5131,39.9496673116311,13,140,.331832734800229,.3662007792471617,0,78.67188252589077
5132,21.38741546736451,14,27,.3694766463750093,.3208562069565984,0,73.33486521710053
5133,35.35175169034318,14,84,.4186368104852886,.4457808478295406,1,72.16412416284703
5134,42.76863673503668,11,69,.4249069883152438,.5023552888425439,0,73.14210943310042
5135,42.42942734975905,13,98,.495290104746314,.5016622626770346,0,74.37899733305974
5136,38.63002632464516,12,37,.6090884720640249,.5108533359897277,0,74.64220488850948
5137,39.97176891904736,11,219,.2254145052804714,.4166044055476995,0,70.25702894709951
5138,46.42812259131693,7,163,.6250309843565343,.6306484367666214,1,65.4238325073695
5139,42.19708049172618,10,81,.5621224672032735,.6473867962241358,1,72.53443164359562
5140,30.36906614808328,14,155,.4078558413605461,.5231395925394198,0,72.65456815633999
5141,39.71801083182864,13,52,.534650876213621,.6795943598976925,0,72.4808075163677
5142,41.09881990557381,13,95,.5299342113053652,.2707679664873724,1,67.07544063441863
5143,40.5123803499403,14,48,.6418722131831073,.5874738530295593,1,69.59412122475459
5144,49.36660148805607,13,51,.328351189061842,.2584517262257385,0,74.5290326598128
5145,47.03097391064706,7,34,.3618325025953736,.1186513484270523,0,73.46875805221713
5146,46.01191593080087,10,359,.2715793452920112,.0746636719604751,0,76.97279946002507
5147,34.65879714021226,11,56,.4506870207065778,.3938793153236929,0,74.16350134522352
5148,37.90919896032884,10,65,.6295352942189325,.6854265787848708,0,75.84641145600796
5149,31.92322937600012,11,85,.4683656382808989,.3930820659357107,1,70.1105898657694
5150,46.03911842525044,7,135,.425103615719952,.3345056865731043,0,68.96219037588746
5151,42.93240300088679,12,28,.440015144187571,.2859170182679747,0,74.52007241258217
5152,31.59366177706183,11,178,.4284420097856366,.559319179449716,1,73.96892655496929
5153,41.78223402029348,11,162,.3702024228600496,.670065044844649,0,76.03058766420021
5154,40.52139362740235,12,247,.4176360865446213,.4432667048331978,1,73.63167920354684
5155,41.52731429617053,13,105,.6705070808515667,.5268362857971812,0,75.63798930410709
5156,39.86154715812783,12,166,.5323458736795739,.4701965291425707,1,67.00740356171525
5157,43.82510892533507,12,153,.3687321279256973,.3016253942792195,1,76.80768201341161
5158,30.8513493630193,13,33,.4799396420854809,.5122837178592766,0,69.19376184854474
5159,42.5797799909884,12,236,.5187276370998671,.5216083607107982,0,73.09603222142854
5160,38.83246141969592,12,49,.3662361965989852,.3029188195849518,0,71.24846355811643
5161,37.40610410627252,11,67,.313258724426439,.4787707098272819,1,70.40530233967357
5162,40.65633011131582,14,125,.4999438487589378,.358942338740762,1,67.49729462705153
5163,44.67477152188555,11,505,.372281560706844,.4644584073145621,0,69.09114289132711
5164,50.74086535817059,14,200,.6477662116947418,.6246781235162843,0,73.90423055078426
5165,34.30285378715445,11,129,.3628987233069485,.5325460367345425,0,75.72005927100811
5166,47.98720807024242,11,274,.4945424345761602,.5163021738815667,1,73.09664081752297
5167,37.57611945583282,13,89,.4109667983514076,.351626857861894,0,72.25203947548404
5168,30.27643362642849,10,153,.5493070242461475,.2960654338654998,0,73.07641865389553
5169,39.5881813868486,10,113,.3131302899859579,.2965171049163708,1,64.43363739685473
5170,36.64933327826475,12,112,.5107263757922398,.4896587799892537,1,75.14015706368912
5171,36.58247525338962,15,109,.3870252290248022,.13746966523617,0,74.97027330616898
5172,32.72512382823615,13,197,.3530398413546415,.3075817923054268,0,76.04523823451143
5173,46.22319647783139,9,62,.2890289162008512,.094863187983824,0,73.60327403480176
5174,41.04749476335985,11,123,.3690711139945835,.4965346777740223,1,66.24307741287419
5175,48.06629144599986,14,47,.6220468822578386,.5693505330529302,0,68.80023496250728
5176,47.24098009866891,12,25,.3741343778196338,.3787167536169215,0,75.44534087041494
5177,40.31727857164992,10,94,.4953514409300061,.6118020591403689,1,62.10039420451382
5178,45.27413272557852,15,77,.2285929524240046,.159002786625863,0,76.57808274274961
5179,42.82234364349982,9,11,.327323946750495,.2677674951227434,0,75.62654057334845
5180,34.99397874284396,14,235,.3849921338323643,.1280898720057861,0,70.17943810039034
5181,42.47118666487177,14,321,.4365949828734948,.4353996918205804,1,70.4105665253195
5182,59.69451891657692,11,206,.3847560347813819,.2393601412230174,0,76.74750842021757
5183,43.341588218315,12,109,.565614851094665,.4326740104955993,1,69.28648585249904
5184,39.80157897332223,13,41,.3060886584532392,.0690124007310692,0,74.70091066850702
5185,36.3230363797984,6,39,.4182757832287219,.2293163136037162,1,69.83973039410327
5186,39.10459083965752,8,57,.4300174886338217,.4216183259247178,0,71.98987975909735
5187,31.98719419843545,14,116,.402879495139168,.5297716909697432,1,74.29510875689309
5188,50.47019117843953,9,185,.5248785615478115,.5109931353059719,0,73.15395648771197
5189,30.11816420367931,10,162,.5565978198684809,.7933762614990048,1,64.89479681896819
5190,36.99282882579551,8,37,.2324256515739404,.2177197877010476,0,65.82530196614971
5191,48.22253418344104,11,174,.4673506634148245,.6661697053795702,0,72.21380558698714
5192,41.02589864714583,8,176,.3538186313372846,.2043898708986232,0,70.39556844252336
5193,34.21594874726772,14,115,.4851176435255864,.6244988302556751,1,68.31379293237549
5194,33.49780434388907,11,274,.4076749119966931,.3345424936195809,1,69.79539991500428
5195,42.0709282496409,16,31,.3422300293055224,.4031025978660513,1,70.6618473273664
5196,35.44100827520241,12,70,.3886008413248751,.6414317045107703,1,70.76107641303268
5197,28.00382371722736,14,144,.3302713709664227,.2833558807852009,0,78.23063482827746
5198,42.93347452480304,9,164,.4198945041401166,.1276810863265668,0,71.6340028530641
5199,30.36786149527801,13,21,.4418149583298551,.3285728974955821,0,74.73588323165102
5200,32.54839190631633,15,80,.4204395942456646,.5477818342688492,0,79.1003400606819
5201,38.3231976700039,10,10,.4588946164545934,.5054415442192831,1,68.80590927062156
5202,38.5988338296947,13,40,.4783125121009809,.3764066796715467,1,68.03228085093292
5203,46.69563811498968,13,147,.4234093772416342,.3435245362622334,0,75.44670137062415
5204,30.82681990819169,17,91,.4772495964689787,.4225040346696741,0,79.28396780951395
5205,51.04709233448481,12,30,.1863920822177588,.02,0,78.26313590564355
5206,39.19259238468437,8,197,.3723512680716636,.6269459680139562,0,77.31603263409475
5207,54.19586694903834,16,93,.5317356463128492,.621828190901299,1,71.62088604475997
5208,34.44159435060611,12,188,.297337555831804,.4464689257467718,0,74.28447694786915
5209,35.90925815169853,11,139,.4842115897831764,.3438858338329358,1,70.16626344208152
5210,36.07640660948718,14,136,.2940585423855009,.077367068879112,0,70.93031544304112
5211,45.32474207220604,15,70,.6163044942208966,.5079830428273582,1,76.16066398769007
5212,42.61228488881669,6,42,.5766582202359549,.5363095290938585,1,65.99806675725118
5213,39.30737382103169,11,54,.5403508074849387,.5916255099953194,1,70.51159018625555
5214,35.26579688473004,12,276,.1675046729239167,.2317747809706769,0,72.69284679942687
5215,44.63370625408341,11,501,.5869918108146652,.64670024027136,1,70.70634156733684
5216,39.76762319112741,13,281,.4986505424231879,.701774984028656,1,74.8050964225433
5217,47.38630992929099,13,49,.5276770290980471,.6776555922347405,1,73.82437273080791
5218,42.95910882800794,9,130,.3678435206245847,.5045835773672899,1,68.77908624260601
5219,37.3165713747664,15,127,.5288344708904189,.6063052146488407,1,73.54595294386314
5220,31.9746589961004,13,110,.5258526455061094,.4643326824994918,0,69.7815130079718
5221,42.60498634238032,12,37,.5836263747223094,.5750464646366119,1,66.80169212769071
5222,40.64749091485833,15,46,.5003132121926552,.504943584347802,1,68.98248853303303
5223,55.25392623651773,15,277,.4588740806539466,.3506444184755571,0,76.40989751052892
5224,31.16179664856817,11,106,.1907884902773139,.100358722311329,0,75.85465016002979
5225,42.91594701321673,10,89,.3275488354494506,.345134801777464,0,76.23139029127103
5226,37.35465344807655,12,93,.4665768694084558,.3893940976016619,1,66.48071845256871
5227,48.82338942141127,13,171,.3029502995266376,.2093932074215746,0,82.31684248431506
5228,40.80513111731771,11,218,.3718944484134257,.4480576603194077,0,73.30233447813293
5229,26.05217929144091,13,66,.3730979056255264,.2583671624846545,1,60.01491788889928
5230,42.94518159943053,14,154,.5028191476004078,.3644716982581854,1,67.34884789450982
5231,39.06455888469545,14,109,.4303603346466338,.6373706506280636,0,74.36365112366023
5232,41.06443304019559,9,87,.4545608679434703,.5557007271682183,1,72.99090436305524
5233,28.11037431476371,11,172,.4404089692579494,.3455611545118172,0,69.98415381046199
5234,22.95614192445773,6,103,.4418112092660242,.4359363520698262,1,73.884937003728
5235,39.5256289479749,14,51,.4736113523852447,.6998097975308196,0,78.57451023243583
5236,44.92752393074682,7,109,.5041567392014581,.2229892358298304,1,64.78963602941529
5237,38.67014981629955,11,128,.3543078447162336,.3074160708292225,1,70.28542286259281
5238,43.31347592383864,12,83,.3772461284912191,.3076373636851609,0,72.68817526175646
5239,49.3091722108714,14,32,.650223882769621,.5114431716275113,0,71.74320459178514
5240,39.67369623281178,11,66,.508079616941011,.3518043922133229,1,69.60453921473989
5241,34.75404273892438,14,83,.2316820504137393,.0341025229347344,0,77.31277706896876
5242,38.74961346571,7,62,.4544917915433943,.5493629394964631,1,69.4836641060124
5243,37.02617330917567,12,49,.4752273045435129,.2081172330340165,0,73.51876808814882
5244,38.23200151842814,17,104,.5740258558363339,.6428219032840714,1,72.69230566143318
5245,45.7157558384955,17,15,.4334910669637364,.6548404027448913,1,75.16361370777361
5246,34.12615328460765,14,213,.3749781963006164,.3564896730658383,0,79.76640854537339
5247,39.33906759019545,16,128,.4870233789870215,.4337026658409729,1,69.75911229322971
5248,56.50830202575194,13,63,.4488268665977766,.525252190970287,1,64.15801136292947
5249,32.46364454963324,10,62,.4979580628930079,.4787395721178716,1,65.67158127593223
5250,37.35649435530427,13,321,.5080931938174746,.5243422038797451,1,67.89943763953869
5251,35.28594083942685,11,103,.3109932290164467,.4268070479380736,0,78.02969256220557
5252,36.54846670491993,13,62,.6264770121731389,.6162438537642185,1,72.88335649066541
5253,42.9788907824089,7,54,.3275642551377049,.4780250519793514,0,75.1965420121781
5254,45.77105566484382,11,306,.4969007116094512,.6190622969903197,1,73.72044846421402
5255,32.34596556652613,14,65,.4550258253701835,.2390952648301901,0,69.72087951876036
5256,53.42138942324821,12,63,.4075862793001347,.5757721432561242,1,71.7451620503702
5257,30.6008939406594,14,46,.3383025107366462,.1696179342361044,0,79.9939796271387
5258,37.98914857007721,15,50,.705143500796735,.6972472937913341,1,69.99891616241662
5259,42.11770690937586,11,168,.320168136279302,.0600716314795962,0,76.78095877674834
5260,40.59122064265053,6,153,.5745646355118733,.3551842765784036,0,76.25945676838293
5261,30.7411293319806,8,69,.4654066048241917,.4603584084227118,0,77.39169295296367
5262,43.48821338202337,13,48,.5935399177901399,.5546363372705707,0,81.21199382283396
5263,25.73693564074369,15,69,.561896108852133,.7222450959661576,1,73.79926930906579
5264,35.95349748814172,11,34,.3293033417373331,.2474768078912331,0,73.61560758212639
5265,43.09511233302754,15,80,.4752337838891805,.5149480230763192,0,81.02174584526411
5266,39.47266617206132,10,63,.5711034386839312,.5695026265767318,0,75.62828556679797
5267,38.19482498706746,11,104,.5003788215066675,.5942276055439204,1,70.73777842769873
5268,38.4475712113416,16,189,.5625969304101842,.4986418520592035,0,69.80204748501889
5269,32.0453843135756,10,53,.4513758730849247,.3299268467377598,0,81.13744146946807
5270,39.31610334870843,11,121,.3732337764502572,.6026815551937993,1,69.04969302138265
5271,45.16534561722758,10,104,.3194397605004519,.5872933972570566,1,71.18495076332391
5272,36.30553299545875,15,126,.4043945449328455,.3464388252273043,0,81.66327258330024
5273,37.76818112363334,14,64,.4121503226829405,.2150675200286824,0,73.09560127767413
5274,43.08584895802781,10,162,.6079580990307319,.4367790080909049,1,75.79685588141092
5275,54.97776837839388,12,318,.4124946652190388,.1638085298048762,0,68.98168312431868
5276,40.27506703320574,16,66,.5073633952004681,.5356129516257242,1,75.79782586335345
5277,32.93463356186041,7,40,.6485226648794774,.5882937051126312,0,73.57412419152942
5278,42.60686136037769,11,30,.5915145581355525,.8218284679159997,1,70.87696575566805
5279,46.77941315832076,11,71,.4594643239802493,.2858262558803352,1,65.48085106747658
5280,44.09949658614254,13,58,.4600603893679806,.5054123962315723,1,73.00318948992773
5281,37.76271697452995,12,46,.2344139051685796,.1371753135289473,0,76.53169786966541
5282,38.02305476826538,12,93,.4810909600352383,.1893922870417667,1,74.79142212616652
5283,38.2706401873727,12,164,.4737649183416816,.4996677666235029,0,73.53198352775819
5284,42.67878594613693,12,60,.4071665570121702,.2634612822024418,0,70.80565995175085
5285,45.18730892120231,13,74,.4957098625886619,.7141131959477323,0,78.60834491467418
5286,41.17222381031552,11,241,.5607100010688041,.7163080982381064,1,71.00225147219402
5287,46.26510818704056,15,69,.3331242687167196,.2149006522926463,0,74.08188183498396
5288,39.65168033517849,13,39,.5135238057242651,.349391097248091,0,74.94907660787176
5289,39.72613359298171,14,45,.6110811494300281,.4316536716896933,0,76.47494678336162
5290,33.62903162573427,12,53,.5867763826998516,.6324176142943863,0,78.99033447635632
5291,41.93922973672528,12,74,.2887950862225875,.1730565835615877,0,69.5104592186745
5292,44.70688182277954,14,307,.318823566765293,.338374710472773,0,71.06163711466617
5293,41.92573419853051,13,183,.4026581625286706,.6390209094256355,0,71.02509765502415
5294,27.77757390303584,10,69,.4179686853053385,.4153294664727799,0,78.81975985141612
5295,36.36335356434124,8,45,.4948325010750886,.3588734982023712,1,73.98119548678805
5296,42.34313939524075,15,165,.324729334302843,.5512243015446113,0,71.20165295186494
5297,44.32653218222519,16,130,.40987890866039,.2207785942180128,1,71.50437460766243
5298,44.15607721539955,14,60,.3171082327803469,.4826068995776932,1,72.74991891070708
5299,44.64576934412923,20,52,.3365378533251422,.02,1,69.25168284185774
5300,47.9404289508787,12,54,.1328754430137524,.2237206832083417,0,67.31794452410617
5301,45.98127711625035,14,162,.594933579656616,.6054793802698207,1,72.95081022363384
5302,28.85467434879618,11,188,.4032146612744271,.6671878926563404,1,70.35876156104015
5303,37.29846248930784,11,94,.6841454872094967,.7236569879757747,1,66.10781577286309
5304,38.17919007908814,15,40,.7111871008484094,.713011173881463,1,75.62810051193968
5305,26.08026631051058,6,147,.4880135436195794,.6830635688906548,1,66.94792976913513
5306,44.60888844390311,10,55,.4021869999784025,.275049192465769,0,75.36508181102859
5307,43.0432577458626,13,38,.3924956088364222,.307167917392156,0,75.27599476778246
5308,37.23452582160006,12,142,.4035577524733474,.5857124587311973,0,75.58740662505896
5309,34.28362466687714,9,51,.4632388901731603,.4088714577449062,1,72.4093914189413
5310,39.603971376517,11,57,.2958751161711118,.4069282294547581,0,74.3748646273188
5311,36.1347567215417,18,76,.611901885458127,.4030839868843171,0,75.2384236198703
5312,44.80841187161504,12,247,.4829596008434263,.3746943197497662,1,74.53356321957293
5313,40.92553226367957,13,76,.5287610446119507,.7074472185935214,0,75.1309535322313
5314,40.18885444659848,11,88,.4162186521650985,.4697057117415557,1,68.93730114955396
5315,37.86377204396281,13,92,.3136215032834806,.3402623207477252,0,72.12704791981945
5316,38.05625465545893,12,175,.4099665209850065,.79847269623327,1,75.96191267089299
5317,42.73889207077234,10,137,.3024717265016491,.02,1,71.43194108008501
5318,44.44283106178993,14,81,.4935999696188594,.3206459570966462,0,70.17154173359634
5319,44.49604185854549,13,71,.297682616932654,.3044138780420961,0,75.69257993944805
5320,46.05681514896172,11,49,.671368176002952,.7606259420326378,1,74.88445936346331
5321,38.22003604902244,15,62,.4402938950084625,.4221028032691638,0,77.52977136345527
5322,26.88444300232828,14,84,.4768020281428856,.4683033427871996,0,73.56468733832715
5323,44.73042536762961,13,163,.2292703397812138,.3188571487160111,0,76.74303313555174
5324,34.00951995468398,10,134,.5615425336405504,.7110246892213183,1,75.49820675023913
5325,40.28563884373101,6,61,.2836692161828646,.3855031034564291,0,66.13163319254255
5326,48.17666025466348,11,34,.4864911762502757,.3993473997266971,1,66.40607791980061
5327,36.32310428703816,12,97,.4098155912941199,.4584137685867962,1,68.15053691897779
5328,55.28092653641143,13,27,.5269972481386712,.2421509468814262,0,69.87041935806927
5329,36.2469980694529,14,228,.3671848944394925,.0334514529679772,0,73.97083447241403
5330,47.29336188039773,11,64,.5756023424069368,.6106960346401419,1,71.10186013873839
5331,43.747258184557,16,39,.4017096343152525,.2419113744628739,0,68.16387474154519
5332,28.72653528391628,13,77,.2618451176724141,.2063707576472945,0,76.42412246000605
5333,36.86514574256047,15,183,.4085302511020346,.3394338375629481,0,75.84513711469297
5334,47.28012258267526,9,60,.5911109171541504,.4761360110086165,0,67.15263039363643
5335,47.33067501648033,13,156,.5771847749630532,.6735901780688071,0,80.30901982750623
5336,42.96611026036911,10,89,.4112285975502296,.5358562243481482,1,67.42322411083187
5337,29.91894789980292,16,194,.4919897081187638,.3201967858736064,0,77.07671952424646
5338,42.03673014368269,10,242,.3281997420037115,.4222072581941421,1,64.51515499622077
5339,55.37286897631664,13,191,.1933903920836836,.1860378826986256,0,71.37020780886571
5340,41.56120277446136,15,94,.4001118365172017,.3935999094273101,1,74.75384860506111
5341,38.74746884154823,8,249,.5452941673783684,.4464888449484525,1,64.54703217892822
5342,33.14856337551732,11,30,.5210586130584006,.3716853252139098,1,65.74611198317427
5343,42.95690913143332,10,39,.3383306762914325,.0737078597831937,0,73.00120972809773
5344,31.58286707399552,12,74,.3751999010826873,.1575074112502005,1,66.08385252971439
5345,39.4648303994778,8,41,.3791124360455728,.2528733249600895,0,70.22335409443001
5346,34.92505594936881,11,57,.6262903953281437,.4354077746920285,1,71.29801008211204
5347,35.02944148490634,10,90,.358197564871527,.2635691019328289,0,80.17729907665066
5348,39.54138837665459,9,144,.3390952846317878,.2257916558488917,0,78.21361958788958
5349,36.89768228480269,11,47,.39575678403597,.3771677287763132,0,75.02688144256831
5350,40.50726981872008,11,45,.5447782115072728,.2396986725152218,0,73.90254799138624
5351,35.46717560613866,12,37,.5791266555165042,.5009817300193874,1,73.93596058754942
5352,51.44740989690123,11,150,.4877599948940721,.2897397091020405,1,69.51054872171518
5353,36.05514532145557,12,39,.5147753890974269,.6243700029818926,1,72.93862244836575
5354,17.90117416194637,12,123,.6927861339243058,.8474171503833556,0,70.75578181427328
5355,41.89163098310691,10,223,.4131842678515859,.0918537996028624,0,67.07271364321781
5356,27.79120261607326,9,78,.5171012379689727,.5478085307347753,0,73.81919129157339
5357,33.10499803346544,12,221,.3974479024815415,.4965688613716797,1,77.39520865590224
5358,43.12885437572574,12,14,.715346288912456,.98,1,72.19693773296426
5359,38.96534297694824,9,48,.4909480125878416,.2877022708947919,0,77.25100432357559
5360,33.19866570813057,13,39,.6176876918424146,.6177205451028194,1,74.50741795170485
5361,47.03218397175374,10,179,.4868781885021249,.646297756522267,1,69.57599137639785
5362,34.09260668115938,10,240,.6970036166953162,.7191061171866996,1,69.58495410929771
5363,37.22459650519573,12,108,.458842157250366,.6891735434317283,1,71.29053210431751
5364,34.1620368770243,15,90,.382954445385384,.4301537462642477,0,74.83889690179205
5365,33.99566873498708,12,57,.4895169831048002,.1981948577333723,0,79.43582598891199
5366,33.51904864367961,11,38,.3743160003426154,.4685908573750323,0,77.14285622326713
5367,44.45873701360431,14,177,.5791177371000513,.7351403885800222,0,77.65623196829453
5368,45.47679039424198,17,170,.4668653387724518,.2862223377558338,1,65.72999796708052
5369,32.96878963687458,11,117,.5594120104338201,.4629236709364898,0,79.38596012121991
5370,38.99617747319118,9,56,.4839039239342445,.3202510654261796,1,67.84604633615912
5371,39.56261569047903,14,38,.3209495588719146,.3185249217378375,1,66.75149446720479
5372,36.78999054389679,17,101,.3604751669716479,.1290217436925249,0,80.19069495828465
5373,36.69087048951713,14,28,.5195604233220726,.4086807254208271,0,75.20344291881662
5374,42.36482346729541,11,174,.4785694636897165,.4174798878725051,1,66.06425131773305
5375,41.83728386671395,14,248,.5856273185949267,.5590931678199654,1,71.9448958046541
5376,43.39363862534105,11,69,.4052577420189282,.3764495311067327,1,69.09650357843775
5377,32.34533234630971,12,212,.3074501756831379,.1035741589847528,0,77.84209306882084
5378,48.42542591010294,8,99,.5920752248720295,.7216744906959492,0,69.60537781039406
5379,44.87291029045622,9,56,.1967599616529092,.0468029132380178,0,73.70168493157033
5380,31.94874990822554,17,291,.350786179810202,.4738714954126198,0,71.93028924924516
5381,44.599874874618,8,60,.7301521221723026,.7409263069937424,0,71.04424246451268
5382,39.39102648107608,13,255,.5900994586629983,.5699119445877048,1,71.09629805931277
5383,33.96343625970477,15,212,.3767084712438602,.310826481454353,0,71.32988160823622
5384,36.09981453964549,10,193,.3686890795591967,.205760383817547,0,77.61642182066396
5385,40.25569934289738,15,104,.5414690062620793,.573763513696343,1,67.06777192120353
5386,39.32063800548147,14,88,.4250824649471954,.3864255993921403,0,68.02429631296663
5387,39.88519305908805,13,113,.3205334662501864,.1011842619962876,0,73.55006935440657
5388,30.53492915105667,9,213,.45673587509502,.6403918795344856,1,75.16623190984443
5389,37.92045632511609,10,92,.2963561884100849,.2870532918460417,0,77.00205007732212
5390,44.79844915601276,12,103,.4291661701211691,.3878219058337608,0,70.2992578815951
5391,37.58906733757404,12,75,.4254703044752126,.3850278881625067,0,74.970491872043
5392,44.33737642635188,13,31,.3103605236464735,.1513193205008213,0,71.55247798527054
5393,37.41529112155116,12,109,.7434756948423012,.8219449488848763,1,66.87370325307845
5394,48.65117309587685,13,103,.4708551407996754,.5090832728043559,1,66.27533040357105
5395,52.40658419346481,13,63,.3478645599923271,.399649401535532,1,66.88601137630759
5396,37.83368997937868,13,41,.5148765313048885,.3933288514232485,1,75.59962374911569
5397,34.25364534980874,12,74,.4606879615958002,.3895023299256135,0,77.03243594640935
5398,44.79468328408396,15,83,.6656314860430564,.8354243892498275,1,71.99590339809743
5399,42.54687881700352,12,110,.4668942735978087,.4765236701621904,0,72.37785216002003
5400,43.69830672075494,16,124,.4136688646306731,.246054998346602,1,64.67799173036293
5401,35.02309515182558,11,39,.3170603922561233,.2579124293678861,0,75.30455857439161
5402,39.64790107439372,7,34,.4994441448102284,.7615761842417564,0,78.33052054996709
5403,33.68667472050223,9,64,.5473811857326476,.5401016810054665,0,81.13502075709675
5404,35.61066305632285,12,70,.600745317482536,.5641639955225178,0,69.50536416446258
5405,47.25643635866784,15,90,.6690669164708446,.7410066179227441,1,71.36696436841885
5406,33.35638466883509,17,102,.3992460096738317,.391631966078983,0,75.94827058189182
5407,46.94878968508051,13,131,.4712549322027872,.5893846076218119,1,68.87719521866151
5408,43.06815066562556,7,116,.4434224542701893,.3406077478143147,0,71.08017697989044
5409,36.89478462614993,12,209,.3785253502614843,.5425774427019334,0,73.44426464315086
5410,48.51980868652873,12,51,.5404759453995839,.802682890116591,1,69.38912080441327
5411,45.10500422334165,7,77,.5438126559217055,.3197531349209106,1,64.71118355160537
5412,43.54713885206184,14,71,.3314156038435769,.4433673214924398,0,78.77419418221204
5413,45.54079628662896,14,125,.5053069213391304,.6322372516780029,0,74.53271570142512
5414,32.3145997374393,13,226,.3685046166915095,.4361299839729091,0,77.66863306291054
5415,43.17666504033653,10,263,.2735511917727755,.3498537361738062,0,71.81625527836063
5416,31.77444334875957,15,406,.3300055102926313,.2649332263470304,0,74.36827339865377
5417,41.54377477273904,11,130,.452581291258186,.4325823923992415,1,75.24431252788607
5418,48.68077207260821,14,106,.454542668919399,.3873328041325023,0,81.70602638204824
5419,47.2680734223063,11,61,.5747763452227461,.5333776352724662,1,69.61307994838171
5420,31.06871840492865,16,140,.4554160051948639,.4734113624069087,0,79.99681199317017
5421,40.57514474794211,12,197,.4454122738958715,.6739498988102874,0,77.42023890320907
5422,42.55043587377118,17,51,.4145632804372232,.4396263411264844,0,75.927826343296
5423,42.00309055935162,13,114,.3925707933128065,.2008253227325573,1,75.87722414216444
5424,40.333812687557,8,71,.3142471216789168,.430878442621232,0,76.26952669032647
5425,34.81482356924045,11,25,.8039496500595618,.7239996679743881,0,65.23048625025532
5426,35.53025959298962,10,133,.4862599094670588,.6510245704897719,1,62.51738733809364
5427,31.75129803582972,12,198,.3908264876314696,.3917123865441043,1,71.88105918291214
5428,43.58817898635131,7,63,.463114239431599,.740202804515972,1,70.02873442974887
5429,47.35112843680638,12,53,.3015924624156057,.3155498337639974,1,71.29557613186833
5430,41.27506972428252,11,35,.3982779950403152,.5719404064884477,1,70.22094533201268
5431,37.19684619676373,13,171,.5259614606766612,.4293022437616574,0,70.11330486619694
5432,40.64565730644134,11,140,.5579114804399929,.3695269655437312,1,62.51729405459335
5433,48.51533410901808,12,52,.3172862575940343,.206630454584955,0,73.16273436099627
5434,35.79551693931607,12,37,.3709646590691988,.4932205167881974,1,72.29425020392159
5435,37.99527046755029,14,50,.2551971376699951,.2085227452432365,0,75.46301608644831
5436,40.25166658343276,12,51,.610736960071816,.6721315625745166,0,72.01292565029561
5437,35.58990806905588,8,599,.4165324333361857,.513073134218581,1,69.85625447089274
5438,34.16972585265447,13,43,.153899300901302,.096936663077852,0,69.28624809585787
5439,48.26714986430854,14,39,.5578838602061841,.62010224163846,0,72.20134239820776
5440,42.61906226090039,9,108,.4628386256879701,.3909670270978096,1,65.72371289301367
5441,37.37230905870892,16,114,.5384927599911234,.6479095980946378,0,72.79509420473947
5442,43.5044526333736,6,56,.4616278654749797,.5869579757404644,0,71.6545811201446
5443,50.6434873910869,13,191,.6230098913562938,.4652464897413613,0,69.68881379447062
5444,38.81807253669334,12,82,.4798948175647128,.4268492074364616,1,67.64078260335695
5445,46.93155749185125,17,195,.4487067961107079,.3466736282555724,0,77.796457206787
5446,32.37715314998776,12,214,.4334078754681638,.3609225345680031,1,70.95727082383924
5447,37.91935750787543,8,78,.398421604029457,.4124007275118314,0,71.50292221035529
5448,45.40035271716847,10,50,.2927226915265853,.2568529220863129,0,75.74780261089657
5449,42.34160251289666,14,232,.4725717023747317,.3652325770990589,0,76.53399256629508
5450,45.78615690467643,13,66,.3921775059008114,.3680507372239423,0,75.93409830508516
5451,39.62682216125351,12,88,.4133995173565214,.6433585905645123,1,68.9770239921603
5452,41.96590142280896,8,55,.5534546161226845,.3845926413071793,0,67.50404508179498
5453,34.89389861636458,12,102,.509256889233844,.3400639469930778,0,76.42313685285878
5454,42.86419354634804,12,74,.6304644568099316,.8070372574549894,1,71.56319794736861
5455,40.40188413162448,18,114,.3211598592545112,.2664808758669294,1,68.10534987818562
5456,31.01484304539458,12,269,.4894898062572287,.5682954093497268,0,80.49945605586933
5457,48.1265134363596,12,49,.348920137607904,.5743655840507592,1,66.40613247314903
5458,39.0844187191731,9,256,.6945358096358945,.6280353060010596,1,71.29749291585915
5459,35.87747982035007,14,37,.4453196035157394,.4797145792110585,1,75.96818516032411
5460,48.55334763178988,9,30,.4410681422031017,.184495224475851,1,66.24074131971068
5461,45.05586947938497,12,153,.4302587359287302,.726758878496101,0,73.04485638894666
5462,32.21688651718589,6,325,.428680172624662,.5461590893291898,1,62.16762302925293
5463,31.97159934618693,15,70,.3210504708266793,.2542376984604117,0,72.65447216038153
5464,41.59589265519632,10,106,.5175325291058925,.7398190981403449,1,71.92429671869444
5465,49.63589606832866,8,27,.6153434113046723,.5852763003840861,1,67.87003649570147
5466,39.01628560528735,8,79,.444718507004474,.6366620703037396,1,70.17333970541866
5467,42.89159272748049,13,41,.4649176142080754,.3322377213303276,0,81.89193107849687
5468,36.08617644834448,9,65,.5355274936412578,.6126445794715676,1,69.42682719103813
5469,35.69941571010761,6,26,.4716047070169246,.4889436509563124,0,77.00241931767415
5470,37.26215289396554,16,273,.3509108313677669,.3065895452555545,0,78.02828734544393
5471,58.20162131655887,16,123,.4898457262165515,.3409028103261701,0,82.26669523207784
5472,35.87254022272737,9,121,.3125216794750207,.02,0,69.11458504075357
5473,32.35513824205555,11,42,.307844814422124,.2016416621840519,0,70.04390880838037
5474,34.66203417213345,13,27,.366738466469354,.2753347540622837,0,75.62788160145641
5475,47.68194420408388,14,25,.4337877531927162,.2195710339619304,1,69.98150109020409
5476,39.77022768141804,14,88,.3768553479238987,.2270598554506441,0,77.58865904962626
5477,42.04001099740371,7,103,.5077016355511361,.3374133004300597,0,74.7823646312853
5478,42.29352452955759,14,139,.4630281988800898,.4318163029723243,0,79.92996368607092
5479,49.69847449271182,18,70,.6162614685930164,.7336895056023902,1,75.3268374889186
5480,41.2420178845466,13,50,.3038497270989448,.1578899742471186,0,71.36105630624114
5481,45.31832674286489,14,47,.4294778485506937,.2253028689346087,0,75.77687276442599
5482,54.79815149965638,8,125,.406489001087785,.4855598579995057,1,81.8194373422332
5483,41.02549575581745,14,85,.1495498620030443,.2115704814569759,0,69.94905226758826
5484,28.0186289178133,20,224,.4058433651740598,.4885905763050041,0,79.20855557997822
5485,41.54903550563531,12,180,.3846877822356792,.3006860034216597,0,73.94523326164054
5486,44.47519950784332,11,167,.486347823040763,.5950974495891452,1,74.76969157309405
5487,45.05244903616791,10,25,.5317621336454389,.5269083020068208,0,79.58437466516088
5488,43.97578661454304,9,111,.609674498214022,.6491198693552661,1,73.03689367399207
5489,37.28265399425259,10,261,.1964786982155277,.0756013835999779,0,75.1129021915855
5490,33.62883487083953,12,168,.5311667004004756,.3489073807208254,0,69.31155910547604
5491,35.91392041933976,9,176,.5396198453867793,.4480659477372387,1,69.7519602094809
5492,35.03250189220852,10,62,.3778352676733245,.6159238264730542,1,69.38945414749662
5493,32.16749318978005,12,57,.5556552973492493,.4136141990944506,0,70.101854746908
5494,33.93034265289968,9,134,.3356068727304194,.3339068869374113,0,69.31322178947468
5495,45.24774911013353,10,119,.7290814673913343,.6386812103439101,1,69.27004163302549
5496,49.61301031490733,11,258,.5029416669948084,.6462151580976553,0,72.1405457748469
5497,37.3544050102446,14,55,.2956996727476078,.0804887873842848,0,80.88100198398811
5498,44.35166733769593,10,90,.2089406443116733,.2790222390395534,0,72.17649872220419
5499,39.68900273988481,14,70,.4100073029517011,.7230657363445084,0,70.90623430612183
5500,40.16969228916224,12,115,.4245124030684927,.3191968412359261,1,71.20204382344117
5501,46.88597707741401,10,66,.5195856612835791,.5591312618419362,1,65.53843282032744
5502,37.05030369101436,11,118,.270964234483972,.0557947342668796,0,80.25413346764998
5503,39.05723773591779,10,419,.6531926548466642,.7756578871600891,1,65.62416118748631
5504,42.46917779105575,12,49,.2430013483972391,.3035769347355452,0,78.70555867611223
5505,34.55216021269147,9,40,.4019960011595147,.5447944700754681,0,79.92070144006176
5506,46.72652846964503,11,61,.3394576796378302,.2528853141057693,0,75.78903387700412
5507,35.14486097553233,15,429,.4241704222439711,.4891609392409375,1,74.2351693741393
5508,39.90794475976198,15,43,.3851207115997555,.4050831261278758,0,74.27701623566054
5509,25.90774962611858,13,46,.3145406018375522,.311652989460931,1,76.87805522074551
5510,43.07304164135396,6,199,.4007612056281044,.2295147954575482,0,73.57009161745128
5511,34.47226674013253,12,352,.3493847570828,.6808330671143883,1,72.02387362825175
5512,39.88632794431103,13,51,.4316346847909026,.5886658390361297,1,74.48745876034899
5513,42.2307590927832,14,56,.2653823697088276,.311385336244193,0,76.92486980009531
5514,39.99637534660263,13,88,.5065591255086909,.4221903918557949,0,69.24786452310303
5515,44.97954971452332,9,77,.4523645277008976,.7785913687619526,1,70.40498189288159
5516,40.00821637679342,14,181,.548726162358363,.4170238715378135,1,76.40578266656166
5517,28.69529478500173,11,59,.4365596748576847,.1812105864047811,1,69.39638105879645
5518,41.81375592251474,14,47,.3205392789786878,.2705079513510521,1,73.78490356559269
5519,46.76499746398471,11,37,.4916182990025758,.4368815913581237,0,75.71601979204796
5520,33.52577964091898,12,94,.2496727149841114,.1757235283704299,1,67.40330058270897
5521,41.28317821827822,10,21,.3372820428574138,.2416812234119501,1,68.69929357364443
5522,36.82927757816768,9,78,.3478915426655925,.2352286749586429,0,78.30205950918527
5523,37.28658229773079,15,287,.3041506604357911,.5582090312249365,1,64.71693622214289
5524,38.26519143937405,9,142,.3862167156327699,.4494697899380298,1,68.074953638775
5525,24.85841402083962,8,61,.6171967899796807,.6347592692787114,1,73.53280855387692
5526,35.14709037344468,12,59,.5325819736753999,.6405848544159731,1,72.79446982428713
5527,36.48532953567121,11,138,.4687873287864511,.6213821902997294,1,70.55306392645011
5528,45.70716599256279,12,41,.4285090192961413,.3945357394198951,0,70.44050188761702
5529,39.94352415934311,14,46,.4509212397159012,.5092670996818773,0,71.96707552322549
5530,33.98986336315545,9,177,.1898681566824669,.1549710541532323,0,72.75082239279217
5531,36.54273058607545,14,119,.5969177192698888,.613103837749973,1,67.74125717235702
5532,34.33430472415152,15,146,.5663477140709614,.5221425897860026,0,71.76975134325659
5533,40.85710298851785,13,59,.5328791274668393,.5413372681124695,1,72.53500690059367
5534,44.74929572041458,13,72,.3909088322922228,.5845717810305384,1,70.61031771986474
5535,43.16392115212484,14,69,.2701002684794849,.0602198119113196,0,76.33238101550535
5536,30.65163055744393,10,109,.3700918309983633,.3588573580356313,1,73.18217646069891
5537,41.03065457335121,15,99,.4984061774420472,.62974081634386,0,80.96273898022787
5538,41.94275243772459,15,67,.5250594029418375,.5608870756831112,0,74.76255793636756
5539,41.79590308875559,14,44,.5561169107648131,.4885083446775106,0,76.17044023678187
5540,41.36985406026906,13,317,.6467186529029116,.7275160116717128,1,73.07103757549126
5541,48.7446915029615,14,211,.5623610452920134,.2401650794924288,1,72.8368859445057
5542,33.09327841667142,14,64,.1740771677643208,.1354631451309967,1,72.29355119757606
5543,39.9190008651449,16,268,.366311961900987,.1636325837902957,0,79.83654203467795
5544,34.21038741714815,8,64,.5137292708274399,.4013079083309201,0,79.82940420006051
5545,36.30950372173839,6,34,.4552839981569453,.6735933886033937,1,70.93549590382652
5546,41.83062644560608,14,147,.5400863971206679,.3731914216202234,0,78.09465519136407
5547,31.79518747268382,15,72,.4909674157962076,.7268583616335212,1,65.15982679769142
5548,34.89345246567443,13,122,.3861685101328752,.4375053952539156,1,69.60721237837437
5549,26.4328042625983,14,141,.328161574838395,.3640016842437839,0,75.04382710350994
5550,37.61515039621567,18,65,.5912475253957324,.4614788473323265,1,76.02493065800498
5551,32.51584500008369,8,116,.6329481321589542,.7195348115558038,0,74.01270028080785
5552,33.82191165929463,12,63,.2939252031518341,.0721781071491219,0,74.37037653241762
5553,39.0791123751081,15,68,.6314066763323201,.4652140499374098,0,75.21546380646244
5554,49.02076056877645,12,102,.2656291391649651,.2889127782858491,1,68.93644513691063
5555,44.52507834928976,11,63,.4470426892361564,.3956377350433312,1,70.30179561273937
5556,44.40791471008723,15,230,.473138567095339,.4578761194431709,0,73.19145421364517
5557,37.97424690778197,10,179,.4702722839268343,.4379884417330027,0,72.74979896923577
5558,32.05725889082844,10,117,.2543319503123532,.2286900382665962,0,78.7755868216955
5559,35.34176676456982,14,78,.2417435952108885,.2380205193916831,1,63.64364478453607
5560,34.96996279094362,12,195,.5039332310169014,.3483722540928283,0,74.14892162904572
5561,40.65540658732808,12,63,.4602384259920806,.4436701345071802,1,69.7233098421131
5562,45.63749029803937,12,90,.602158698112533,.4906277901626922,0,71.74030450313572
5563,37.6462516010829,15,168,.508297812354833,.3479833550057078,1,72.17361020333315
5564,44.88681550628101,10,44,.4186696901089825,.3436072884618928,1,68.28072867546821
5565,35.9896605772372,6,352,.4278456690060002,.2406933380765397,0,75.55295012343224
5566,42.28258611407492,14,188,.2673672036308189,.0990559959661617,0,75.82672289925017
5567,39.8872072417666,8,90,.4961702396824597,.5535075580222537,0,73.21353006765999
5568,41.51722986576529,16,159,.4038856110683207,.1373130293944222,1,70.78470698658089
5569,44.19218083297154,14,89,.4290738404102584,.3233212822449936,0,79.9419826837515
5570,44.20702264049734,13,210,.5437429434842822,.3657155911447013,0,74.11305486721345
5571,37.19563388392135,12,138,.4478837099778184,.5317703784762584,1,69.284223046617
5572,43.0653176866246,6,45,.3862609811321408,.4234045838024054,0,72.4371580666854
5573,41.22589944386957,14,73,.6672666177174397,.6647970831640357,0,77.74652226370436
5574,43.81419307329293,12,151,.3794061538712135,.5056068278147743,0,72.35825777395463
5575,47.03007976983019,9,462,.4753803507779255,.728710219466798,0,75.47087603754343
5576,36.87714145813528,14,102,.5739685733583735,.6142059922276309,1,64.41564365283958
5577,41.47396475007299,16,60,.6885569500200011,.7765873707698538,1,73.11966613263496
5578,34.09905492589236,14,145,.3283004030953786,.1872281053980398,0,73.58209091893924
5579,45.22796984022074,11,53,.7173937113264297,.7866791535862097,0,76.58293328245078
5580,35.953071223326,13,42,.2817905116522451,.2551072481028736,1,68.91216652385161
5581,50.75415871997428,7,166,.2708695408079087,.02,0,75.96194862637158
5582,44.15431782840449,10,415,.6263065179635061,.9404754415344337,0,74.7101056487934
5583,40.83872994742334,13,47,.5484951056029068,.5209783835811671,1,74.16838043657079
5584,42.0956017620578,15,58,.4839446419575539,.5411696241969258,0,74.84809355459699
5585,36.89475740638927,10,41,.1767962557222238,.0863636799235527,0,72.91935836002941
5586,45.36722942821863,11,78,.4431842284927758,.4117521968069746,0,68.63011927742645
5587,40.96195741573362,10,175,.3458316366403078,.3730582078381481,0,73.3196052269342
5588,30.37461319881646,13,54,.5693588088235524,.5911288316978496,1,75.61682913612427
5589,33.84109395527141,13,159,.2138322174370052,.0981088253911316,0,74.32356694491031
5590,43.44886505748628,13,456,.5099135512648671,.5342530630569032,0,78.25153358780335
5591,27.59314103272225,10,25,.4025759842628551,.4532718861563482,0,69.46175824816561
5592,37.93074368227462,18,229,.5475732151622127,.5582942053530323,0,71.65278565477763
5593,44.94370273826608,13,217,.4309513696199944,.7245618649521184,1,76.12153927784489
5594,47.82218380412377,12,79,.4712776383902947,.3494180276470491,0,78.75647328403551
5595,43.62342560179907,13,294,.507659925127514,.4419842907516224,1,70.89929290648759
5596,47.25598389094386,12,109,.4483605025813495,.3302404126328322,1,67.82480400841325
5597,34.21974787970723,15,98,.3414087310361632,.429408163124179,0,71.30378674267102
5598,36.58959887235242,12,118,.3392906575003568,.6412910588776028,1,63.95754359507591
5599,40.94025600112936,15,63,.2952970263088059,.2575423735082162,0,78.13178311887619
5600,39.40524578521948,11,67,.5288255440322066,.7060579930408298,1,68.03542769441844
5601,31.19108473994414,10,109,.477633663682467,.5757533592266955,1,71.94461378765287
5602,48.49251992943364,10,24,.3377193379839961,.3500943596184207,0,77.12129257147939
5603,38.63014112859138,9,100,.5564889093239963,.4614237174247179,1,64.36072209016335
5604,37.52558274255099,13,161,.3475599776951827,.4317830827265943,0,76.53148992265139
5605,34.40613451399087,12,180,.4603242120511568,.4624704238935297,1,69.10753734131424
5606,39.45311975549775,16,100,.4195993764032759,.4145697546631865,0,78.93892529652915
5607,38.6323720643002,13,77,.3293275027235278,.0952670058571778,0,70.96585474504943
5608,37.13280636419589,13,103,.3928765879335859,.343641411844222,0,82.77168011089192
5609,44.1376247631213,12,67,.3296965341096683,.1250206223160523,0,74.33567736447503
5610,38.66258012616512,9,315,.369362078519557,.4546797429606508,0,71.9209446381435
5611,45.11656265031827,11,59,.3722427506470848,.2556936814442881,0,69.08338282904312
5612,33.44605772222994,10,23,.3131206269389771,.2846228330524347,0,79.20441546236216
5613,43.8937954199809,13,46,.5171832823365862,.4885798268070299,0,78.86906967131389
5614,30.05207626146992,10,61,.4830775189158792,.4720377836017317,0,71.94657452035413
5615,38.91810415158987,10,55,.3464540307400134,.2700667525461731,1,73.86805433492901
5616,35.61874880434058,15,123,.424924517331389,.5592308850456403,0,75.31085681758383
5617,54.19262284996039,11,154,.4934098694778778,.5018911101013281,1,74.10987504929631
5618,33.80856987818979,15,29,.413948474828264,.4301049308717134,0,77.48376018269927
5619,34.57477399041019,11,93,.4759098992749968,.5876435204806318,0,71.8045249812662
5620,41.40492135451325,12,66,.4710814866084099,.3073463565301214,0,71.85498720882138
5621,38.05745924307148,12,46,.4423864410488775,.4730858268139561,1,59.27882796392693
5622,39.24317729834829,12,57,.3486401549137795,.4472225281666177,1,68.50066969463987
5623,41.83787327258491,9,205,.3978995198743158,.341796749137548,0,70.79071967210447
5624,34.71839339751455,13,60,.5439496187759592,.5517487733499441,1,68.17469525539548
5625,33.34377843689387,8,201,.4774466084379226,.4220225456601553,1,69.59074065941992
5626,43.14756607422169,14,164,.3553323953936826,.3956791299057948,0,76.83520687338306
5627,45.22213444563565,12,186,.5089355062045868,.3311375393147675,0,72.01918307625999
5628,36.22521361475112,7,104,.6221326001515688,.687464692729969,1,76.04462897772763
5629,45.14813279305495,13,174,.4145518424487987,.5089877977300787,1,69.97296224632564
5630,41.08636510064714,15,99,.479191107124152,.6085178284934809,1,63.94490305482118
5631,31.03897830125632,12,212,.5740244440803736,.621265458669046,1,73.59364049560219
5632,39.48195526700767,11,282,.4764378866843396,.634714787560107,0,80.79207099667633
5633,43.95042406044901,13,405,.5722402182712721,.3991058554913646,0,74.30960516894507
5634,34.35793027366786,13,50,.4706822909036458,.5746189207494822,1,76.93710951478923
5635,46.23403765607245,10,50,.5610430219767031,.4163448073785863,1,72.0280252266315
5636,39.49687454280615,10,40,.4949149365603764,.5031002068310606,1,69.62153187613275
5637,41.12753719215085,8,55,.5275861857693281,.5341397388236863,0,75.83112463443504
5638,40.35926753601492,13,93,.2908240915356451,.3223106361385443,1,66.69966733353553
5639,37.5359473535205,14,427,.3793701739368459,.5522319331304398,1,73.36698168491181
5640,36.4927538629189,14,101,.4101587420432806,.0476560513298833,1,62.10551445078138
5641,31.66381060955466,11,123,.8268079451591552,.7429236124662674,1,70.67086736125442
5642,39.57052518032588,12,96,.6097640944539398,.4787226138047311,0,78.54690686503493
5643,48.67522866296936,16,121,.5702326445847631,.4991785101068231,1,71.77185067266835
5644,37.91609248347433,9,48,.5333765775525178,.7174715209097793,0,79.2596705307618
5645,33.07145751882825,9,43,.4176350156404092,.341320596661934,1,73.1033286502601
5646,22.05049188956099,9,44,.4930046854113185,.4907741627588213,1,70.66613904426373
5647,40.38661253714153,8,150,.3193017889088984,.6579445180777114,0,72.63773751605822
5648,35.92051900066429,11,197,.4902278017035885,.4799496298576112,0,80.66216545204169
5649,34.2733939215107,10,181,.5249280442423938,.4153517257783184,1,76.71424427530525
5650,47.52187654855693,10,72,.2224280602693717,.02,0,66.1457407157633
5651,37.55179468946206,9,94,.4811871327412108,.4442780032991844,1,70.89146018595163
5652,44.03045923170878,14,85,.3853367247384655,.5202455149225167,1,75.38081712634443
5653,36.61337915366146,15,74,.3382768447557595,.4883348350537992,1,69.27288527994716
5654,38.17271972543298,13,164,.3238975301093657,.5431204337000268,0,76.71088869253977
5655,41.22564978614837,16,59,.4024123133610052,.5893638889496892,0,77.92051374939827
5656,43.58403552156424,12,122,.4944589683747761,.7455195989154922,1,74.0924175368301
5657,41.75588315181601,14,498,.4340343735456247,.670565903823265,1,65.66776020423521
5658,43.29573833188198,13,133,.5684685971042471,.6662409372645297,0,81.20594750028656
5659,38.03560694668131,12,375,.3172018735313284,.4568600079739009,0,81.05830336610755
5660,43.34989773279477,13,113,.6151973521831812,.448067810366061,0,73.85694248894836
5661,46.32629877030494,12,248,.2585481942449684,.1887123805090063,0,75.48394233933645
5662,44.45920360047602,13,30,.6069882359782293,.8076772686504698,0,70.35351049692174
5663,46.93667012203068,7,90,.2532671387468142,.02,0,74.0772639078976
5664,34.22049463365306,16,60,.4666826479485683,.3270429476716959,0,75.32146921767621
5665,37.75063489884038,18,73,.5376805399359753,.4943799984720234,0,72.92380886617543
5666,39.09312776938305,12,623,.2699798974109884,.3437036826959211,0,74.82649897239153
5667,43.6576246025472,11,104,.5451597023980482,.4639400381966715,0,74.9072843433708
5668,36.6189430125718,12,91,.5273732424287429,.4583726225210905,1,69.42725811348311
5669,38.18663914643594,9,79,.515913242245568,.6768922506089489,1,65.58273711176525
5670,42.89412562354907,9,266,.2629138696080303,.3363501156495139,0,70.77489994483544
5671,39.51861455585956,11,100,.3003990556378894,.3733421538736645,1,65.2733582981831
5672,34.3613077291219,14,200,.4168814083032027,.6490723945559401,0,77.72917960432626
5673,48.51344478455747,16,191,.5636466086332396,.6659808249120883,0,75.13997089120245
5674,42.50014205736165,16,81,.4155325643202852,.3741283656280409,0,74.23609287603507
5675,46.5477899501096,8,102,.490370040832191,.4772826492863365,1,73.96118576622163
5676,39.53106766475877,14,137,.5591293139702003,.605587362188213,1,77.47649100139607
5677,29.26758373693506,16,62,.6025101930761381,.5076612436519776,1,69.60805286327282
5678,33.01964941056841,14,87,.5745734383831975,.6503629516766628,1,74.31919224727531
5679,46.99522853241164,12,117,.3048767741178471,.2331929248354979,0,73.55449705650373
5680,49.80315535596556,9,149,.3939354700988246,.5069529182468037,0,75.74251001336157
5681,46.13856813970295,13,26,.3752922140474148,.3390497142848388,1,68.31307444084108
5682,44.51555726414919,13,114,.3505999481185402,.4549099488181269,0,76.15948611749131
5683,45.14630516335561,8,58,.298705682034257,.1327084326886122,0,71.88774875267815
5684,44.27397530693406,11,109,.4382151926205988,.2255734570028829,0,71.70596514068815
5685,28.56151047555517,15,70,.6210747741769407,.6246230095563603,0,78.21287550302868
5686,35.57446679912336,12,155,.6222611664127564,.5508354521347351,0,80.77107769788753
5687,33.84214475336697,9,56,.5048840903980476,.4864598977964324,0,72.96425592460308
5688,50.00533354744525,13,97,.5515725910909461,.3713458078428573,1,74.03829813546159
5689,44.97385016068598,15,83,.4715685444925771,.7228926176173589,1,75.61417940786556
5690,30.1587415519144,15,121,.4689548331725011,.5023016240567436,0,66.95271787732744
5691,51.34432897695702,11,148,.339441516853898,.3158584203288505,0,71.38224598106261
5692,41.89849168978456,13,44,.3403057579289201,.5430070820633529,0,71.46990676652482
5693,45.59625959266098,11,158,.5507293583903704,.4993404501597791,0,75.50667842002248
5694,35.32037926913668,11,44,.3738481175246833,.5352850733162962,1,71.16936132797825
5695,38.80427272654286,12,228,.2702906710998215,.2093626678946119,1,63.98840639555393
5696,35.36595254447779,15,44,.2102952310888878,.4768104453022168,0,79.28366819859964
5697,38.34941912372882,11,48,.6740417579464615,.483694736727395,1,73.88665868103837
5698,37.56422900229924,11,81,.5040627558605777,.527552966948361,1,74.07095814001823
5699,30.9891019384293,8,19,.5202296246642214,.4097116704316207,0,74.25494165578469
5700,32.0312705517719,13,27,.5341296433695725,.6591930761470842,1,72.08248062976458
5701,38.75244876949301,11,22,.4197691878769629,.3860730942220194,1,72.32427751157486
5702,45.11039687751904,10,159,.6665697911612641,.5992450980464664,0,73.60053787740698
5703,38.53765538803022,12,98,.5462070183951647,.3529731247840023,0,78.25920692122696
5704,44.42840357544066,12,58,.4129968395655488,.3754867586423961,1,70.27605817361291
5705,47.27894441135216,16,169,.4912818360693559,.5958506849518851,1,68.41851676274943
5706,42.68340869904296,15,243,.3366736830694626,.3937824717886316,1,67.77080421149013
5707,39.23241817052444,14,104,.5147462375694187,.4622080253844177,0,73.07565355469595
5708,42.15008692901306,16,87,.5677745105589433,.7889171978321748,0,78.1811436491958
5709,37.8603733928551,13,68,.4424690660677397,.4729550775007948,0,75.63819387511541
5710,40.81367948267176,14,71,.372667852720706,.4402904797118494,0,77.91325261480878
5711,30.12905853902494,17,88,.4204928919331578,.26526950918821,0,73.91180307627133
5712,40.56922374995479,11,60,.3930430387912096,.2752287195247212,1,68.68869308722911
5713,46.19431258534467,16,22,.2909375682146018,.1875634856665441,0,72.93616083663008
5714,37.83355274394942,15,73,.4981312770813172,.5298520368734035,0,73.88961422246255
5715,34.90407798741688,17,62,.3013302559550403,.2995459019692938,0,75.09266611508113
5716,43.50593931951151,14,69,.3247434621463167,.4719181807136859,0,73.29010599403492
5717,48.79490525704327,12,134,.7360139211427472,.7682187193994421,1,69.14111797004922
5718,43.49149554769794,11,93,.3960891668586685,.5567893601944129,0,84.20329435779807
5719,29.79883984017669,15,171,.4794944851906673,.4994816344330663,0,79.33670908566357
5720,38.69119427868355,13,33,.6374169478753565,.3711635923163766,0,76.81149351441478
5721,45.65502134881345,11,120,.6271971943842617,.8511423739454599,1,68.13580769331335
5722,47.93576225132542,17,44,.6881721702947886,.6817507117281848,1,82.11680597825931
5723,43.76837559822912,16,57,.5200718523338737,.7205416480821585,1,74.47611861260431
5724,48.24354408680448,14,150,.3072037385706071,.464109907483354,0,78.51673967390781
5725,39.27682273853623,10,96,.6038816583360244,.4712252809520178,0,76.7646968382135
5726,38.11063070289521,11,216,.5562446589571863,.7201356505625858,0,73.52385516721579
5727,44.84479256271646,13,54,.4528804855944677,.3446216354608538,1,71.18957338452267
5728,49.43659639414411,8,85,.3848728409166819,.4462019108958156,1,67.96875535835004
5729,34.01523470117283,8,186,.3580549749492641,.5435298194650718,1,69.40655830330226
5730,37.45824202387535,9,40,.2923226863229539,.0452736945820635,0,71.43201133156929
5731,38.46274146451338,11,41,.3849717851122677,.6851997240276824,0,69.78291908130345
5732,33.07276401151913,10,109,.5938751222060064,.6047525578742661,0,71.34902342654478
5733,35.43112071265011,10,59,.4632035262049699,.6909406792552579,0,75.07924950706315
5734,33.53557125340304,11,20,.3161481132517328,.226126374094737,0,70.58918715239862
5735,41.1978833258767,8,124,.4225699669428899,.4470547038337135,0,77.9145848641283
5736,42.77658822624426,10,114,.4066543380455371,.5233703375716929,0,76.35433315567477
5737,57.32058087160446,8,76,.3205396474473438,.3032652901638651,0,69.73453254481187
5738,35.14326526694079,12,81,.2799351608466686,.2383205459478321,1,64.23372276031584
5739,32.39044587449027,11,167,.4548285969274649,.6159401738473138,1,67.59477252445222
5740,28.74221126398643,8,221,.1775234142905827,.02,0,73.44318178306257
5741,33.31101313945372,9,61,.3071688372133058,.3187927682435709,0,70.56938233478806
5742,42.70343730978391,9,168,.5069989085494977,.4345701480121361,1,67.22195141828857
5743,38.89399514858724,10,44,.5762571584462346,.6490637121910835,0,73.06619862457777
5744,39.38554769642208,8,66,.2275279379991722,.1859379409328839,1,69.96577890477792
5745,40.92174649125943,13,88,.2790907191144775,.1627304843387706,0,78.86545006275459
5746,38.30362762667788,7,74,.4081449819457322,.6442251493434981,0,69.20345025798125
5747,44.80540587252029,13,60,.4325270513508684,.6072533902136096,1,73.63731366361544
5748,39.7250987731332,10,80,.4520192800913922,.5434765966165888,1,65.03809989030741
5749,39.40111337973943,12,149,.3280278095327916,.1665302952058261,0,76.40542666327327
5750,50.02978785011979,13,38,.4329391723005261,.4991092323053332,1,73.67015621163637
5751,45.32519954922183,14,188,.3823787108578685,.1890414170523364,1,68.59857418209283
5752,28.86404389011459,15,81,.4150566723255432,.3660818200078055,1,73.03447645148717
5753,27.26725149511689,13,248,.424050503504538,.3904655979603702,0,72.94338152056525
5754,42.44904764961949,13,61,.4906771133652713,.2375006933008779,1,66.5215182651289
5755,48.59804532431015,12,55,.4946100130467241,.3571974938521051,0,74.00395646236331
5756,30.28030968753486,13,199,.2165757049870551,.4777174072318864,0,76.4092381730633
5757,40.97695560719976,15,38,.5681512737906895,.5893641639365786,1,75.60340051968606
5758,36.74360387965166,15,170,.5131546706844036,.6125098588200725,0,77.57178087631078
5759,42.54357321690019,14,151,.4574481039305356,.6535411443806664,0,73.5985794282404
5760,34.7772956718458,9,74,.5788563875274306,.4051191749171589,0,75.01907482727475
5761,38.31016335548209,9,215,.4900869350525231,.6243132012482573,0,70.05545767247222
5762,45.2904639031099,11,57,.3117370391459026,.1749476694147308,1,74.44113394586675
5763,39.00800424733217,13,81,.3054752567322868,.4868737653252184,1,73.64913977546841
5764,41.0105628535312,14,152,.3072615178047438,.299060684573808,0,75.44098876710497
5765,28.23368327434607,11,58,.5879389215820573,.6138796472305885,0,74.11055425520479
5766,36.7551052128693,6,493,.3929688262190864,.5438863828431888,0,75.32187691096891
5767,40.06072372830796,15,139,.7018083022982287,.5619380131487726,0,68.390720298316
5768,41.20571434549239,9,47,.4150599539968405,.4141265239448864,0,75.65134392567069
5769,45.24308196556618,13,49,.48782330833356,.4816154162408068,1,73.76654968194423
5770,34.30701398226694,15,102,.4248853052304228,.4713076538618277,0,71.53298821889007
5771,36.50032486943372,10,163,.4016914698668623,.2495865050930432,1,70.8928435759379
5772,42.07691773512028,8,63,.5376101405150371,.6335378404195203,1,68.84265694875657
5773,43.62507321801113,15,57,.3910321347265575,.6313158802378587,1,73.9931083159196
5774,36.71631969238338,9,142,.3097084726984982,.3856521725921672,0,73.44418480884352
5775,46.58436919236968,11,161,.464269660117651,.419831719157694,0,75.44072772205716
5776,44.67883757425356,16,92,.3520779124813662,.5153716065717615,1,75.30340006749086
5777,38.74998112299884,12,104,.5659803241994295,.6251014011675675,0,80.50147565045283
5778,41.8651186748816,12,119,.1598310873301524,.0813061936219543,0,71.84762870086192
5779,33.14624214988677,18,127,.4514850036910427,.5367958399460241,0,73.51780147115629
5780,42.83434928632421,13,49,.3921115490771336,.4445879069717857,1,73.69669524958201
5781,31.70527257364659,11,210,.4875713944869217,.7642163112897222,1,66.72215773473907
5782,43.17567021906807,17,35,.4793269412224341,.3437573982859081,0,72.68832425528413
5783,49.3876961641898,14,32,.5166840371827418,.5909416866213627,1,69.65841660799137
5784,45.33949139947323,15,177,.592183769037553,.499524392227315,1,69.40501708783673
5785,41.5943286497812,7,79,.3947578399280411,.6002415753776852,1,73.17585917550387
5786,38.24821177444972,10,167,.3895144049003011,.5521609735841011,1,67.87189643794551
5787,31.47777283890898,15,262,.6226634134919979,.7511061313393173,0,76.82503102014891
5788,20.03124850770661,13,206,.4191815392631227,.5386306226798897,0,77.7119831723689
5789,33.8233622734038,16,79,.4416997126898551,.3973838231589197,0,71.15465243737295
5790,37.75585553963722,11,45,.5155333332230095,.7092163143808042,1,73.41008328390483
5791,54.1146922565632,11,110,.5400455475525977,.6573092357971618,1,74.21150789563141
5792,42.89289508265169,10,102,.4062442121024318,.2446075653661783,0,75.39754668730862
5793,40.64180130933711,9,46,.4119794579604558,.2650624210821824,0,74.62030012850136
5794,43.21621969620431,16,220,.4800247323138994,.5857037384658113,0,75.4701948818626
5795,40.62868014487995,11,560,.4981918162573064,.5171588872231325,1,71.57741241721006
5796,37.69815507884798,9,85,.8189837687890886,.8063847478239889,1,71.24745331734579
5797,40.08137591351259,11,35,.4959931296892034,.520209854727764,0,73.43663740118855
5798,30.03076700002901,13,166,.4732718224392217,.4750353175264434,0,75.16520810268582
5799,40.39385723551754,10,35,.5329239986994561,.3771525022682908,0,69.53599612847003
5800,55.53242114873091,13,155,.6263734922159288,.8905646020217777,1,74.35696331010612
5801,35.3108345990123,15,237,.5471425906475187,.5808741059938624,0,76.09874108279668
5802,35.661758983285,10,211,.4246879379551137,.3072000115624691,0,73.2220842230109
5803,36.32199570611098,12,138,.4179324364998875,.3030079493567683,0,68.52632099381894
5804,43.0568640854779,9,54,.5332378115649663,.649976077571626,1,65.54285108716897
5805,39.66850574695683,12,79,.4834729111114552,.2837074713961951,1,74.57304646184944
5806,43.25583781433976,9,148,.5092922122926122,.4552023607121451,0,71.95739978813828
5807,48.69190710964675,12,76,.3639772820989551,.2323416700820588,1,69.02713344709301
5808,51.87755926034716,15,173,.6073417117099935,.8251545195293341,0,73.42387129761153
5809,48.90163909346505,13,50,.3932518708607184,.4197834964191764,0,74.79111424676103
5810,42.27162007043059,13,149,.4306519658188983,.2804280865609078,0,72.81556504659962
5811,41.29548878490525,6,61,.5169094480657588,.5020908699372004,1,70.40282257558381
5812,40.86723982991887,13,28,.2791448145162397,.3236227235861364,0,78.90603418317542
5813,41.50852499627432,16,35,.4051182400315691,.478958070887047,1,69.3595250700714
5814,41.08830299899637,8,62,.5456690391182056,.6353207461929767,0,74.70919442423641
5815,39.0058246028435,12,32,.3876551532593214,.2662643940041108,1,70.67740832421053
5816,51.36974505737429,15,122,.3480958286895776,.307184480071221,0,75.51000767017287
5817,37.88030836787225,12,57,.4473782487445214,.105995200121999,0,68.38394198583175
5818,38.99161501778962,7,122,.4511405295977539,.4617503706262636,0,69.55772651299669
5819,39.96451228191052,16,43,.4420657415176574,.4414382996468997,0,74.88189817056409
5820,40.34238151251201,10,27,.351438089318154,.3260514816442191,0,71.50213980650285
5821,31.59615597563205,9,157,.348612881738886,.1143928102950644,0,65.57325016047284
5822,40.61712013085218,10,51,.3896179272440971,.2696908616826745,0,73.81396802365575
5823,42.81356026687007,10,38,.5052291402464801,.4550000651507468,0,71.18709651873735
5824,32.12909835181407,10,173,.3036265862626043,.1894295557219033,0,72.34734990818716
5825,38.71727508977681,10,162,.6065103303108378,.6010371797297852,0,70.45090737913029
5826,39.53617436542505,15,161,.6922055388564309,.6239806719629499,1,68.11966895058325
5827,39.62288207820487,10,122,.3357418591134712,.3980343874803095,1,71.62707952736471
5828,39.99292012971523,14,141,.3215271538887177,.4553204845675466,1,67.0950982028891
5829,37.62956996016393,12,24,.3376478020774101,.0985028552268363,0,73.54200866484801
5830,24.36556205276104,8,134,.3185733330091261,.1684465552808879,1,60.87637584973557
5831,40.68436387255773,11,118,.327460050370494,.0990686296828074,0,69.30502490534049
5832,52.62099335047392,12,88,.4023848450534037,.4638023741897085,1,76.49247689223654
5833,36.22583880140827,13,36,.3561865410667409,.4086259339385583,0,75.03596519845796
5834,39.49183982475603,17,68,.3526572638813005,.2639600980449522,1,73.68725451698978
5835,35.72308956139208,11,100,.4173622045685139,.5785467940722004,1,70.61012524952343
5836,40.88614998878074,9,159,.3139047882019257,.0985088664069613,0,69.20012093600425
5837,45.10776471907769,14,153,.3926526991106585,.1506326655924379,0,79.50904086645464
5838,40.68589801260983,7,96,.6025694877644594,.6543100080845927,1,74.40151230555533
5839,48.7922596503739,13,155,.5289604892182974,.4206048478547459,1,70.54730148746442
5840,37.89181712742661,14,205,.4505046390644323,.376790697406885,1,67.9367836277014
5841,36.42475787545688,8,64,.5725670936463224,.5002836842175689,0,79.78524906350758
5842,38.23165429121215,11,97,.4435466392879076,.284119708262601,0,75.40777403915087
5843,52.24201581339319,13,47,.3948516990966853,.372883783496526,0,72.52815159026892
5844,38.70504193298181,11,173,.4015420093841609,.6094108256066105,0,74.40206373618122
5845,36.7855241563371,9,318,.6481807656950084,.6224378402307535,1,71.27975846240545
5846,29.01075208555109,10,84,.393805261231148,.6255727021986744,1,68.89304295044332
5847,32.1090942731055,12,96,.5361411507583923,.7299141385933989,0,76.29859304281683
5848,43.70665654998214,8,106,.2343684711162086,.4714805363126955,1,70.05520435192106
5849,35.21693578142293,8,38,.3070905740839874,.5237361556131098,0,70.71871600477473
5850,41.38675007408889,10,143,.6911238983783814,.8529090162557017,1,76.18636720644579
5851,51.92440620642593,9,87,.5127773168318336,.6480725072123941,0,76.40978419102781
5852,46.48178041547133,15,232,.3896188443921649,.4314774121095759,1,73.44383743180018
5853,45.47498473331902,10,107,.5004862459295679,.7147133949671587,1,67.11928262012036
5854,40.83340610957764,12,56,.6160100441067821,.471641567864291,0,71.17373506496662
5855,47.2785927671997,11,85,.382375346361441,.3645314507898198,1,67.80877035573879
5856,38.73981203069814,14,40,.3119503044434376,.6056529098690402,0,75.37132590394936
5857,37.54488359160851,6,136,.3779571808513489,.3338521630859697,1,66.39665706901128
5858,39.32560704683868,13,177,.4014890834498181,.5976059952616981,1,68.73407057714353
5859,39.262743930638,12,64,.4219420711494763,.5471222531459958,0,74.97117923376132
5860,44.01663778446271,11,146,.3230051779735111,.6435790341924589,0,70.55052382903961
5861,33.24221592768713,8,65,.5395865754082865,.6018716931401673,1,72.32365503499321
5862,33.04232522683889,15,107,.53541430026105,.5764677898910816,1,72.92108990746574
5863,33.67788539237636,13,101,.4349858032999498,.7011394168266978,1,70.70566565456363
5864,37.64851377003803,11,192,.5975609571696521,.628792175215996,0,66.19477830590633
5865,45.76393650600733,11,160,.3325088147511425,.6690892116703637,1,74.98674509966519
5866,40.01645427688489,15,59,.5810378066046068,.4187372542428374,0,76.0544670790339
5867,50.51447619196427,14,126,.3834157062848378,.4228085842194754,1,70.70218695574695
5868,38.63011196289879,13,64,.4644665559640153,.3794247440450896,0,76.47939769605398
5869,48.97647966898906,8,195,.4432349813979814,.3359314634319903,0,71.3873838770163
5870,50.35306529035232,12,83,.2347003479713517,.1800576981293688,0,80.76497277336912
5871,48.55612474007298,14,45,.5845698324204891,.7705726968160161,1,69.27456815621015
5872,45.49818630781975,13,74,.6471893088817338,.9236712675456403,0,75.86365961944828
5873,26.297682879962,12,57,.591782277471559,.7850041237992564,0,76.44292567212932
5874,38.91307638998138,13,83,.848058157097901,.98,1,72.49301107911224
5875,38.79363584189451,10,79,.336645913344285,.7601240713419043,1,72.19620147655193
5876,41.48892264257145,8,18,.4020880547407751,.4751630544209611,1,67.35958860089448
5877,35.82865219894418,15,82,.5234137744402542,.6468139218768052,0,83.92359005593769
5878,52.44257699123254,12,98,.5379542792719377,.557774897210417,0,79.33130326914922
5879,43.42546113792966,18,44,.4109587546028918,.4159851392103848,0,77.07253615092813
5880,34.7785547486271,15,115,.2153434058038512,.1499349529720601,0,80.15612523667271
5881,33.97308895051311,13,131,.5543359547802209,.6307265599569667,0,72.54853752946909
5882,34.41263348994415,13,35,.6530299793259134,.5318207833263615,0,73.72602292458794
5883,43.45753283505911,16,234,.3563884771810789,.2022420972586564,0,78.91066207703754
5884,48.87146445630317,8,33,.4771302970092447,.4588097533982303,0,67.48224528944566
5885,50.91147183803147,10,97,.4915691556710929,.525542152851793,1,69.72634510524121
5886,44.7590832559607,12,30,.3577177461905665,.6313816189332423,0,66.03459234512508
5887,34.94039238933772,16,187,.4538391666667437,.3535813622932429,1,75.09687272400367
5888,45.33868334462527,14,178,.448971506561653,.3940132428559597,1,72.05423728419221
5889,31.40697142223632,15,52,.4828566171751608,.6541833161865009,0,80.8119593424907
5890,32.17771102801355,14,33,.5851720410665324,.5006100791671563,1,74.2875605500154
5891,38.73475911765252,13,68,.3472918739542961,.439919106078893,0,75.22108273179069
5892,36.31382483466209,11,112,.3188309737974357,.2317389330285386,0,69.78895645737039
5893,30.03271595867658,8,102,.5895720203006534,.6340737506727615,1,63.63082071706332
5894,42.26362879662244,13,112,.5443357300077609,.5357174783342854,0,73.59099921591324
5895,44.15685061035205,10,53,.5664927788967138,.6439961218358395,1,75.29233617214263
5896,36.67061524139982,8,151,.252858319454586,.2332683883534322,0,73.96402322422043
5897,31.12553921906918,13,296,.5457619326257054,.5478257286078766,1,66.37952258530852
5898,43.94757055316758,9,285,.4812963517054341,.3559581886944053,0,76.76920753987388
5899,36.50436203900337,12,69,.3950412387790584,.3034319462635319,0,72.0427163712417
5900,42.62635491821666,15,87,.6533736606608094,.7967191635400745,0,82.4272573440952
5901,43.76578557974442,12,93,.3586326492026869,.139641846912662,0,77.68048934541868
5902,43.40860081085398,13,98,.44342454847288,.7057174245912662,1,74.14532899074862
5903,47.45069227579334,12,237,.456038198363859,.4686965689009708,1,69.53185239402784
5904,31.01450591746162,10,53,.2748240186237013,.3342271221250985,0,70.51676014632861
5905,37.87488930519874,12,200,.3780750835003897,.6673036945356039,1,68.55896500087766
5906,37.85154295473545,12,385,.2649051064218889,.1830803909215283,0,74.56886287745735
5907,40.30776683550521,14,73,.4033477210083266,.4478648674256542,1,67.89704005467232
5908,39.54923101121805,11,243,.5026342723898171,.3270877820727666,1,72.86146963280781
5909,42.46153547132938,11,23,.5275950168958796,.5303357623285306,0,71.68665135613618
5910,30.52448604237339,9,118,.578304756943945,.4131234239704694,0,79.91814196853812
5911,42.21403191530116,8,130,.477738592685008,.2083493293184182,1,66.5652932534414
5912,41.28970992252813,12,135,.4871652318471746,.5086541980336914,0,76.12541103070755
5913,46.72791117961278,12,46,.4266757821681479,.5119616907502562,0,73.30471024744844
5914,27.44376385517025,15,190,.7040618624319892,.6888788426991467,1,78.20378216668534
5915,34.31553351041604,9,70,.6328572058356863,.6087712157725872,1,77.44421173774909
5916,41.95630588900317,12,45,.3740176178763431,.4954691447111339,1,67.18232351334002
5917,39.0718465527896,11,50,.437617982995219,.2490980280700959,0,72.76062291288235
5918,29.68341596622524,13,291,.4708142584340457,.5601115396634564,0,72.695583601934
5919,49.6971348670087,14,45,.3494530746165396,.1946828201264828,0,76.79171848532329
5920,37.46572187635824,15,252,.5017965211947862,.5545544067046272,0,78.11510450725348
5921,46.10270182555466,17,55,.7396904196299992,.7701772908606399,0,80.91618118999214
5922,28.66343552080644,14,51,.4924320092763917,.3278455835097691,0,80.00474300159057
5923,44.02415654980778,9,85,.4134949930713174,.4079775707210178,0,73.62710220921468
5924,38.19675181807084,9,193,.5208902928866573,.4842916502573902,1,68.87210446231717
5925,41.66402031972004,11,64,.5192608043070699,.4826256074096186,0,75.73629152431332
5926,31.84499760351387,15,119,.3219552624199746,.3054005543447764,1,72.63565774640018
5927,36.86887265991804,13,204,.3590652908959871,.2765635425432078,1,72.659277818752
5928,34.59701761246536,13,92,.3504050180770455,.1226080743552325,1,66.85213626714221
5929,45.7876012064731,10,159,.4741538892470367,.7435122735017834,1,66.77424515339928
5930,47.42894892004943,16,218,.612523161493483,.6791983759088931,1,73.64183395455413
5931,41.84463451360411,11,118,.5533117286411073,.5972500456051896,1,67.84680213746003
5932,35.38272723607015,11,30,.3039840819887167,.5132877588219487,0,74.93550939363203
5933,44.53918425955499,14,56,.4552485456224207,.2505502258293361,0,73.8387514286777
5934,36.276603421944,7,214,.5421712884993389,.6874953085133489,0,74.60159283486189
5935,47.91929495157509,12,83,.5688094570576724,.5411145150716373,0,74.08216998153293
5936,37.51629951971879,12,23,.4146960429168209,.0469746855205176,0,79.97412477457804
5937,46.07248434463648,9,155,.2823324320865502,.4190200459688175,1,69.96183557095334
5938,40.50675626515068,12,126,.85,.5829849153128116,1,76.27245798779268
5939,44.76822594060508,10,88,.3135257606122767,.2113567292000696,1,67.98757707397213
5940,38.96803032275512,12,282,.4260262410175869,.3684527515598647,1,72.14555167291347
5941,27.47920080883299,12,50,.4614163044634237,.6363243151202784,1,64.89263909399132
5942,47.93523913482606,13,125,.41573911145717,.509449986339753,1,75.29076063463721
5943,38.66230390271048,14,56,.4869521368896394,.3886252835097542,1,70.13861581253308
5944,37.72216913354711,14,74,.5593402907421385,.9135316377636336,1,71.59305176635689
5945,32.938047001066,10,127,.2770919753578729,.0770417607102366,0,73.22643541276179
5946,39.03543726927924,9,52,.3998679147277535,.4256596401754714,1,73.02968664705917
5947,34.12652875026189,10,89,.4374573818705973,.5105942680166329,1,70.25343764008917
5948,31.77130571181721,11,104,.7584904902717635,.8349522904170339,0,76.61088395527804
5949,38.78204588566736,12,63,.4366425971722932,.34620303211169,1,69.56450601269444
5950,42.78335460322302,13,125,.4558980943544544,.4850577099792609,0,77.05371056781253
5951,39.03432045213729,10,91,.3907422825681086,.4316935341190618,1,69.22577699097263
5952,37.49439899607726,13,63,.278678678766702,.1692889353936022,0,68.61739938140369
5953,38.54078072673927,8,75,.4332787081560871,.5128320988074961,0,77.18126975986071
5954,47.30026384964224,14,57,.4386615697803232,.4361714895017254,0,75.16060587824241
5955,40.71149358583688,14,110,.520730710045715,.2331716189093801,0,74.99135860423904
5956,39.0028604193576,10,22,.5411964868915617,.6482306701212419,1,67.19920319694651
5957,47.92398524518546,11,26,.2920598297624995,.1693838773929295,0,74.19341314609574
5958,42.46198232080761,14,32,.4510269885301397,.3840684317446117,1,74.36279602465562
5959,43.24283549006552,10,70,.3608420700682384,.2178435913796251,1,73.68332196714802
5960,45.81568589656825,17,13,.412838082326264,.4898734338368674,0,77.22970120724658
5961,40.77127045534139,12,202,.5027224585377085,.1881759781974147,1,75.28365040568796
5962,40.63810497246354,11,93,.3712748465080042,.5950442537059715,0,69.03131335293315
5963,44.82987575540826,13,14,.4122104890501532,.3210825806401751,1,80.17620335481307
5964,47.25217760975637,10,319,.5761944101309645,.639688449321722,0,69.2210935439776
5965,40.77904438331966,12,47,.5673268681410711,.3199640284953733,1,68.74137176282096
5966,43.15949768013319,12,50,.4284434602626581,.5980963598579272,0,72.51783676007005
5967,42.24616153945047,11,46,.4836462713542783,.4169324793269218,0,74.10595984336106
5968,35.54351413525856,11,86,.4356296321974484,.2930542626663185,0,71.53114479843453
5969,34.63089251766894,15,52,.3524949871235345,.2977663634596032,0,78.27720485741393
5970,47.36553603179966,13,231,.5404771043580043,.807966464210816,1,73.68485161015737
5971,37.28796603110968,11,83,.5049379450279424,.2512242246603424,0,74.30423865467206
5972,41.42744567505388,11,31,.2735881066767329,.0800003625317517,0,70.89088092170637
5973,48.10526251756225,14,227,.2569494024466772,.2032428064685365,0,78.04548670874081
5974,47.56072108250693,11,400,.4188925496081374,.5235682486158451,1,66.59468736304865
5975,51.66857223352385,9,119,.5150989924031921,.2017417543871389,1,69.70364836732534
5976,42.88628479514988,10,58,.7253844932345943,.6999110534709327,1,66.92838367807455
5977,39.46618213864535,11,86,.3013840922755466,.2771916355922708,0,75.54673500722213
5978,42.35927303731883,11,23,.5496023743888746,.4391905210911533,0,72.07521993436131
5979,32.87581938150816,17,62,.3813833725303035,.2147089786672499,0,76.95062540955203
5980,37.75417725394905,13,15,.4384799495860051,.5983312808871366,1,71.68811072056866
5981,36.86443823397076,10,65,.46064434040658,.5019418521711286,1,66.65761593393617
5982,33.36429686396123,11,182,.5411521543786627,.5933330071219348,0,75.90046504702654
5983,42.98500385486972,12,190,.3168194093076116,.3430419415675683,0,77.2930061271817
5984,42.37473211688484,9,105,.4860501276739234,.777850156162381,0,74.83379876754007
5985,37.06671737627251,15,47,.5025575066772149,.6320644891565891,0,71.81387721674621
5986,33.08761032198269,11,169,.4027826352044963,.2608490979672693,0,74.83768226311687
5987,40.32151708458568,10,54,.3151281569315127,.4616484166905007,0,68.41314835887029
5988,41.66471841212473,9,40,.7256578718315041,.4269627178355723,1,68.97553520123054
5989,35.72751527622694,11,45,.5334659233029797,.2762738097974864,0,76.38892720530404
5990,39.92888352062968,14,56,.3803434905657666,.6366982204150775,1,66.12561710017555
5991,46.77716515514046,10,64,.3295575137234831,.1386164600573863,1,66.16707836571906
5992,45.34103093733442,12,129,.4724281273768299,.4716202583478827,0,81.32199317694551
5993,44.48233422429954,11,237,.4581847666443585,.3891147006600096,0,73.72735558714845
5994,49.58200263674259,15,57,.4106387903389055,.5023589983498525,1,78.55246305058526
5995,52.34138162606608,13,46,.5217129702089965,.4362878516034601,0,74.99958838248625
5996,32.44921957856518,15,76,.5627803498127867,.4048061550735822,1,77.48944641968831
5997,37.11598624318171,16,68,.5442144026592001,.3841633479298436,1,75.1669812439914
5998,41.97874138811815,11,149,.2885734496089707,.4040910268171743,0,71.79935956975334
5999,37.33518765795705,12,222,.6443990755900375,.6941530293201544,0,72.34282152654683
6000,41.55506373688121,9,335,.4512129480648026,.7527235606399501,0,72.11985706251033
6001,34.9745685884988,14,218,.5088195769226769,.6074911035314935,1,76.2902283700143
6002,35.50321123044847,9,130,.1858037030604683,.3814130186913188,1,75.11848162379806
6003,30.07447859962397,12,27,.4147313023424096,.8033024627216021,1,63.65688140956421
6004,43.33955046092537,12,64,.3149740713376317,.3852138284448671,0,71.70360500362956
6005,37.53236500854132,16,31,.4157544010832803,.4086071190037847,0,70.63550700154285
6006,45.08350494574808,11,55,.6605197951876908,.8786251688117814,1,73.35231835529638
6007,37.6882664944413,8,63,.2953698356359978,.4002354638178413,1,65.35159646602757
6008,33.42195183954342,10,131,.3518531683730626,.2753161451954577,0,75.47467648843525
6009,43.30758256709193,13,177,.6068463375081368,.4250699110557523,0,79.57896540120247
6010,42.81766062066499,14,52,.5811985337163643,.503116145984753,0,78.77288397378466
6011,46.7310177206711,14,68,.5991631558816888,.5845135085331584,1,68.95545238460149
6012,38.61218797562323,10,122,.6156232992138222,.6555508228050064,1,73.1651067473793
6013,37.89881846837447,15,57,.3118606097840785,.1543455475868495,0,74.97611535659306
6014,51.74747006936195,15,82,.3894596901721653,.2916723346919278,0,75.56401719106124
6015,44.46657072118069,6,45,.5561663393757763,.6483051464129675,1,67.36159613450347
6016,36.07565278055247,11,79,.502004367150291,.5953861996542692,1,73.72897416428903
6017,37.91849624823328,8,70,.2924735812080637,.3431410399617291,0,73.37292310290081
6018,35.76472003477323,10,108,.4611545822159343,.2488366678535852,0,75.50437254434448
6019,34.28891639076146,13,74,.5118535897971811,.6092101480512154,0,73.74450899624226
6020,46.31487784179507,11,87,.3443191323025787,.335844584161482,0,78.27443072149174
6021,40.80410680059278,10,142,.6713569099316403,.6917901689667277,1,70.69813278454846
6022,39.58996023392444,13,53,.4726806188586704,.5306882307375,0,74.68069098474869
6023,55.20674902715915,10,47,.4635100278672281,.3927828454332885,1,69.19103925955969
6024,44.04470481147723,8,66,.4640460751473228,.5075400343847789,1,68.54011696838515
6025,39.84554207010426,14,66,.3918717459751735,.6934129065223935,1,70.0496853995335
6026,33.63256789384405,10,189,.4994023716660494,.7356316715719979,1,73.84004118423495
6027,37.40405031896815,12,73,.2587176680440484,.2157297508995971,0,83.53911606708097
6028,33.83187545451965,10,119,.5468411759944579,.6363799784913722,1,72.08582179986938
6029,44.18680604566946,7,151,.4597611670268687,.1007291390358026,1,71.81402126928899
6030,46.5728488003974,8,98,.3925763351753519,.1753541177694889,0,68.94673648289869
6031,39.80180035207559,12,85,.4659747502611221,.7240368693446004,1,74.10885571893829
6032,51.32801643706357,8,29,.4071718684847738,.02,0,77.43182444313943
6033,49.24167003607421,14,126,.3718794237622796,.4215877665999667,0,83.69563996128966
6034,44.17642857472883,15,153,.5053193639889257,.6830488076334489,0,75.16821038237494
6035,34.27164046856616,10,204,.5831986573423582,.4654709914141542,0,74.54122237128399
6036,39.7172535620925,8,30,.3495610545531702,.3231387521304483,1,64.94504742420123
6037,28.7498767301759,10,58,.5936261390380428,.5266593994770055,1,73.18356207520831
6038,45.13396024014607,9,52,.5166977936585432,.4641751360575498,1,68.27443778073071
6039,41.02499211904147,13,69,.3522072996519853,.3726597790244015,0,76.43209008689293
6040,39.26813444766281,10,31,.4243091577708718,.5069602211934772,1,71.43421187528311
6041,45.97393390293193,15,80,.3477827698617265,.1438706589401796,0,76.12325326964886
6042,41.85562893798117,13,82,.4295711093566371,.3597932016252962,0,69.67374431504264
6043,34.76421817421155,10,176,.4224042568734003,.3758005884918467,0,73.21775644254177
6044,35.15722144491707,13,113,.5572301758930506,.3499222776165393,0,72.95120421255253
6045,41.03295186072963,10,65,.4717352878807626,.3546463058701423,1,69.62204433799056
6046,39.18737175957005,9,56,.509844327850807,.8257032963730289,0,75.87938879003767
6047,36.90051662638838,9,27,.6381230856272926,.451549767406686,1,70.62515209119617
6048,42.52614463364183,16,126,.6196526417318031,.6289173024794241,1,70.66783652376664
6049,46.48838199347185,10,36,.3099835621951064,.3980712259497297,0,80.36364195692573
6050,34.5764647493901,15,45,.3617249966777952,.3299286127607322,0,75.78868317242237
6051,42.82223741981741,13,42,.3543729969364874,.4742385262511563,1,70.4899130595071
6052,38.91967780600189,10,12,.3220315606658454,.2513197896524524,0,73.71690955898623
6053,41.7202642183231,11,80,.4948231239499177,.2997750675946268,0,72.7497525289528
6054,48.01884847303281,14,132,.632338122759622,.5520083072482681,1,71.5023193624238
6055,46.47519999413559,12,201,.3049610468965827,.1903089865438283,0,72.13444698991231
6056,30.62838064376428,15,160,.4129193418053941,.5389238663768221,0,77.88322815470396
6057,40.70587823494819,11,41,.4899909994604187,.4907456324377469,1,71.74183488325109
6058,44.47577617937164,14,60,.626205820095259,.6923216429558783,1,66.21663772947257
6059,34.99280008442692,8,133,.3114966154335359,.2751243328936562,1,70.84871123838217
6060,31.85896284803805,11,114,.6432901604046317,.5864740907847736,1,69.94876258042993
6061,40.34828006705,12,122,.4032140587951565,.4233300447772365,1,71.79013141294936
6062,37.7652537099552,9,160,.3077777362652138,.3728887130348508,1,75.11622502286806
6063,38.52844748220907,15,141,.6495441620196403,.5924659794840883,0,76.73441609674883
6064,39.38594128977901,15,191,.4588451076558079,.5871126206719425,0,72.06580269985743
6065,41.22020283296014,12,134,.3863985270713185,.3292546962900035,0,82.77326186242007
6066,40.61099895128553,14,80,.4234963974303115,.4251839721610881,0,76.22695352462532
6067,53.62997856134459,11,62,.4420321249274237,.3401548275806813,0,75.89490714779399
6068,41.59195348874104,15,161,.5111840377780311,.388438996903336,0,75.49290770782467
6069,41.13834895257961,14,63,.2772978170494733,.3363439201388342,0,75.28406880797402
6070,46.42915871541462,10,58,.5146176156329615,.2529131680038784,1,71.15331598618639
6071,50.26543659984523,13,51,.5295057603263513,.3360427636858051,0,74.02337121686644
6072,44.30712920907759,14,108,.6006271254757622,.5248082935553223,1,64.76178170851875
6073,39.59808955400963,13,132,.3979896399326592,.6516489488675321,0,77.1226546074069
6074,38.54744394419515,11,193,.3951335930253452,.4512588569543433,1,75.07997841919256
6075,48.41968674272993,12,39,.4631490322659787,.3861436138067063,1,64.73012966294579
6076,49.8096250689108,12,112,.471401554512522,.6362180689738549,1,73.06278871711429
6077,39.53549928779475,10,337,.4995857423615695,.4385777180329659,1,66.86890832413019
6078,47.06023769554922,11,26,.4551923470879689,.255784472681418,1,72.19358184388329
6079,47.75643555064088,20,113,.2823826539655675,.2867373743367296,1,71.14762304372269
6080,39.68801232958038,10,363,.3446096047320688,.3597438482113048,0,75.60556509343081
6081,37.83621081901361,15,48,.3103207162366483,.2080264372864874,1,69.08682995194482
6082,31.45329227488931,16,168,.515989922616206,.4672277468067478,0,77.44477329744309
6083,38.72073009846103,16,147,.6394942600957091,.6131666529028741,1,74.0189928155872
6084,44.69144920997999,8,42,.6242479112280284,.4688375916636434,1,74.54349104048963
6085,38.41095321747797,11,66,.4465746286115618,.1659103950742991,0,75.98143953790928
6086,25.02296677120819,12,182,.5492236454584538,.3238174853490624,0,77.01165600311144
6087,40.19208452802565,6,75,.3580922595601517,.4084900959408785,0,73.15871900639816
6088,44.65490145825804,8,173,.4454887077898367,.5669153721902322,1,69.71532423174726
6089,39.73013278728226,13,174,.6293885199960185,.4129755962325828,0,72.90745081672746
6090,50.7203371946287,12,182,.6067387876235465,.7076891105421061,0,77.02867100448577
6091,28.99274727759306,10,78,.1855323764538235,.0680781481882086,0,69.37669097441382
6092,48.00576804927174,10,177,.5947869431863881,.7498058420065823,1,65.28665487811996
6093,46.51999764866314,13,56,.4367418794063556,.5588524369818437,0,80.29980157323331
6094,35.85140409881922,12,180,.5226199882624355,.3660856263652276,0,78.27665008792115
6095,38.58574499068752,8,181,.4701746787515079,.3415975743533808,0,70.94927205290405
6096,40.59784332807528,9,29,.4096420609481032,.1848121938326732,0,72.15174300724989
6097,30.24210356394516,10,132,.4876608505713977,.5477169668608156,0,67.66192056433341
6098,44.14725383321557,13,73,.3271722556760838,.4913838925217598,0,73.21471013574811
6099,43.08538478222962,12,32,.4782504331741002,.4929636647279601,1,75.01552921069867
6100,45.52234811221494,13,94,.4365439473619823,.447341333273232,1,65.74377499883707
6101,30.98345358709389,14,117,.3186213148560381,.3655230479100935,0,67.21435833916829
6102,43.44497637762908,9,51,.497626290161556,.4024041899214284,0,74.546799864161
6103,40.49818207657911,14,102,.3498469007886629,.2369533729570489,1,72.68248067568854
6104,40.50838608917523,9,189,.6222579621169653,.7530589615460875,0,79.00333935943883
6105,47.11810326552515,14,75,.4143163623611101,.4874545372158565,0,73.68341299418974
6106,30.31078175075858,8,18,.08,.02,1,62.53669185721485
6107,40.36331259440654,9,203,.5727680591126298,.7224192538934734,0,71.27875765522352
6108,29.56596721682433,11,50,.4972799655928092,.3473795760349392,1,67.44270639728613
6109,41.40205269377279,11,22,.4106293494280582,.283617064157453,1,77.11561138624425
6110,41.10981790391518,17,232,.4167444600095668,.3855188420112599,0,71.24390650427551
6111,43.45139351589096,13,23,.6194520602887486,.6962983410111026,1,72.07165207544536
6112,38.20210482750264,9,81,.5553920695008225,.6656150121639981,1,74.09892155807208
6113,47.65615166440797,18,144,.5775194022013249,.4616531617893325,0,79.67515629868166
6114,47.96523075545122,9,140,.4338401076518095,.2515567470712271,0,79.37052328664359
6115,44.43654690457866,10,235,.5413946969314627,.4875284988778504,1,66.17812752506639
6116,50.26240071784174,14,76,.4513517570061372,.280926280179481,1,70.77958736575312
6117,41.65464523084077,14,33,.3078591896807708,.2168047417901675,1,69.60598292153604
6118,44.87676588637845,17,70,.6298751441845054,.6646869052538181,0,72.70056661296836
6119,30.08753381583225,17,208,.4109455254529236,.2126860191236266,1,76.21145399000861
6120,50.2811815984353,14,85,.5861819610781277,.5180055689555605,0,73.52930854085196
6121,46.07664231026423,14,188,.5322146209736258,.3168286171227729,1,70.5243122191343
6122,39.26919898396375,13,88,.5563130014202804,.4356542822402517,1,72.31113515937992
6123,35.44858189058775,13,75,.5616611055450584,.6414760922963657,1,71.05136546877348
6124,44.12795848064585,18,44,.4955492493015751,.3521071557561072,0,74.86376897926105
6125,46.74299355500135,9,92,.7752891561571462,.6907425765343441,1,70.15871044241217
6126,35.66397418262591,12,61,.4114252172218067,.4364358116427755,0,75.55821600239474
6127,37.50188090528553,17,138,.3483120688846356,.5741065118686546,1,74.56730649352129
6128,47.45880017847649,12,33,.4608351183579285,.5244020202274164,0,72.19361515761403
6129,38.43187303816886,12,23,.2315924976082802,.1512059969209062,0,77.14423274283273
6130,47.46315372511248,13,151,.3753645975328045,.02,0,69.11152989243845
6131,47.40200468176504,15,128,.4852424599523031,.5019618043509069,0,70.76489649258913
6132,36.22545587069047,9,253,.3522641333157222,.2296196543694947,0,76.0966325922714
6133,49.17414302159833,9,116,.5486363573120348,.6045146769675751,0,80.81263083644878
6134,42.19183604998339,10,268,.5340769917525015,.4645271648135731,1,70.0525552520091
6135,52.10332367419912,12,49,.3419536580438286,.4377058848098928,0,76.15738554954649
6136,35.42418314712284,12,217,.6334051604548543,.5164211409723332,0,69.65148080230124
6137,54.21501840535633,13,77,.4860349741681069,.3897119575800487,1,75.88623958627396
6138,44.7733684617144,11,38,.5018843770161723,.579560831817721,1,65.42978050340898
6139,39.03332156765426,11,40,.6546954787441307,.7019696936718142,1,70.38130344076409
6140,43.13064964328585,13,122,.5277777991249321,.7388000449761558,1,74.256122565016
6141,41.64129774754777,12,152,.3835058888643084,.5854917145825642,0,76.94555476060563
6142,36.50021158141041,14,33,.6025246954644454,.8194011761568976,1,77.23826109594594
6143,37.52606660981774,14,58,.1724374173088955,.2213862278888491,0,78.43898800656549
6144,42.864400712742,10,90,.7222644680226478,.765503332774251,1,73.48326168160825
6145,39.42177366172348,8,79,.3852033433686819,.5347720374575062,0,74.68523015112841
6146,42.19559996242531,14,86,.5565875243876658,.4453221086877571,1,68.44790087347131
6147,41.73656002916985,14,141,.3821698163346638,.4589919643172654,1,72.31173469730192
6148,35.84858705127739,11,57,.330214701662906,.2898505752494909,1,67.70879321528561
6149,44.37384499061665,11,19,.4715932683377095,.5501708747296333,1,68.49914111177011
6150,46.74559731259952,10,50,.3756101100757157,.4607599135618015,1,69.76916373990647
6151,41.7918374640257,13,21,.6265260871934949,.5998042520255458,0,81.15315972731783
6152,40.51772008850982,13,84,.3699740482147754,.2437045205938431,1,71.64123393235765
6153,37.26017278770396,15,112,.3948079080127889,.3913759064296745,0,72.54784819158779
6154,36.00128295678559,12,65,.2575088108715162,.2578710164972983,0,76.09475280900848
6155,38.42674261387887,10,99,.3776327983237072,.5902149140702686,0,75.37917317974241
6156,32.16624958218181,14,105,.4636796178617208,.773275164302718,0,77.55859953127482
6157,39.10504474160606,7,188,.4264754475102529,.2977334434364662,0,71.72325797180459
6158,37.76379401168846,15,60,.5195937506958632,.4240472083557834,1,74.01438400609602
6159,50.12573459386348,14,151,.5282457871326197,.4297682184070096,1,73.41909399279875
6160,38.29105430209049,9,87,.45409418176265,.2964285620633949,0,72.31798101333101
6161,45.72953944992395,13,126,.6745346177696215,.6527969968631492,1,70.22565932328295
6162,34.18735597155408,12,176,.3672722554649074,.2333419008940066,0,73.8649968315146
6163,32.39779906778126,8,242,.3962594315612427,.4069222966339998,0,73.13133295349628
6164,46.83229869202302,12,164,.2791477942123018,.21889852908427,0,70.8165788670438
6165,32.5034160367895,14,167,.4084267488283688,.3074967053774188,0,73.34991598056017
6166,27.17285109337217,10,82,.4404122166162435,.4943297818112805,1,72.78859741300271
6167,31.17057175190389,12,222,.2437956822585992,.1288196283542214,0,76.39769627016371
6168,41.96082306703442,11,53,.4711692089249795,.5493099087947451,1,67.94174776165177
6169,35.33040593495902,13,52,.2409931542441214,.1896826388282896,0,70.06551067440675
6170,31.92872501977532,11,51,.3330861802982356,.4184708176916513,0,73.26208949174585
6171,32.45661329399942,9,56,.4289878490112482,.5723558654293235,1,72.6710107659669
6172,42.57137657349072,8,80,.3324232837090147,.1829009258505802,1,61.12787057751375
6173,41.13558553053654,7,99,.4416593734263121,.679348523670706,1,74.46706030318265
6174,37.54318080062297,13,482,.4695543485676903,.3169898427399924,0,76.76226880313118
6175,58.52776082675388,13,81,.3688279353909379,.5175732877583632,1,67.75410573850067
6176,51.52425108141804,11,65,.4130538436994444,.4405889099710876,1,71.31897516826859
6177,28.85073649176468,12,121,.3606706812950948,.465842908716051,1,75.2834735357219
6178,37.77253034152371,14,183,.5452276602643948,.6573114899346904,0,80.22875838849437
6179,41.56245443024932,8,98,.4388427857395414,.4205047626521028,0,70.8809213801095
6180,41.13388907187326,13,233,.5982247103575201,.6132190907417375,1,69.93602332302603
6181,35.39837641102564,16,138,.3748923089883039,.3016680239148823,0,82.67484769930978
6182,47.88612067812507,12,94,.5282970531799047,.6249899611599254,1,67.54472870863731
6183,33.70893627479432,12,159,.448381079750001,.1958534229681034,0,81.2150336674019
6184,37.63843377494974,13,114,.4591791092872958,.6365667793598823,1,70.4734186514046
6185,42.55180805471274,11,34,.3378345412196505,.3282325285817495,0,75.19727817085329
6186,31.04318875497473,10,127,.3503331389272771,.1917503336208265,0,73.20969792647084
6187,41.19974032409878,11,139,.615828417837496,.6371790995083958,1,74.43711235332415
6188,33.97176099542136,10,32,.4751036150235585,.6178624635649623,1,64.85586177773449
6189,29.63845306622608,17,375,.7399828298472808,.6098971864596955,1,72.43176826960848
6190,41.52210619496778,15,31,.233304800109662,.2247458210046775,0,72.93953772332564
6191,44.35786305442696,10,55,.4902081475919997,.4564464182262423,0,80.11057484195142
6192,40.76561753633296,12,39,.4651239380539194,.5719813143778246,0,75.41018008942488
6193,37.33346552919639,15,29,.5984080715578026,.2915895535367667,0,77.46361461060954
6194,39.28272475274408,13,43,.4669912204739711,.2802430236069572,1,70.61342348124764
6195,47.0488013271457,12,64,.4845293717098861,.674295477869242,1,74.77211662235622
6196,45.66393497285075,14,44,.3697288679134115,.4786623896422179,1,77.08350405434233
6197,48.548463244046,13,149,.405202415014852,.4712458342980984,1,76.42991785841303
6198,43.75277461264453,17,120,.2158505281738523,.2794794268892373,0,82.21598880462196
6199,30.04916886197207,9,63,.6787077241332855,.4404718720457972,1,73.19938665778436
6200,41.05376300619569,12,31,.4470229909167104,.4977823004076606,0,73.08355482868245
6201,27.16820694371722,8,221,.310854362527079,.2091525339007387,0,73.12605195086817
6202,44.92835147836017,11,200,.6395432859893869,.7138571664499384,1,73.6945050723795
6203,35.02596068294277,11,29,.4498049886079599,.5054394252355032,1,70.45074206446587
6204,37.87032372553001,13,145,.5380853785418078,.3425640120712995,0,69.84632584630378
6205,54.38626544753008,11,48,.395150107818569,.0401360897706938,1,65.16321153934278
6206,33.81681775564196,8,132,.3655308318616111,.374141362007803,0,71.17625195082928
6207,56.80768547768042,12,153,.4499283375040047,.7055077342564968,1,73.15507688689053
6208,33.56437772423245,12,37,.524308117619154,.7900664540655757,1,74.50880166342397
6209,40.53824559904367,9,41,.5428482626010722,.474687081854748,1,73.06493608177092
6210,41.49605341011316,11,121,.2985366605497025,.5137806688984438,1,67.42239374386367
6211,38.77550220393715,7,26,.3988818927947477,.3479630152160278,0,75.73110795853414
6212,43.30360663172495,12,99,.3581392121914577,.3408729452477063,0,72.80263643800782
6213,42.51123671380483,12,171,.3345132962011531,.5657490178035119,1,68.09597423542904
6214,49.12936938848686,7,150,.5680254333756128,.6157001882807965,1,64.70185424952884
6215,29.54987934469799,11,110,.4864596330258011,.4869886498933779,0,73.94942010775821
6216,48.00029040318412,11,57,.45369203558593,.4023445149186111,1,65.65019458818267
6217,25.48542996090753,12,71,.6509062369033236,.6046124882130761,1,71.86211771725995
6218,49.97022043305916,14,38,.2945226622588586,.1525967805860778,0,67.54584081942907
6219,39.53843657626128,11,309,.399866461683814,.3162852728783874,0,75.04999516788776
6220,42.13762433292221,13,59,.4510901343225254,.5587219001409666,1,64.20131492364533
6221,45.67718706626655,14,65,.4970812108826363,.471456805005075,1,72.5193715598206
6222,35.29655340070051,9,48,.3615195278252667,.3908701301130926,0,67.84677483518831
6223,45.94632903118485,9,91,.4447928887049214,.3428692283027885,0,68.75773053359028
6224,57.23879595154769,9,98,.5060706108839831,.5011686354556133,0,71.79806300517147
6225,40.08411538168885,9,69,.5182577351812319,.7024251405680071,0,72.68296821631753
6226,37.94680779147495,11,229,.5530815697209701,.7118531349662229,1,66.99441082332177
6227,45.98491541959653,14,36,.4173563493037606,.3414062444729553,0,73.63784673210647
6228,36.37400257065091,10,61,.3546213242871992,.1989374178158379,1,66.97606944306344
6229,36.42259718385104,12,149,.5834291967302359,.4769344483273612,1,73.52193974869074
6230,41.29919636418845,9,201,.4863582359616044,.7006709385222267,1,74.49173536764889
6231,44.53044245610058,13,68,.45535091566154,.5837889338074221,0,71.88287622964793
6232,40.70692531665782,10,134,.291284639404056,.3326673527853128,1,73.44787610637697
6233,40.14545596018267,9,190,.4100453748615737,.3651714837972994,1,66.69031654287097
6234,46.56937671018746,11,143,.397306025191878,.3822549474483395,0,76.32308616590497
6235,43.39766023256912,10,63,.5617799511840479,.6399729661794845,0,73.48218467174604
6236,44.39421530731867,17,252,.3014034443882116,.4308808552797941,1,70.44076102339183
6237,45.91323018551556,15,357,.3655694391505156,.5576792482471097,1,74.5451495423
6238,35.45385225033073,7,144,.3069661266309721,.3987268126166636,0,78.61975036201194
6239,45.74185883148243,9,30,.3173710643127576,.2116195611985514,1,70.30607476136419
6240,48.57025482464171,6,53,.5416808661641788,.6353896235728472,1,64.62728317660812
6241,38.61899827498262,13,28,.1912784310408859,.376031592318315,1,67.16355574670416
6242,47.72371901019882,12,33,.3670519413532772,.3168858702992553,1,77.64117060770943
6243,37.93429945730413,11,34,.5971171226085611,.4966380726556162,0,79.54287550066199
6244,47.15898193725722,12,140,.5258317252722106,.5522875609214987,1,65.79555734608539
6245,45.97766775807215,12,43,.5817710831200615,.5530512466760515,1,72.52243131302217
6246,44.640295130044,9,82,.6769739510720646,.5983506890037288,1,64.52477022986812
6247,44.89823071254255,10,55,.4882556026649459,.3615398157975567,0,76.50704630540702
6248,35.00590245125311,15,187,.4357326524803967,.4601748405068688,0,74.12179075878963
6249,31.99302392317072,11,61,.501875376998367,.7615368937753939,1,76.04094205300787
6250,35.11836655118751,13,129,.5985941851306418,.665792662884531,1,76.04453758536314
6251,36.44347736200202,13,63,.379346869184872,.657052107287031,1,73.04249366108364
6252,41.27088801559239,7,213,.4733336934961599,.5840669558632763,0,73.16819242399701
6253,33.58962562956494,10,32,.4190032889100474,.4177864029667031,0,72.96325307033912
6254,42.9782792170955,8,124,.5460152118030782,.4670064149214025,0,70.97134846789405
6255,41.08337351089718,11,63,.450866292111689,.5158455747945865,1,66.88710581463623
6256,42.2014398552398,20,168,.3458753464184606,.388892552618702,1,70.62845338150272
6257,39.50116575078188,10,106,.3164674745421022,.263229708569455,1,69.78242687579578
6258,40.76676171996021,14,79,.4191583485609305,.2390871768996962,0,76.83243139871867
6259,33.04015544134449,12,15,.6848664601235166,.7069504401256481,0,78.04873067057417
6260,39.13887184492888,10,314,.3630353726327495,.3187818200592213,0,77.23059472002848
6261,36.67935182205035,14,118,.3426729518056562,.3603643810242847,0,65.86767315728358
6262,44.40379806833639,11,120,.3301215643137677,.5555878076646574,1,71.35013080303172
6263,32.98306588027873,10,49,.5371598202243989,.5567275034777263,0,82.26302526966873
6264,45.00491399152336,11,114,.5386544190219408,.4251248837344656,1,75.37114794962831
6265,40.57944626226723,7,104,.5281210246693375,.3902708984234671,0,72.39457225981263
6266,34.67159205195152,12,157,.3724417400710469,.415601239999957,1,69.10552533788646
6267,46.57549648923799,8,142,.4214097647536625,.4634865804909267,0,66.5978481622613
6268,28.07316650821122,16,71,.3693408744121091,.1771436132784632,0,75.46009159369596
6269,47.6679231813881,13,66,.5033189757160088,.4047373960420683,1,74.07813242844735
6270,37.38443242366116,12,115,.3238369770842123,.4147143363733738,1,73.09258104619458
6271,36.0543938981169,12,53,.2259908449523188,.02,0,68.24768660707547
6272,39.17319859805501,11,53,.6186655938864954,.6966616924950435,1,74.96291911983252
6273,38.63831574610494,12,43,.4926519331465647,.521662883991266,1,66.78645715033967
6274,39.85607852948799,11,274,.6599311370688447,.6976386089202605,1,69.21975311647741
6275,50.15919359608188,16,245,.5667502358987913,.7101995503500012,0,84.07495109228152
6276,41.51382584186217,13,107,.4505687114416454,.3090179838019316,0,72.42870109441209
6277,39.60284175600549,14,118,.2615129413437682,.4475818454472777,0,77.35992070366197
6278,41.82977257268481,18,72,.6593897902201018,.3755005930452726,1,68.08615389887714
6279,43.10443759600713,9,73,.4238874822482109,.2768973344656566,0,68.60624154214557
6280,37.34801122750719,15,89,.4696797121015627,.5266322589744715,1,65.64795073442048
6281,32.96805018978365,10,26,.3231704208417419,.3062240495308365,1,74.67625850691186
6282,33.42070025244127,11,130,.4532408673279539,.2508786389423643,0,84.00250302664546
6283,42.89613645997881,14,21,.2803054792235538,.3148057055531371,1,70.26010997227851
6284,34.33672535015643,11,251,.5970346595699456,.6147645975732834,1,70.8606658925634
6285,41.03399140953897,12,103,.4890842360716871,.4984591946989431,1,66.44170930802233
6286,38.37210427191673,12,105,.4957818925026696,.6916218722729978,0,83.91492598625182
6287,35.308560728813,14,153,.476871702146334,.651201575485405,1,72.64142977743424
6288,41.75045179779104,9,67,.300598936623357,.1226441210886026,0,73.5131740786137
6289,35.79203919431843,10,280,.50912263313503,.4536766155857871,1,66.13901043306211
6290,41.88684932320015,10,92,.4385007616264121,.5208750965749988,0,77.55010943057732
6291,42.86456323655068,10,101,.5680922961161989,.7310615009246159,0,75.27745129789834
6292,47.0797587617264,14,68,.3459683111762301,.2889317830497976,0,71.96300012410549
6293,41.66340470537608,12,170,.425056333694534,.5949869933188718,1,69.04576277533431
6294,31.5988348355714,14,59,.382900762295263,.2655010216274704,0,69.07464118065553
6295,35.58694013663501,7,51,.5199539652325347,.5857583425370737,1,68.70326586298879
6296,26.20847883540472,9,67,.2593477869334673,.2832342879142623,0,71.59372823872071
6297,41.79105424453302,13,295,.5062685996685825,.6691115898007816,1,64.41406196268125
6298,34.98029440215169,13,111,.4519750259017942,.4887215718248105,0,74.21101776841648
6299,37.62595361050418,13,76,.3226713330366394,.2200417497453696,0,74.11923623347276
6300,49.9689353723414,13,65,.6112496568365537,.5776021415566401,1,69.09361690485892
6301,30.91699003206259,9,39,.591834827071594,.581477962103896,1,67.7356735298537
6302,37.42290458069147,15,30,.3038025387482456,.3449004927818805,0,81.42119500110908
6303,48.09635310880154,11,62,.398996555483629,.2085705276629262,0,72.36193517294384
6304,50.62926422100676,9,58,.4764724857622571,.2915215158908684,1,61.00636264511847
6305,53.23783796059507,14,47,.4244923842692689,.353857385990161,0,71.79963567393877
6306,40.78764992376625,12,71,.3721558649205241,.4076809112898583,0,76.38228137818595
6307,32.04008717881388,16,66,.4278627835999791,.50994180210574,1,70.60554987444388
6308,38.26611773620477,14,193,.3949104806344869,.406318463589609,0,76.07634322405123
6309,49.54425029102586,8,22,.348532840145185,.6384880165252094,1,69.58610329524801
6310,34.54778461439503,10,57,.3973353868476787,.4916254609627648,0,74.94189424279152
6311,32.0643189818685,14,24,.4691662579563504,.6605895904803425,1,75.62892341956034
6312,35.77507535535739,10,224,.4880642662767383,.3695156511300297,1,68.85820029440933
6313,35.36368350872803,12,429,.4927069845533281,.4703409615959802,1,69.18011256405761
6314,41.56407971905649,14,87,.5915348652440058,.7967956340278468,1,73.27606205923843
6315,44.69208245379986,14,134,.6165760097350751,.7550171466518036,1,69.84567880566155
6316,37.90202637304235,12,69,.5933736305112801,.528377427092367,1,68.61790301074488
6317,39.93734964050272,11,80,.4033716693199899,.167274150498885,0,65.43997126249032
6318,46.96586042759171,12,43,.5056450013336399,.5379216352492445,1,71.65545828247286
6319,40.6116546846922,17,87,.2145348792049507,.3628399128270763,0,69.62178132370229
6320,22.42089790743383,11,50,.4089765630676192,.317317619188099,0,80.49413671194378
6321,36.47480423415521,7,92,.4220054998121958,.2017665235825102,0,74.4976918546821
6322,22.6798454030825,11,76,.4784056528830886,.3679057034565097,1,65.66270885948686
6323,38.88642770676062,11,142,.4856981842482548,.4337419928653533,0,74.43140016726858
6324,31.01192480054166,17,132,.4858874462886938,.3853594275092488,0,69.23094861891649
6325,51.09496085738589,14,37,.5396272009827383,.5850160450579772,1,71.68215297996919
6326,42.03471132563709,13,24,.4043771074899935,.3420045274598333,1,67.77603276604061
6327,49.44145928351172,8,191,.507376261063234,.5481993041081397,1,69.68747542139771
6328,36.07947223952792,15,33,.4568288040134237,.4856763671314498,0,73.98843449476084
6329,33.70068728529235,14,137,.6637346111393522,.5657265583383668,1,69.72896155087192
6330,35.69150928613445,11,164,.3904477222795372,.3240803848521218,0,71.89848975194982
6331,52.48357850477115,12,66,.4832154145296002,.5392390539394578,0,76.14363396700429
6332,36.73089553018749,10,90,.3316857010835915,.3195042175501153,0,72.70311778384432
6333,42.6013269763285,11,201,.532063376465023,.4833798673406376,0,76.99567866473133
6334,42.58593193354641,10,75,.3560347458302765,.3554661163746637,1,65.49764818548248
6335,39.16842681574926,12,116,.2813825521589561,.3020540927477292,0,73.5293092030718
6336,48.87729737911516,10,106,.3779210188654378,.5560186049419882,1,72.39386300283303
6337,29.80565183524692,13,148,.5010186881156884,.5600244882789944,1,63.47929083476812
6338,45.05981628863148,18,124,.2955871694658496,.3004246928741632,1,74.09165326364423
6339,37.22310555201021,14,28,.2387981480027607,.4745852187437743,0,77.26874097138615
6340,35.96443091601152,14,38,.4028355693109661,.4831490405828521,1,77.6219609499171
6341,38.16961519184986,14,182,.5632876091670328,.619572129046052,0,75.29947806979524
6342,38.15808828429929,8,52,.4623648852745678,.5582291178876257,1,74.38025938051609
6343,38.64612493198477,12,93,.3791892411869024,.3949186423652953,0,73.21878116797224
6344,28.95972185612915,8,331,.3324461207415087,.3199179720329036,0,72.12940936392992
6345,40.75591169688856,10,87,.5863205411057755,.8870066886946593,1,73.64758382469029
6346,32.57847797297255,6,34,.4928626443027493,.6667404890964879,1,71.30078142521529
6347,42.75248357464906,15,245,.2340925502969892,.176593751056341,0,74.29610750251419
6348,40.56751993793785,13,122,.6025566431044791,.6232957081707683,0,67.96048358322992
6349,28.52742471425862,12,79,.5225910613520137,.2044295002010139,0,76.25602334319157
6350,32.02670387946287,11,77,.4337472173018218,.5763917868043602,1,67.3827645897843
6351,36.26394283262203,12,67,.5977265990570189,.567017140151696,1,64.97979919598224
6352,45.42353113355698,11,125,.4299677300941844,.4686816307522795,1,76.36644752408036
6353,37.43837983247113,11,85,.5155937999942928,.5314071762728334,1,69.13573809057391
6354,44.31234682475825,12,65,.4726679945772393,.544059683914428,0,74.85707200680628
6355,35.58965450543632,14,145,.5531283047696658,.4249207455214469,1,70.16024606053979
6356,39.73804867152949,15,16,.3906392037969978,.2703476021239856,0,73.37818600075472
6357,46.09679072105467,17,111,.6079060269988504,.3343760146731035,0,81.81475328821494
6358,37.04899213715601,9,72,.4881230942633066,.4905055811596317,1,66.15409706473336
6359,36.58505378032504,12,79,.4343023927844006,.24308251517497,0,80.54697900865376
6360,45.87770555631297,14,44,.3750532727908532,.4180079969908957,0,73.23593604744798
6361,36.58491306921084,9,125,.2586136597273986,.3421386917767805,1,67.36219560049099
6362,41.90835083887826,11,29,.595586699384806,.6130910697815226,0,75.38899372928282
6363,45.34239196580822,15,113,.5641982584505195,.5259704387293698,1,72.16830094370857
6364,36.43847208620854,14,256,.5180515888025823,.7509586888157693,1,69.74926000651408
6365,34.30436269192393,18,96,.6154563058029631,.3671416389453244,0,76.9457884565047
6366,33.97948288799407,12,78,.4106367350021637,.2594462456369639,1,68.38919202187252
6367,44.41923522767221,9,68,.2989510323756026,.31374051854938,0,79.21218619891295
6368,45.80351919513168,13,109,.4580267491373777,.4229321501801862,1,70.31433746380914
6369,46.23492035122543,11,49,.2112165990555503,.5720873665109779,1,64.73686856807713
6370,36.69652057053602,8,61,.3040068016374043,.3481668472188711,1,64.73892638708561
6371,40.94815426063246,12,241,.6131003970249161,.451025558857427,0,72.40747158971223
6372,43.91902553531974,11,68,.4996688048041294,.4251609497294028,0,73.43432520244632
6373,41.68761759292256,13,82,.5906744452516033,.5867385540877228,1,74.15475063903671
6374,38.85643380829286,11,50,.3188276533467818,.2146541502345234,0,70.68935968059309
6375,36.94184059585636,11,184,.6371706648938822,.7100489951182885,1,74.8328700438789
6376,36.06806152118822,12,273,.2852588204917009,.3185346948165113,0,81.11601245238703
6377,39.20788743284706,16,73,.535173687217098,.4874924722048746,0,74.82676625561832
6378,40.93452724074875,12,104,.3917020261015544,.5328372309264133,1,70.86752060966248
6379,44.67749309826998,11,48,.4030758884322052,.4594107821533657,1,65.47515812229926
6380,32.32690995247108,12,23,.5935287240382072,.3728651360674579,0,69.64382627021814
6381,33.10569748427216,9,49,.7307482305042563,.894914721783002,1,67.49184283111359
6382,39.83086211983882,12,165,.4694551807961547,.3903407936459676,0,66.51681241534993
6383,37.3314311963174,14,82,.5734155717448305,.5181743207430164,1,77.52371864596944
6384,41.79707594928682,13,106,.4467020006302289,.5181020825620912,1,64.54816541385071
6385,41.69612799159779,8,138,.5293747059365941,.4186452229056491,1,71.82165265415004
6386,37.25359457554998,12,139,.2688303408345628,.2050123081918939,1,72.93804500517716
6387,37.65316748329808,10,31,.3907003904083092,.4413752767148957,0,74.47599029402038
6388,38.39766634514145,17,64,.3823124281090168,.5391289640919339,1,66.50420733475978
6389,36.98728612282487,9,57,.6623353643290261,.5969242365336821,1,71.27019465932182
6390,39.46739519463799,13,53,.3361249303620266,.3239939996375156,0,77.28524427465996
6391,49.24079576932904,10,116,.4797353577228906,.3377381859913051,1,69.28977674357076
6392,35.41806423654781,9,86,.5418491777165609,.6047526000188191,0,73.65341974271654
6393,51.56274881563082,8,139,.4326239905493667,.3250749875495014,0,77.67899033025184
6394,31.20122057304393,13,135,.4116375295449572,.3423020803455302,0,71.62876748805891
6395,35.19342088502139,10,101,.4093819549192322,.2143641177702851,0,75.16370419548487
6396,40.54433831793045,15,133,.427447864583158,.4538329472737622,1,70.83038111877094
6397,41.63228532655895,15,106,.2027867480656468,.4541085557622407,0,74.45523694344065
6398,39.05920999504439,14,79,.2747355861340925,.1278244035697645,0,77.30906983386657
6399,36.23269193009394,12,94,.3376893005464203,.3071043275018657,1,69.76052967979649
6400,33.36461730483992,14,131,.3831137246150308,.2154567465980967,1,68.21827436233679
6401,42.33123453534925,8,54,.4118328343923301,.1562501399798742,1,71.17598197473977
6402,43.37718968680627,12,173,.5156216645508465,.5527682659064661,0,71.45549685471708
6403,40.44031378493072,9,167,.4455496962468986,.4511715682630765,1,72.28681380789951
6404,25.64854531311828,8,58,.1739017872236426,.2846436586027539,0,67.05043059832082
6405,46.14584782594112,12,90,.4774569257314527,.4512373135901925,1,69.56545427865144
6406,33.92793057037248,16,236,.483193263534181,.472523785305241,0,75.76056242150047
6407,34.44687012790641,10,113,.3827450776642284,.3674711539218289,0,68.34693561909964
6408,39.87548452771311,11,16,.5813775974506948,.5272521943700169,1,67.58684201990035
6409,35.41178031288135,14,219,.4618112140952776,.7361998646139449,1,72.692956154866
6410,41.74708131719478,10,421,.5054619892966107,.6491001062275596,1,72.38661406515818
6411,39.63788801525335,9,30,.5853925517089239,.4200295715940817,0,72.22213408375391
6412,33.90103578683083,12,40,.4237989489097975,.4999294797813057,0,67.82649849335054
6413,39.22769796046864,13,28,.4241977451276654,.294298132002706,0,72.70402063592277
6414,30.56175158786939,14,82,.5971845325487897,.550225537259301,1,72.35205420334078
6415,35.09037900890092,13,99,.4765744024336407,.3815704643631348,0,77.36429221112586
6416,41.43973800518829,10,226,.4661567735735512,.7824206228908375,0,67.69489613536986
6417,45.03952533131132,10,103,.4201842453234638,.2137210086609633,0,77.81376366102867
6418,27.4703695721308,13,84,.3127053715050443,.3601647853466554,1,70.2485848273292
6419,40.93963836743086,13,33,.452005812666042,.5365692284054755,0,73.19509852341386
6420,45.247566209594,13,324,.5538467694660065,.5820758454649057,0,75.5207278253377
6421,42.16572516187217,17,27,.4575971540736709,.5872036146785418,0,77.08367368302775
6422,46.20670737495991,12,233,.6658782665947474,.741937063329669,1,65.90348212263237
6423,47.81429479589933,13,36,.6052005479213555,.3935569646448083,1,69.8439653046205
6424,49.89678843502023,8,138,.5177446906734429,.4506389978335493,1,72.54505311461973
6425,40.73367622030614,12,133,.6642362735957655,.5764807609712732,1,72.97022838649333
6426,44.78678090076379,15,76,.4164511975572991,.458279285635292,1,68.417286983008
6427,42.94570849416693,14,234,.6542468994797828,.4581544720339551,0,82.49596319457744
6428,42.84919140367928,15,232,.2970736781326206,.3834801678213233,0,76.91673023998896
6429,35.07301138257432,10,31,.5985651313447257,.3376897938075866,0,71.73922502657082
6430,44.47927080174585,12,282,.5827294149082141,.582672080575211,0,74.60747090872799
6431,36.11954404570943,15,92,.3348683869252082,.2909463958871358,0,80.07615368422512
6432,44.12589597832458,12,46,.4798970987733133,.3712331242197831,1,70.31727563365305
6433,37.15575615419964,12,216,.4551841634333169,.6212848659131326,1,66.11355277082164
6434,42.32883643326037,13,133,.4940137927572071,.5243708171314556,0,72.09159351239704
6435,35.50892922607585,15,66,.3597181931037294,.3975025735388888,1,67.736377612323
6436,49.81166472800878,16,43,.3077568768152123,.3215464112512498,0,70.17888627736269
6437,31.80148833040943,17,143,.3216496117202179,.365605770511052,0,78.17922576456247
6438,40.21431494176079,10,24,.4620926085610075,.5122798434773261,0,75.04918667584658
6439,26.64947789788364,15,134,.3749805077629444,.3440300667564098,0,73.99100400620524
6440,39.08427694466087,11,50,.5739993051640648,.4279702570599132,1,72.55293075590951
6441,37.30153085793757,10,112,.3891153853079461,.1482605698916014,1,69.15947212433598
6442,44.08749679976945,9,133,.3579852260651001,.4006363785980792,0,77.55028799170725
6443,47.06902298862636,8,47,.6370171836667798,.4306239604454302,0,68.891423904354
6444,46.89470348277444,12,87,.400130785500031,.4372283565270019,1,76.597029615485
6445,40.5209894100077,9,43,.588805149351558,.6065561861244646,0,68.78755299320069
6446,27.67101531669458,16,34,.3921249297619888,.3573716485582691,0,78.45189046232133
6447,43.36765436479042,13,106,.3932249362706489,.3770814409939317,0,74.77041608399861
6448,30.18883197086813,13,64,.5473124673053674,.6113852623358783,1,68.69831164985253
6449,31.29362972765492,11,178,.356113082702288,.4685097409564896,0,74.63958878553839
6450,43.02961884812758,11,51,.2593925450161453,.2535325761589414,0,69.13945892071014
6451,36.03205342812903,10,159,.52529233838671,.6587437163665474,1,78.40779978548744
6452,45.89396421317856,12,84,.4898501125907781,.6244614443885343,1,72.3482416252464
6453,38.72657868683129,12,231,.5044187755349751,.30890286942738,1,67.01272704051972
6454,42.81908951895548,14,53,.4120046296767342,.4893681268472014,0,75.25897342479959
6455,50.60992261505535,11,137,.5102350959994211,.4498220865753239,1,75.94703306309876
6456,39.05875781389171,12,145,.3033588467385941,.4240102707428122,1,69.75155496567515
6457,42.82016225956133,12,86,.4711247608612766,.3214360416945852,1,70.95105369858089
6458,38.88837584771336,14,43,.4072854817731835,.5996023382495712,0,71.21516279538386
6459,46.29887090924363,11,64,.4796620182742524,.411947094857188,0,72.14073948555099
6460,36.1654653151317,10,44,.5805762706113916,.6136690217399604,1,71.72989775738282
6461,50.46441790816458,12,63,.5604455784269564,.7092188719367454,1,76.1767969747433
6462,31.17819628719575,11,157,.1973712810819333,.0643323545395334,0,74.41986842854021
6463,33.11042374227327,18,76,.4536397749350253,.4591382103076506,1,73.35610316029855
6464,34.76237731908225,11,328,.3339679661258221,.2962500787188816,0,75.02694247092755
6465,37.0976032142996,14,111,.3823056669989756,.373062895389784,0,80.01317224667201
6466,44.59582144984688,12,50,.4259846554002436,.4305430313764449,0,80.35171724242082
6467,27.58611524624227,10,69,.5905470878921216,.589341383300079,0,80.42922128011134
6468,42.68287619017849,15,265,.2787527487373311,.2024131023702446,0,71.9368840409342
6469,37.32896514912765,12,68,.621684715430837,.7902499242784735,1,73.34506621022618
6470,37.9822536724235,14,200,.4176337264541499,.516776249529008,1,74.35566394731403
6471,53.18122041336088,12,133,.6579584228757345,.6306489481528524,0,78.16446205084414
6472,38.75294324305622,12,161,.3942447174318935,.5371915330683983,1,60.38809454305117
6473,46.5119567756271,11,69,.4434149133273792,.4694609716504944,1,71.01641379334606
6474,47.09528124583432,12,23,.3614523546750755,.4158157730415419,1,65.81733753712898
6475,42.566943963897,11,56,.4174546405392009,.1881458840616982,1,70.63559347847151
6476,32.49841338408132,10,58,.4690941232975918,.3910006705932226,1,65.85264768948912
6477,51.27165489569169,14,23,.279133524869954,.2050306764707498,0,73.90844507691814
6478,40.63224096965869,14,88,.512836029938685,.3686163637579825,0,74.68104163268872
6479,41.0071446567141,13,255,.4829672240477227,.512881727465843,0,76.20606139596393
6480,44.1199273069928,12,190,.4835085637992876,.4521037135184428,1,73.43103166051415
6481,29.14746385825522,12,80,.5646820886845645,.4857405256892501,0,79.56819554433535
6482,32.54752317676525,8,79,.339029631347127,.329983252564895,1,73.43853710073348
6483,39.45581341731655,9,53,.4579846462197064,.6065354578444812,1,71.83876094798576
6484,46.31320814306597,12,130,.5190285060861224,.6120247492763425,1,68.36855121678853
6485,37.00735747903114,10,70,.4083827789055002,.6124426915265673,0,80.27917170242561
6486,31.94980541592201,15,81,.3957503357125083,.1654051307008524,0,75.68192865674393
6487,35.65271815193541,16,100,.4388073956558959,.0646448248987778,0,70.23126968399245
6488,34.57494798652407,14,146,.3971580982715408,.4322874333086263,1,72.75030238087754
6489,44.6005680958268,11,58,.4314786696463432,.2533519916416132,0,76.27740651098317
6490,44.41006760193677,12,79,.3538267475644994,.1896405844533525,1,73.977657296126
6491,40.20780670685438,15,452,.5357328507719299,.3325430591635677,0,78.28311724140167
6492,41.18384010513427,16,59,.5796091313244075,.454310819106053,1,73.72222041079428
6493,32.66856193057367,7,25,.2717600065260346,.3682575895585213,1,69.11729179952556
6494,43.31139548697513,8,116,.6834456584595948,.7666882578497206,0,71.04514635764788
6495,32.75439056015509,13,82,.2940000502259925,.3077688811118637,1,68.17598974383317
6496,33.03089192237671,9,58,.4372559554852664,.5289436000606399,0,66.09760227870983
6497,35.19761156293513,12,74,.4919382250463438,.5687562762331171,0,69.77047882324682
6498,41.64823683199834,11,88,.4106332823171621,.2787588443707761,0,79.41041933498484
6499,39.02968658046734,13,103,.2490860401582379,.2549890268481463,0,77.36926667302906
6500,32.29478722768114,13,116,.5338793455247629,.4725545513310289,0,71.63417675656505
6501,40.88053290733207,16,257,.6833358062989047,.6055786042035235,1,74.92419124205186
6502,33.40494633734165,9,102,.2568698352722395,.4649928983635606,0,75.05377063102632
6503,42.71915462494023,9,57,.6398056596117904,.5404548370195909,0,74.41102334488727
6504,34.877935568186,15,182,.2716332714628881,.5114411089527073,1,69.20822406409307
6505,37.3304672857352,14,80,.6517514883332788,.6974318463453334,1,63.87968561530443
6506,41.03512509410804,8,88,.4645506071157416,.3843023064953854,0,69.13073257959853
6507,33.90170440974632,15,43,.5008299115987941,.5294430907015204,1,72.57271209297672
6508,41.60817762914237,17,39,.6763339320833545,.4146897776754304,0,74.15179710086424
6509,37.44770155896,14,77,.5716147121690967,.7523869766316633,1,74.97722305125816
6510,40.73609702314498,13,137,.5537514062101034,.5223431131978447,0,72.14612253607288
6511,40.42625485459813,15,61,.4111630090543973,.666740093369721,1,78.77283686252358
6512,33.59969717042941,8,131,.4774297549371996,.7013660573315644,0,68.00437492696162
6513,39.0376119894669,11,313,.4673775687355923,.3929193670813349,0,70.17343404027676
6514,33.34334558578024,9,107,.4647847719872928,.4432206045732836,0,77.4962025715687
6515,38.00577430464197,12,125,.5902559530206953,.5325878186989187,0,66.07471651823226
6516,48.60766363501425,14,54,.290663094320003,.3227809985426454,0,72.65210818608631
6517,39.38227511951617,16,272,.3836406872985532,.3967956851387398,0,75.40424510170803
6518,38.08518195791201,14,291,.2082411981133103,.1762327427289821,0,77.8094418007455
6519,35.0982546562263,9,62,.3729674425060275,.2991700372761492,0,69.97242486074543
6520,46.21713359298052,9,55,.555751149640949,.7483822834343162,1,65.53362211128452
6521,45.04934116449877,11,142,.7674772235596409,.5664249223396371,0,69.99017042907975
6522,45.50856638841408,10,52,.5392021674922682,.5265345167570802,1,72.85949668557586
6523,44.82717273103569,11,116,.4444529514959507,.2378154740536014,0,75.66649120384523
6524,34.89653328157359,11,42,.695930766087333,.7373827215085834,0,66.99973315817121
6525,42.03209926722715,14,128,.3905492906464923,.3897293524127377,1,69.95008649275874
6526,35.34659801564512,10,54,.4455173221448882,.3706944308294924,1,70.63787394401278
6527,25.4949963156167,11,191,.4865727652582195,.3271019071431751,0,67.72188387669236
6528,44.35702104426377,12,87,.3771571301698489,.1762090804589823,0,71.28488345074723
6529,39.95607001285791,10,72,.5283415146971877,.4805280366380056,0,71.23076550250001
6530,39.99044465425499,10,67,.5769362517024088,.306919464416514,1,72.479214377426
6531,44.12237739702206,13,89,.4045417540351895,.4419640400593592,0,75.16829799697048
6532,39.351439090788,14,138,.3795470756162495,.4128766315723158,0,74.35931795111796
6533,31.80541248216419,10,44,.3860360419164194,.23729521363022,0,70.74132673404642
6534,42.36660303411873,15,235,.4946863709240898,.3432936386516277,0,77.87534139654403
6535,35.61303354941998,19,113,.4397631136555288,.5103771466375481,0,75.6682506528899
6536,38.26308847417621,16,42,.4250445930749307,.0805450137392943,1,75.87741650617133
6537,44.10080287723579,15,70,.3398033748771997,.3447443800559608,0,76.625635069906
6538,45.51076770465238,13,80,.2733056319959224,.3725848963642317,1,70.95666192707101
6539,39.69356852242962,10,90,.3890533427352473,.427733098822904,0,74.84190448165344
6540,37.41622935979834,11,126,.3225414076819842,.02,0,82.20277803870198
6541,46.60370602012439,16,171,.3469773344838062,.2455157472543082,0,73.80292508280894
6542,28.5852152269998,14,90,.6050044361639031,.6349157543082371,1,72.14372137848659
6543,37.92393183577462,8,64,.3983911061644167,.302089860821927,0,71.05622108665713
6544,48.18976053622471,13,65,.2390309385573848,.3695306088035809,0,70.59696793429816
6545,31.51182391958676,12,56,.5809363352067959,.7579963267380312,1,65.4264904888919
6546,41.65775493870134,13,93,.5858083776602055,.5430617091777752,1,78.47443982854955
6547,36.6841912866412,15,38,.6570779344398248,.92760085704808,1,72.83742229165173
6548,43.93157942053944,14,153,.3699549819983354,.5548119897218625,1,76.1316443914681
6549,44.42223554948207,12,275,.4335296265300068,.5633968574131238,1,81.43210063835689
6550,46.89655712196146,12,60,.2806370347989674,.233211230923593,1,77.22210093101248
6551,44.09809723088411,13,64,.3031269966184679,.1741800409459091,0,79.63042625690123
6552,34.09175909752078,9,90,.3468361576750517,.4164144418610331,1,71.04295710954312
6553,29.79785058947694,11,58,.4047582539583732,.6379827706671516,0,75.82448823967512
6554,46.11814452229284,13,405,.3678111111544102,.5368169105418993,1,66.86178909463315
6555,34.60745391546879,11,123,.4246339728321527,.6128650055560311,1,73.99002450282259
6556,34.1582451884185,14,32,.3529782273009421,.1199332608179747,1,69.94655198166519
6557,33.60292664662318,8,46,.1175505231912241,.02,0,73.40463403484519
6558,36.13329896602139,13,36,.3610818860331346,.3259106266593518,1,67.32779746524182
6559,38.8150696342916,11,159,.4125096591844321,.4936073152827621,1,71.77704666126203
6560,44.88668023725976,15,167,.3656993938524351,.5063177852414686,0,73.27830027077204
6561,39.41307759581064,13,171,.6018512773798922,.6160133859086153,1,77.89479029367972
6562,35.74969072643381,12,112,.499118390481858,.6909015137987076,0,71.54331873856512
6563,35.59646913606556,13,53,.4186598033350915,.1814818976917658,1,68.18336332155931
6564,41.24115068659354,12,50,.3860881970114686,.6302927159945799,1,65.30687959148175
6565,35.34086260663639,15,123,.6476360235799601,.766970138222792,1,78.75963320689793
6566,39.75169975657636,11,94,.4505917750871047,.7182889795894447,0,72.74058624430235
6567,39.39440112855763,14,252,.340363864112146,.18455267218877,0,79.19529873780864
6568,33.85462226599397,12,183,.5408226253228708,.321191611570994,0,69.87609964128777
6569,24.63548760153737,12,254,.6201244775531783,.6116223863367503,0,76.62896787721989
6570,43.20701323704346,14,83,.5123947500288893,.2866628953464483,0,74.6434661056384
6571,40.37245974525958,14,197,.3599404050346404,.1366758672758487,0,78.11616248439884
6572,38.40518780158763,14,69,.3061363841177525,.2882979549581745,1,66.94099013947313
6573,31.20465848690558,12,39,.5418730934958015,.4052932208662398,0,77.27586271909092
6574,32.30909892222562,16,199,.4758177375587507,.6431518114978078,1,69.55742976434033
6575,45.0707929501208,13,129,.6675003699998708,.7433025537376243,1,73.4104089782505
6576,35.72925253587628,15,113,.1293482736756071,.02,0,73.69032688403175
6577,34.28182119466368,9,49,.4234147552181133,.2432061090173158,0,77.67398103524204
6578,39.15083400510019,12,94,.3540305834973111,.3764064456162934,1,72.78690260051057
6579,41.52745738700611,17,52,.4237651624606985,.6944356509387244,0,80.79942313129493
6580,37.34053346668725,16,170,.3464511300593064,.4212103681214609,1,71.27522959607415
6581,43.83983101978632,13,142,.2791212559438991,.221252616144698,0,77.84368417410587
6582,40.42137933682025,14,107,.5127647420228643,.6471754884913331,1,68.85807091042253
6583,33.69675930868168,10,137,.3817208301250002,.6683734998928936,0,71.00418070646138
6584,41.42717894770263,11,21,.6001691137753526,.5025542298205796,1,71.37785481750086
6585,28.14296962600697,10,136,.3812664909992557,.4173457532910636,1,74.70214527227259
6586,47.21569814608212,16,516,.5097159782657024,.3298686328562362,0,72.47928217565764
6587,36.11333453327826,12,74,.2998018046475346,.2382720304167074,0,75.86770350472294
6588,41.06754058905611,17,141,.6160211136384712,.2553675326947576,0,72.78350078929152
6589,36.36767184591649,8,254,.2211726180376982,.3542695052827584,1,73.75545986088832
6590,39.92316336145226,14,61,.4636557243634817,.4017917798854349,0,75.92209182710826
6591,47.6103564014152,11,88,.6828459862222453,.757980896532876,1,68.2477812478969
6592,39.835514945566,12,631,.6682513225223616,.6127734227425662,1,64.41434243315562
6593,40.96954355892045,18,49,.3204728964538056,.02,0,76.72616776074373
6594,42.63522684461616,14,36,.1880050872708315,.2475209939191226,0,79.43569113566747
6595,49.24278835918832,14,75,.5040139354795169,.6793534340649942,0,77.90173068609792
6596,37.5244686461928,12,68,.3714486983757812,.5029820208125281,0,79.12907167010113
6597,38.83223715864028,13,38,.3978709517375976,.2956729715093721,0,74.57773351195944
6598,38.09719963612868,10,272,.1925775315561638,.3293394512309811,1,72.60804740682518
6599,39.38782625689716,16,213,.4045715168872447,.5202108809821502,1,68.33585650702578
6600,44.11916517289306,13,56,.4987860057484959,.6557210576593029,0,73.74631412287479
6601,34.18004831923641,11,31,.3543625617888467,.4179719182445043,1,68.10864841871469
6602,42.28536484398681,9,87,.5745558225372794,.7536513216638926,1,67.58550164956554
6603,46.42299820845189,13,71,.6538617610842463,.618636209251169,0,77.05490204844304
6604,35.96609798482439,9,38,.226325748331399,.2945548476980505,1,73.81178257599559
6605,42.16528132080681,8,200,.1790106379929942,.0889322733302445,0,75.75657449501813
6606,40.98275696896436,13,89,.588135812851333,.7209765352329589,0,75.71598862152295
6607,44.508039142131,12,54,.4169147021067652,.481385626303214,0,77.05284246563144
6608,32.96698719104719,11,79,.340425606792141,.252756351125051,0,72.90152862119491
6609,37.66048500983443,14,169,.4812655560666577,.5513848926687716,1,76.34159767550256
6610,52.69906119737613,13,82,.4297544153042098,.5113401488956367,1,67.11404752578976
6611,46.2712950358526,9,35,.6256125017193748,.6885759050128033,1,72.04508212242365
6612,44.1582093516467,16,55,.3175416196329413,.3409768774751312,0,72.36514603425185
6613,46.10946741432312,8,70,.4306594605987396,.5397812720632237,0,73.51023663172769
6614,35.65521436175253,9,59,.3561513578546471,.2199832338728045,0,76.53196263590493
6615,31.74382077675087,7,184,.2777280925952504,.0674948135201044,0,76.37855978549538
6616,31.85976766104888,14,32,.4383764889297684,.4812624552261472,0,79.05800721085163
6617,33.99577590293501,14,64,.2675735452650153,.1416882617983128,0,78.98497279618726
6618,44.20449133013703,13,101,.3144433197742811,.1698308167136675,1,69.55089499972567
6619,41.34495951895532,9,85,.5353954009398233,.7019262613481763,1,71.41139051324629
6620,42.34722561848677,12,189,.6614679664256999,.4656036686399534,1,71.01479554456591
6621,30.96135074716673,12,92,.4436215239693776,.244499040813729,1,64.99252093313399
6622,44.59548061589865,15,75,.4513937885721196,.3871565010445853,0,74.64157296147935
6623,43.30332706446641,10,139,.5104363100446973,.2514146169352353,1,67.64979038307993
6624,34.1353272932206,8,27,.6219846395002109,.5286705874918868,1,67.81563425461043
6625,34.88870176154075,9,51,.4354422297152586,.5326739358469181,1,68.74715047167417
6626,46.17599978998031,13,353,.4170155425023323,.280329532695123,0,67.48045664884603
6627,40.70995072123949,9,72,.4605640442041927,.5177070806299516,1,69.03042334791628
6628,46.48259423507,12,77,.471590127645737,.37498419524371,1,69.77654623351972
6629,38.26215818296647,12,165,.5394827660126902,.6311134382875239,0,76.47025567032507
6630,36.99670540849291,7,62,.332071228666904,.3433406514554804,1,68.9627159148603
6631,28.85704702198278,14,302,.4354846544364413,.468495015879946,1,67.7282684116423
6632,39.00682769383155,12,25,.5288513648472176,.7307703944040598,1,69.13019616143177
6633,45.87733013837763,16,44,.4574641231735959,.5412762092050583,1,73.67224293418909
6634,39.69720624024919,12,219,.2914432625833996,.3452166541679003,0,75.62295712615344
6635,45.38483170862877,17,146,.3445565688080539,.395023505058544,0,77.8402939110801
6636,50.13614336667858,14,65,.3605295325179642,.4266316777308765,1,73.65935857917547
6637,45.36256589677477,13,148,.4370859024448627,.5848043579211463,1,74.01478005096703
6638,45.68770301927312,13,100,.4493959981307662,.8032777324434702,0,70.55683699522619
6639,35.09872089664032,13,212,.6730299520044544,.6234534546740341,1,76.81758534616191
6640,39.49634994464406,9,87,.4334626746516109,.4064523758535629,1,63.91433165318858
6641,40.28903547019772,7,66,.430229561821418,.494753902187165,1,64.170290618956
6642,37.148308423672,14,51,.5369616121995597,.4200406018555665,0,68.08316077240758
6643,30.85317825452928,17,23,.4618505798163631,.373451203810156,0,77.28382175775111
6644,46.35263588904159,12,48,.5890160521000158,.5364651814806951,1,71.48831568862364
6645,40.23384300531303,15,89,.4362915884618133,.5608201412103797,0,74.77846241260443
6646,33.17210789126423,12,147,.5605352052331908,.6490443297262232,1,68.86263604555889
6647,25.62311896521767,9,49,.3088615765516333,.3662217399374639,1,72.61555265002808
6648,44.34810964082895,12,36,.3381658461020804,.324154755820813,0,75.65165270876585
6649,54.06847048347876,12,77,.6255543852257885,.6367875667319938,0,77.26450071435761
6650,49.4384742726951,13,165,.2579341746118418,.4450601877079429,1,71.76242064509815
6651,51.73753280520796,13,185,.5651945063028602,.7042825094725093,1,68.38448795030361
6652,44.57972899688309,16,85,.3327672288612126,.2244820161476314,0,71.1716260264491
6653,40.15423585000051,15,90,.5887707164580538,.6181645297979047,0,77.98785696122764
6654,37.48227962831139,6,45,.3118438324878416,.2485918041579851,1,66.30275548926218
6655,41.49120051245283,14,60,.4377421253214069,.3011102469171897,1,67.23793810392749
6656,41.00538419378226,18,362,.3573533911440357,.5860809153291844,0,77.62213042366845
6657,39.96699073132725,10,209,.2725991977872687,.5401515686141254,1,68.23623607095601
6658,41.495424061222,15,273,.4864964645285777,.3301898449363465,1,74.62741526908049
6659,40.34695566424634,14,88,.3095587632155322,.5379622569994802,0,77.26008962560375
6660,45.60288171856801,16,154,.449612368089172,.2437353448855825,0,79.74096823547846
6661,46.44088106661637,10,21,.5565126952817911,.674802624386617,0,76.79419697446323
6662,28.52379094608656,14,61,.4293669700678588,.3485445337230508,0,82.82197829834374
6663,47.03523463909076,8,89,.4777484404096374,.3787538980188838,0,73.17178835654025
6664,33.42689845198639,9,98,.5499986566274542,.4061794736941502,0,75.83899103256915
6665,34.95304860188924,11,239,.2754353986609032,.3299951022307042,0,76.04568417882366
6666,48.69804525262573,9,146,.7192295180631354,.7103077840707763,1,69.00294764142369
6667,38.18531115773389,13,37,.1839544887045491,.2762142049904175,0,72.68430769594558
6668,55.58757483546736,12,330,.5209691507179393,.4994928281968276,0,76.08167947784837
6669,42.1478263615988,9,32,.2751721195478068,.3192408993317124,0,72.46625402183027
6670,44.67313489399233,9,133,.5573280795980329,.6187304901038777,0,73.48413114900498
6671,39.41322271366187,10,112,.528598771233201,.2300034778739545,1,68.58477587228741
6672,34.96621344543507,11,125,.5128699870372643,.5630303274631855,0,74.31665872869171
6673,39.20442951027239,13,130,.2881840665223311,.3648368042800488,1,69.7438447037143
6674,42.1412455588961,13,65,.6137669212355785,.3893056745603901,1,69.67403274225698
6675,42.45490044066641,11,27,.2726061552832924,.0517763265942018,0,72.72541170785266
6676,33.81782204997257,12,83,.6447322897382525,.6916516131573338,1,71.59763880810799
6677,48.30433259079122,13,29,.5588023831112703,.4372859417879741,1,68.69166171011845
6678,53.20641322180042,13,55,.3930455506190121,.101282359804754,1,72.08168279267655
6679,35.40748832231261,12,60,.7141444923835364,.7911212756695247,1,72.64796037808308
6680,45.32680134814438,9,36,.190698074564403,.1382908491995053,0,73.81474258552724
6681,44.31905573353502,11,128,.3802852929191758,.4557901899058466,0,74.84866555743746
6682,47.01381750893196,11,57,.3315487935273329,.4646071269261815,1,71.41032967171269
6683,45.95974802002712,11,137,.6373355640108338,.7491169600230253,1,69.50627242450395
6684,45.87349424821956,13,62,.5360284084927638,.6221962480327086,1,67.5584129614969
6685,41.89043074617673,9,136,.5748438317802543,.4778581782078848,1,74.48927825471176
6686,43.6775528638965,11,46,.3954073925155666,.5348361929887726,1,64.69845648403968
6687,26.05935963015963,13,138,.4017751273762153,.4216970872140252,0,68.38070013117678
6688,44.21430553533115,12,475,.3703499573039714,.424784525930316,1,66.58944900930568
6689,37.67128792066029,12,67,.2550647319653152,.1210640351292033,0,75.82350240066933
6690,37.20450864993586,15,104,.4263061407078845,.782159375125715,1,75.15759083286729
6691,22.81846119534888,11,81,.406237277827607,.2564713028298966,0,78.04056527116282
6692,49.90164913052807,8,59,.4415996233536057,.3314350717425837,0,72.82053261466017
6693,37.77374047292697,10,12,.4665204486130879,.5520815733774918,0,75.58978491209842
6694,39.70823513868633,17,116,.4947554371072393,.4778209502556809,1,72.0331467429081
6695,43.52568692530431,13,179,.5709272830844957,.3564286115623615,0,71.42962844806178
6696,44.25422455973037,16,43,.4373677798194631,.6125964358085583,0,76.65397250803049
6697,31.39381257160652,11,109,.4998175980489983,.5090473411854499,0,83.31185835302888
6698,40.84128918002449,14,100,.4642699230931582,.2617447702615897,0,72.68777219627543
6699,38.6649387284679,14,72,.1384107864338269,.02,0,70.1876302880904
6700,39.06759597649881,11,178,.553632014825933,.6076709185046087,0,70.78919458030329
6701,36.20916123658729,11,89,.425803474271108,.6188309270414591,1,73.56430716892459
6702,37.93567920271763,11,42,.4317596038051626,.4859823750193978,0,70.95075939097985
6703,39.58483962651113,12,122,.3188571630916849,.3246997984547882,0,74.65492653027357
6704,50.09470100929622,12,86,.5830210987568095,.6846403089056596,1,64.78807063604121
6705,38.56740738613517,12,58,.5216492994616972,.3930857497442554,1,71.88570214249333
6706,46.04584992772805,11,33,.7331461469639567,.7628773891617586,1,75.44499352174476
6707,40.44789581220561,13,151,.5175619013063291,.544215819461494,1,69.44413812769422
6708,33.41973555963919,15,364,.5660761254203742,.2887509084334587,0,71.91537712503931
6709,32.95343712053015,9,101,.7100435414542323,.7064158554968675,1,70.15892812175629
6710,28.21326426575695,15,88,.5349092084194368,.8091222215109275,0,73.47445993648988
6711,43.50536602756135,11,147,.2630007166356054,.02,0,67.67203002543515
6712,48.73343326114299,15,184,.3426060101282927,.0893319685599676,0,73.31446465691685
6713,33.25541523758351,13,25,.5679836833812589,.4489996203841994,0,73.59916128049426
6714,36.9255578303515,12,110,.4378566879178388,.359358044867473,0,70.42434986458638
6715,46.14880946438804,14,186,.2286979125896522,.0483404462744169,0,72.14020976262655
6716,40.49148807525015,15,54,.1312878673473425,.1412436394018415,1,72.01582240087308
6717,27.34621807539294,12,199,.5893482332977382,.7164509278148452,1,70.1412267559373
6718,35.88922427096617,17,197,.3376807624389699,.5790044677844089,1,74.21687127784122
6719,38.93968953390188,10,135,.3356169794575209,.2640435522913287,0,69.88314118167848
6720,36.70457583301711,11,139,.4383935158901151,.7664924917302365,1,72.90015207426913
6721,37.12334632671634,8,64,.3320595144236826,.4422394705549718,1,76.86307149949394
6722,30.64008422112007,12,107,.3431062628447656,.2322534406124078,0,71.60816072592111
6723,36.80341626711397,16,274,.338086106410349,.4570934616002206,0,80.5094327268006
6724,28.51953725105157,12,41,.3478367051702843,.4533986110783393,0,81.66810634451676
6725,47.72006527062641,14,97,.2487114707511115,.02,0,71.34919409745235
6726,50.04224502557405,14,224,.3190269849939933,.5072531503528361,1,71.11695099113915
6727,44.01734773145334,12,15,.3734568506863948,.3542075978790546,0,66.25471048595149
6728,38.9720024872343,14,179,.2994046690099247,.1022491323138865,1,64.08471467467413
6729,50.95409703351316,13,24,.2957939498823378,.2480269258634483,0,69.98250258343835
6730,47.11014777547918,14,37,.4366689254132985,.3853547906785814,1,75.06730234515739
6731,46.84533573140828,13,54,.3568109494927705,.2996634957099673,1,72.30132210201626
6732,47.80613148844243,10,56,.4414831071470443,.7829199348819313,0,74.75398778148981
6733,39.34023368903622,12,72,.390148193489143,.3821589456210385,0,72.90634674163107
6734,37.90684993590543,15,95,.3806163790606734,.2039823353123381,0,73.24993911968032
6735,32.25187219514476,15,114,.6014019210960364,.7306533586910349,1,72.71676400021619
6736,35.47434008723221,8,30,.5330222824936985,.5196556496032974,1,66.47501913093527
6737,33.54910301086839,15,61,.3226135775517966,.3253675334162983,0,77.0423311632468
6738,35.69107275900138,8,90,.1995436110465152,.02,0,69.59880004739782
6739,37.06196629900619,13,120,.5029865277534339,.6462980227742883,0,77.10182477349264
6740,38.48899904547336,13,44,.2285689220083257,.2168444212288921,1,67.51489284358348
6741,30.02741471067948,11,225,.4151216510267796,.3193497210502966,0,73.69338594944625
6742,45.97601509419844,15,171,.5770775482800614,.40738366384408,1,71.42559497285478
6743,40.5504458962093,14,74,.4935883412063705,.5513006008903047,0,73.97700525154448
6744,31.05988140866923,11,90,.4823454317512602,.5544237540653587,0,81.1994426296642
6745,50.02519052155705,13,38,.5005718138478504,.3329019756798954,0,76.25978793197656
6746,47.43872854988631,14,138,.4899659904452122,.439872376214135,1,71.09152793746092
6747,34.36682987719522,14,78,.5929538348532335,.610275180839399,0,73.2498913178791
6748,45.5095322986249,12,27,.5335853510776191,.6112963769692068,1,67.5220302528773
6749,38.20006612691265,12,56,.5834527035410262,.7841244181423845,0,74.73309800197356
6750,51.4436072116463,14,196,.40438210194604,.4534259315924823,0,75.07634997633963
6751,42.73457611041494,11,54,.6349754613353396,.6817336475402178,1,75.79219497265669
6752,33.10509976925475,10,205,.3591665274797711,.3081821229295615,0,72.92616110748328
6753,43.49525656530372,8,65,.4135378929650634,.2524109309818316,0,70.02851670615617
6754,42.54465788891897,13,148,.5076909513965576,.5294773801330238,0,67.91898162707507
6755,34.81690715779566,13,141,.258002351767546,.1807891867565412,0,77.55985851374169
6756,33.13049581674223,11,146,.4890709344369961,.3269691444774579,1,76.73425147021084
6757,33.21734843423878,11,199,.4459294077930874,.5079357318062067,1,72.17368361481508
6758,43.21682061328155,12,95,.4657258864712656,.3388236456951855,0,74.85427025348235
6759,37.66788228315446,12,64,.6082339168723605,.5512641773630286,0,75.06025002590367
6760,41.81264153537198,14,80,.4158434865256797,.3585197583665043,1,69.48949310786611
6761,39.65038416388858,13,38,.597963784412283,.6839076009121303,1,62.36389216869924
6762,44.29485117605546,11,322,.5184916101911218,.4462084112690078,1,68.47731189062097
6763,51.79677834493753,15,28,.5535109183602992,.4254117152654068,1,70.80097055913834
6764,36.83631088051921,14,182,.5601479105883977,.4797202650239784,0,83.41018509734656
6765,24.10053139125772,10,127,.4756624754122255,.574521445540449,1,69.46484763654595
6766,31.32004414962277,14,24,.3798385002627385,.3794287535941952,1,73.02531482558592
6767,46.25468356183165,12,103,.4218079684411459,.4137618162432551,1,71.17238427605498
6768,43.90374564373348,10,172,.4371906798268553,.638980583783064,0,68.04507431908812
6769,45.30191392030398,14,60,.5199665572554331,.6905275803104818,1,70.44176519472288
6770,44.33215062215653,6,70,.5820349368761946,.5630572238276864,1,68.53421847983964
6771,30.87600665658834,10,64,.0877996717824894,.2353479273515111,0,75.86492962793272
6772,49.79997532469571,13,30,.3517686521016713,.2622085070365347,0,73.41435790885522
6773,39.62354726943328,11,117,.4518338728238049,.3012067627754362,1,69.78322771188108
6774,50.71145798336595,11,71,.3007558203980695,.1583218032717575,1,70.97480286772766
6775,30.22131196965184,12,41,.4602513254633812,.354875481990716,1,68.10065869006625
6776,49.95015741055572,10,51,.4430498925593573,.3572615073216898,0,70.75592267478599
6777,50.55947644395364,13,60,.5036344390406583,.6243194754991201,1,63.66361492887074
6778,52.46698678212313,13,90,.3055026934993837,.3350077637209543,0,71.45670193878429
6779,43.07299581009588,10,14,.4000632345727498,.0562479920967519,0,74.55823441197674
6780,47.90716629861573,12,173,.4242822907632713,.5087607704363835,1,73.21549077419839
6781,30.2587358838205,14,113,.4840071360485884,.2957917990976924,0,72.94469888517727
6782,41.38316331284199,12,34,.5594584828619628,.4383813100344012,0,74.33930086816669
6783,41.54610849396634,13,171,.4465256206009731,.5878653783094072,1,72.79759090070986
6784,42.267804654077,10,30,.5689346942806446,.6198140137559448,1,71.58968128448861
6785,32.40958516037101,13,44,.5468160612470121,.5548745537743964,1,73.09023389421344
6786,34.14355289788243,11,180,.2931164066947975,.5459716173392193,0,74.19563554852905
6787,45.55689332569287,10,81,.4828358735366133,.530152894950453,1,71.32750462712319
6788,47.41137981982229,11,40,.3468717767966963,.1971227951794168,0,69.41429276632067
6789,34.63988570315952,10,101,.5159356086520867,.3798100268021449,0,76.1689161197631
6790,53.4502580132319,12,75,.5907540790416033,.5168147522005825,1,71.41715157872216
6791,46.05835905098961,17,68,.4098385987272445,.4568218418466835,0,74.03836954248031
6792,48.62907347043479,12,42,.6158131135125831,.7768328989137844,1,72.21444288894887
6793,34.05704255290441,13,146,.4448414833178368,.408381483039137,1,70.78285198321089
6794,36.05575293885297,9,113,.4044021751862487,.4822331404151101,0,71.01667701492779
6795,40.45186548724497,15,54,.6092009433646283,.6414918917474187,1,69.99765628555565
6796,33.72673979866406,8,51,.5496045930364407,.5082309678284136,0,75.75792220896496
6797,40.06006637056846,11,21,.4964939267962583,.6066919064500891,0,76.38158899778841
6798,29.45445211531892,11,83,.3796859538033034,.5622732703132642,0,76.88459854655163
6799,32.30650019320856,15,221,.2230713736123284,.1057809699749712,0,73.27893658599038
6800,41.78085372253386,11,206,.4136300925615343,.4027620058210697,1,74.51935180542236
6801,41.54066302449222,13,337,.350816803765325,.2478546771567645,0,78.04499574339987
6802,37.75856490286476,13,9,.6765627576555221,.8381469997166666,1,68.88209136177653
6803,37.15249441798053,12,161,.4343635526392779,.4745397470878654,0,68.20358980053734
6804,49.08139819226236,12,71,.2787625873520543,.2313789207102898,0,74.59473401632421
6805,36.98746092493134,9,15,.4744197500286373,.6763706110057285,1,74.31088767081671
6806,52.67236282050055,14,133,.3951467720434012,.2010756192906441,0,75.04394670782835
6807,31.99300174987789,12,102,.2015418675617123,.02,1,67.15924382811113
6808,38.54058925288195,11,160,.4100888822652589,.2297164633596894,1,67.98465212542419
6809,29.19567452064494,6,76,.3627149505139396,.3783526810140128,1,67.88139923696379
6810,45.97226308346832,15,104,.456969401119608,.2383481242770004,0,69.56228888811199
6811,41.26883022166482,12,57,.4707647505863459,.4310799320458916,0,72.49285153762823
6812,53.32566467061068,14,92,.3494122566628236,.350942299390457,1,66.60019800774607
6813,42.37580780538831,12,165,.5926311603960313,.8225337298154769,1,70.44993284909923
6814,47.05184909844644,11,125,.375049471582403,.1587813330577227,0,76.63446070806033
6815,39.92110586766004,10,180,.3215537825940276,.2451856257364565,0,69.99922999191961
6816,40.46599360271421,20,61,.4574654456077294,.4104359104730402,0,74.46663034625783
6817,37.13761289878651,14,204,.6203425172255472,.634132820976514,0,75.99454564733648
6818,37.40508638031876,9,37,.7350928600004558,.8861788613273435,1,73.19618279323339
6819,44.32630013429316,14,52,.4172490664435901,.3794566878579649,1,77.65560814248377
6820,44.73292823810475,15,388,.6344815918016098,.4153903170556603,1,73.18281254586775
6821,37.35158431271565,10,27,.4459977287847093,.4635563054874696,1,68.67336143416534
6822,31.2780071771703,13,68,.3482117965529481,.0558558909377527,0,73.28097901792879
6823,43.95565886298938,11,545,.6058543375110611,.5255181803942,1,72.54390146356377
6824,42.47026840448899,10,96,.5345861343260211,.4941389512551724,1,69.0314586934073
6825,33.76857629501314,13,43,.474978671985075,.44416070247037,0,78.01760960575294
6826,38.05608639327588,11,86,.5819945099606533,.6970180773401172,1,72.57294817532802
6827,33.03487376234828,13,119,.1820636840654937,.0967588792157917,1,66.18605544272454
6828,44.49090440920352,12,45,.4056630261437542,.3775511864237761,1,72.62332674021752
6829,39.58264070373968,12,33,.3483848599940733,.3119701599563813,0,70.46365892781209
6830,39.79423395001513,11,76,.4419242634121467,.3723699201102079,0,74.91802200947205
6831,40.53604003861515,13,246,.5301209283716001,.5188707504660572,1,71.44337321006554
6832,44.14913090341413,12,89,.5954491450226299,.5935627969523642,0,77.55812642063596
6833,40.05615212876903,16,74,.7621798535261328,.8924797286075348,1,73.73047021092847
6834,38.8357198578615,12,13,.3186669412110524,.2822792324520384,0,80.81498631074739
6835,38.21721560764053,13,119,.2905692439474848,.02,0,70.81117469235386
6836,31.621648265488,15,36,.5240060528325432,.4070759394068428,0,70.35412413136716
6837,41.61224877265525,10,50,.5545464053728664,.3268073036597987,0,69.85702692321701
6838,40.51367644324539,12,293,.4414308225364001,.3816043267962922,0,73.42901490241353
6839,39.08602450462273,15,85,.5396751692262179,.5873677468397035,1,72.66612047213241
6840,40.25133846098038,12,130,.7079123444147212,.6574034631164276,0,78.40804777752136
6841,49.26805132597987,11,30,.4582251623794137,.5007929021519718,1,78.12632055338591
6842,38.72324217882626,11,182,.5240329841589282,.5492013539034579,1,66.21034852440296
6843,52.09403296053551,10,198,.4779013741910623,.3011784853266368,0,73.11498800880483
6844,44.62524702515785,10,114,.3035572884248529,.4573698680335928,1,73.81962760923193
6845,44.60167292067278,12,47,.4329332946629364,.383278325076923,0,72.1987712328424
6846,50.45560724889019,14,77,.5169994267980036,.6214249818941647,0,74.18789243678701
6847,32.75261831413215,12,71,.7982678320799278,.98,1,70.7486432130617
6848,38.57926889333242,14,87,.402809913921604,.501278480593512,0,70.39104274494719
6849,45.14098383576697,12,124,.4414388857208051,.3957306296246947,0,74.92655650682305
6850,42.59027776384887,11,128,.2604111408001957,.3591161499445385,0,76.10871989046197
6851,45.0437151660075,10,148,.4625321161691043,.5668996398996193,0,71.38479044613564
6852,28.54939190515337,11,350,.5686212392241299,.7811421624030954,1,68.71529296250708
6853,33.4174030979044,9,110,.4716198578938148,.4600701658743017,1,79.40509842697131
6854,49.23651603081454,13,39,.4531476126441819,.456186022326152,1,74.34559890343922
6855,32.33109984237901,11,187,.6434904868736169,.4389466007328584,1,65.11371921115702
6856,45.36758315996681,14,68,.6952416127324814,.5925348678019483,1,68.05646508617572
6857,30.49599914231129,13,52,.1973468781029309,.2766263986671535,0,69.91799657371412
6858,47.59228735322127,12,180,.6313537553294679,.4733054526654158,0,77.90553322181314
6859,37.34793131324703,11,58,.3195874291824012,.181094226506714,1,69.69776450019954
6860,37.46684879249543,11,96,.4717360343196456,.4379611386608596,1,65.82998576306643
6861,39.11587989157908,9,98,.4719716297528625,.3405237896482748,0,70.24126608448746
6862,31.19328747490064,11,147,.3929783237778564,.4222428682613436,0,74.61065523912478
6863,33.33553397961487,14,398,.496868028241523,.4209697995765714,0,73.66225965026868
6864,42.0873046032152,12,239,.5166798581606123,.5582926358879167,1,69.36480499592064
6865,45.4061943935091,10,209,.4609178737657094,.376315755420629,1,69.51062884168283
6866,38.40683877830204,9,11,.6230323411423456,.5624404628682775,0,74.73117795440412
6867,45.79897797674896,10,103,.4680381121403524,.403606493488824,1,71.54542522598598
6868,40.48024169050525,10,50,.389519953927612,.5501646386515385,0,73.80033119824638
6869,31.74986480735168,9,66,.5897639727905442,.400431620385415,1,67.92923434167
6870,49.02721091999189,9,94,.3759942747457709,.2211556124436813,1,64.09954123169209
6871,38.92278503640178,14,30,.4122009154810579,.3661136235384465,1,66.95279632436164
6872,37.77565854396318,8,133,.5813328406130985,.7261266436189139,1,70.91398245685942
6873,38.91810866044549,13,33,.4605496660264409,.5066432821158674,0,77.78403739505006
6874,29.93649023198067,11,57,.4230037450346693,.351425963923827,1,67.08490135788949
6875,41.79395954847858,11,63,.08,.1179110671351991,0,76.95576368910147
6876,34.74157956803457,16,69,.4281522181100119,.3380350393923841,0,77.36137955639762
6877,30.65104206846016,14,90,.5125148867764565,.4869538321054255,0,70.68440351482819
6878,34.30821727994806,11,173,.383402438369588,.282634422805178,0,70.70401270205761
6879,43.53932028205992,10,126,.4171697547365645,.6264559116636373,1,67.39518410829001
6880,44.20735876065815,11,34,.3235653363487105,.3332264813919243,0,77.86286445952373
6881,49.99164829104865,10,97,.4372281086750863,.491681894537252,1,67.78805862433541
6882,47.6902664951246,14,100,.4479101260752901,.302969123164095,0,71.49567355351506
6883,30.3289298127067,9,133,.4841655921476186,.6051766102958562,1,65.25641390185513
6884,36.46918232440475,12,60,.4046515814626507,.3462284903172566,0,73.02179741388831
6885,28.84376365656125,12,153,.4294836334479162,.6503830146253466,1,69.39893666959901
6886,40.30906958711357,12,30,.2910900200632948,.0726377062589527,0,74.45275558931681
6887,31.00567309595689,12,61,.3018405978925386,.4398510398330316,1,67.77835597306598
6888,41.9665434782538,12,90,.5682122601239998,.5611886703955639,1,70.8192710420026
6889,46.69455836979206,9,26,.4520146551644694,.4880355785459863,1,71.08873406007247
6890,29.40956123540333,7,24,.352330979889813,.2924215696263087,0,76.30266299681927
6891,38.20379803575643,15,101,.5540760214761216,.7107593571588375,0,72.90727918690132
6892,45.05639415642847,13,161,.4323702034646903,.3052653423586591,0,70.33629828921431
6893,45.14088675638453,8,67,.3417442251520167,.3824900692052332,0,74.20058997733473
6894,33.71160956577287,14,63,.456945418931435,.2741978361932694,0,71.98733449810869
6895,39.99518836739153,6,601,.7003238917844949,.8270547341519,1,73.48049989036822
6896,53.22035095475391,10,82,.5423193604974019,.4761839187831902,1,63.21800655337289
6897,47.2312982399815,16,87,.4639310151030857,.3453257483890311,0,73.46193665929803
6898,41.19270376356766,7,73,.5035460509363152,.514069667144152,1,69.16238356174539
6899,26.56308013497937,9,64,.555710022731438,.5300659365740589,0,72.90910208179652
6900,34.14621241033697,12,274,.4102870976381188,.3239898114407205,0,76.07534988121139
6901,42.09962828933643,13,110,.2773783848448987,.2099441297823011,0,79.39946747366116
6902,39.39077217660365,16,139,.4219021261635469,.3243563870205046,0,79.24283337036911
6903,39.69956066381678,11,115,.4263885148042368,.2599089711353862,0,70.77636199593601
6904,39.63460956166077,11,38,.2617671404768662,.096982708438983,1,73.90478427493488
6905,29.65457352995953,11,68,.5908168307073932,.6002827931387702,0,73.69661909882156
6906,37.43224901357337,16,134,.2271993295767077,.2340399494516947,0,74.55386185326375
6907,36.29464397198883,13,160,.4783846741420662,.6684435133458992,0,75.9638664039676
6908,40.28696175875119,13,28,.5666311601015308,.4313745524901718,0,76.48945394545592
6909,31.3024422577932,13,73,.4921119812118194,.3909380135662817,0,77.4437969246961
6910,30.41359234436198,15,171,.352118215879483,.2851972873244517,0,75.89140797586036
6911,34.57340957257692,11,67,.625332936294498,.3936977031088313,0,68.94094924423469
6912,31.00734929923608,11,64,.5754584975543898,.6932082631484455,1,74.30031087985165
6913,43.24370935611098,13,92,.5131849106329777,.6115429503877499,0,72.16794538707188
6914,42.47073851198955,8,20,.3159110201780019,.1865864500025751,0,77.68109485778538
6915,41.80335805808399,13,65,.3874744516422683,.1746141492822696,0,70.84996587823464
6916,40.38049408268478,13,219,.3683754059295943,.5775810172492898,1,71.32426529407232
6917,39.70220602619347,16,18,.6264099467462256,.7851858971742109,1,75.67311466216142
6918,58.70040763656109,12,161,.4423066787164918,.4038859426718679,0,81.92255685629635
6919,25.40256899831017,14,229,.4581492459160949,.6968105544920677,1,68.74795829712205
6920,42.83528132319233,7,39,.5035515706598556,.5685327581582208,1,68.82579650204947
6921,41.03795112728722,17,84,.4776230381184058,.2993648806094064,0,81.45756112625413
6922,29.23323472492362,16,99,.497612550282801,.7207469178506777,0,82.05557680423539
6923,36.90549314202774,15,58,.5673082560962353,.8371642698689119,1,75.29912047141453
6924,38.03870175505142,15,199,.3769633501242942,.4848913463762052,0,82.13159382687732
6925,37.46691742716715,11,111,.2456003779015973,.3394444587653374,1,65.97406616067988
6926,48.80608725052862,14,400,.3886623744241013,.5098766335684255,1,63.43232391598166
6927,40.81237553209506,13,60,.3467609078223948,.2907968554581037,1,71.4430444166357
6928,44.18315001295488,15,27,.3742862094507691,.2065270320417826,0,78.58875380600705
6929,36.49445853724647,10,92,.3720870314749835,.334150979724844,1,67.59173726359317
6930,31.56999011504526,16,49,.3721828023772267,.231516657493424,0,74.47177368484707
6931,43.54569712561535,16,139,.3006898553705729,.3078557632226392,1,75.44676060817874
6932,40.35875391660977,11,100,.3762775908576668,.5771618097865719,0,68.8401612206205
6933,42.90648833316501,8,112,.4203246413079494,.2605061510030969,1,70.81195407981849
6934,34.58611640571674,13,56,.5012425263471625,.347801972072325,0,72.86729332999131
6935,43.26276128119177,15,141,.5860930751983442,.781918451741324,1,78.19554011917961
6936,38.06660382670303,10,159,.4864330855369272,.541662633346681,0,76.29261830732663
6937,48.88274334416697,9,208,.1416125263228395,.02,0,70.92099062940481
6938,31.53295323522333,11,78,.4801548932953905,.4806261428481639,0,71.06421550188001
6939,31.66861421093392,10,152,.3771244718313172,.6272174274124663,1,67.11722544486268
6940,34.75081115805241,16,125,.3570293820717043,.0342036157560462,1,68.8808099692488
6941,36.6833283506128,10,147,.4914984259265192,.5636089531779719,0,75.69058303250176
6942,39.13591150822955,12,130,.2727504783742368,.2633084772738027,1,68.33309824721069
6943,34.22087514340248,10,119,.3777902745741222,.2513270099456284,1,63.83981948446859
6944,43.56543582808023,15,58,.4207856457938196,.3899239662187637,0,81.18987868283179
6945,28.64207574288143,13,136,.2774727259199701,.3877066403102462,0,69.01343531350533
6946,33.42590073596086,17,117,.3618640027694988,.3418100834822222,0,71.49861734078846
6947,42.58841006929975,10,77,.3659909584623299,.1936829617002777,0,75.517507986731
6948,38.41914766319235,12,96,.2480307325231119,.02,0,72.9515871752198
6949,48.91638614740847,14,146,.4039364939229018,.4576529550016756,1,71.2411246849321
6950,40.24616505483977,15,69,.4948591552134242,.6241613158601278,1,68.64830771030839
6951,27.67014744793107,16,29,.537421631288756,.4558216655684199,0,76.69572521794088
6952,34.03123709045478,13,36,.6843835306176819,.8018781213072079,1,65.72934785428478
6953,40.00027738472103,10,114,.5994734041673823,.5579511416994483,0,75.84611469516079
6954,40.73489845452937,18,102,.600282081302124,.4401113935119536,1,73.65171430325579
6955,43.61616575056032,15,69,.4096958132488456,.3588455318150073,0,79.5831556688623
6956,40.40761152880069,12,134,.4292220811735396,.4071383155496136,1,76.3421372172666
6957,47.19388409616977,17,20,.5199739654115748,.5097584381748856,0,76.17075624000682
6958,39.5337031241435,17,119,.5145741967564528,.4230226885941761,0,76.37737213901298
6959,37.9794749357432,15,53,.4450135110630478,.1443708194871601,0,80.85325446396703
6960,43.86687756906565,12,64,.199731707728909,.0309546013553846,1,74.71236496388364
6961,42.74940520899818,10,145,.4796864381296628,.485067523475429,1,67.28728071266092
6962,35.59596213329611,8,65,.4647292133737299,.1457629206963115,0,70.83803072926253
6963,46.30435959407787,14,78,.5162215574599835,.4058176348959649,0,78.31245511737528
6964,40.53704744694137,11,342,.5814442973789027,.5810479061864461,1,75.49313269259042
6965,36.01144009078521,16,48,.4487501691858148,.3386453366898924,0,78.92352675110611
6966,31.14953445373934,14,88,.3029541769164721,.2901979181508696,0,75.04653781778156
6967,43.59848783277631,11,36,.5416415478496687,.6184069111347995,1,69.75467261133639
6968,31.32619728520104,10,191,.4106312656467152,.3706711155893863,1,70.70792048037382
6969,38.06428752624713,20,70,.5090284548213986,.766326299586221,0,75.61795298186499
6970,44.54949173914446,16,223,.5323704739302417,.6789430422556748,1,70.12896006571798
6971,41.79498870909979,15,66,.3108363255700652,.2588468634134201,0,75.51205328074541
6972,47.21169006703286,10,183,.3429516090222611,.2533765745177683,0,82.26645264309771
6973,41.42199950791147,14,39,.558027620420831,.4781356466885148,1,70.36148842581932
6974,31.20601621587571,13,118,.3317508747212722,.4253588477301348,1,68.96514717239378
6975,35.01481205606962,9,104,.5177124684397252,.5731353386762603,0,76.24119805296309
6976,34.75031908920024,9,106,.3443985054295275,.3156997376861729,1,62.68695487660067
6977,33.25360153874885,12,28,.3804294214408354,.2733959463469242,0,70.40716963043467
6978,43.65294121825892,11,93,.5809623113950388,.4169334337290037,1,71.80643526203126
6979,43.56437359879885,11,224,.3466112834746674,.4730496498892282,0,77.35691279098378
6980,39.75288433087101,17,54,.3509005335473996,.494679446923446,0,78.01196812508354
6981,38.7238085051376,10,151,.4855046933053525,.683287879968478,1,66.43343318362001
6982,34.04128267188108,12,71,.2576435086768056,.1691805726800064,0,82.84633489967207
6983,38.58992652516815,11,55,.4307533321615142,.4107470895977915,0,77.64322848840544
6984,35.01701329456228,15,16,.5604975508377797,.4488822979587819,1,74.11193985634645
6985,43.64269387217529,13,125,.3204950931532533,.4017030105743808,0,76.62697187196659
6986,32.54887320430664,11,135,.2787506621080203,.0918464869105063,0,70.00099251721609
6987,44.20251971125559,13,194,.3493075189991062,.6072815764333912,1,68.232867789604
6988,47.39144687643238,12,107,.1928725574387374,.0978761103582215,0,76.37912142431709
6989,39.54186547020098,9,109,.4204606166627429,.3762578826923381,0,71.63198302211971
6990,41.12510826546222,13,59,.5435789596493235,.7536918910351224,1,73.30504766225776
6991,36.95030305503993,10,305,.2847567914457011,.1712749666229878,1,66.16469785721799
6992,33.00375943911034,16,86,.5926485478712729,.5653876087174815,1,72.756136975819
6993,38.96107301364169,12,283,.4999365932005048,.2623685452717846,0,77.22985010920659
6994,51.42101890084417,14,132,.3328411328795883,.234361797853929,1,73.10199414932615
6995,48.45298422606036,11,50,.4232083057860677,.8375422007634524,1,69.94587321192583
6996,41.24885004508491,12,95,.551675060300469,.6055181879665115,0,79.45159423589375
6997,46.69716506052737,11,93,.6234435879750193,.7707134338733702,0,67.57071156161891
6998,30.39261610101951,6,83,.4234539623807084,.379568172971901,1,71.51522492642715
6999,42.14992529550771,14,32,.5865353419147559,.6006571847988789,0,78.99720734202781
7000,32.57593349349812,11,99,.3693720804600517,.373121262340594,0,72.42091219404625
7001,41.24555773718489,11,18,.5368606243059846,.3076759196728495,0,72.30354181832323
7002,45.36962107004548,11,134,.514622565248149,.4648151176010017,0,82.82492704201609
7003,46.02202623411737,15,46,.4199623866450325,.2305979985210481,0,78.56998757427624
7004,50.05463104105208,9,127,.4883129276854585,.6106202685773322,1,65.76414642043443
7005,41.12013192480393,12,211,.3375899437030712,.2634749539202515,0,71.47590723116029
7006,33.62712328595265,17,112,.6168627189614889,.8167052579242835,0,76.343352071586
7007,39.76781801168686,14,107,.5622217554519588,.5990382668878398,0,77.53836029252997
7008,39.94228968284281,16,100,.4121133311746122,.3762241388903783,1,64.93505001675608
7009,37.8857611582928,10,19,.4491071205873422,.3046967529827612,0,69.84117849310394
7010,38.11191285043736,6,16,.6144427577563769,.8070786552534903,1,71.82164677800996
7011,27.39496997400428,12,125,.4672506541376021,.3964248215046203,0,73.74646035214566
7012,39.59322825422593,11,191,.4949282478864165,.618225246239936,0,81.03165191452926
7013,47.00747966074414,8,72,.3182250275341296,.1692376381279603,0,70.81662537992926
7014,36.76193894440217,14,96,.5793530860009097,.6904571611342422,0,79.6386950037476
7015,33.31041660945369,17,328,.4949615286142957,.687811727835612,1,70.04850335896073
7016,38.87485685274204,9,193,.7417371810188609,.6625127194833216,1,75.45611393860415
7017,43.13767660315003,10,157,.6256510954043881,.4760982936000098,0,71.02188018713674
7018,40.21942983495558,9,36,.2338280200253797,.4924608161543765,0,72.57536209157097
7019,28.0591427047767,16,98,.3969751067867175,.4891080052166382,0,67.72830126023156
7020,41.19021645103196,13,81,.5757929062140831,.3291006765575907,0,78.38979663359132
7021,54.49094609502516,10,292,.4789534800489368,.3469238428612625,1,69.07282958611709
7022,36.29660294296368,12,46,.3830812562169159,.4385683689756228,1,72.90068730155215
7023,44.49244703540408,17,74,.5543639538789806,.6783847456631737,1,73.41728087781505
7024,32.71839479705363,12,49,.5453467447911873,.5709341910281743,1,71.75132878084659
7025,43.95857774525711,11,91,.3682874793422461,.2546785951114973,0,73.70567519454033
7026,35.25019222964948,11,65,.4521601681409123,.6602073687837863,1,72.08866246803514
7027,22.25299795979841,13,173,.2155029005373213,.1426988094036014,0,79.47699540348742
7028,44.03621086932858,13,142,.4913348372859305,.2494439449325507,1,73.34225521006708
7029,52.46944588849475,9,40,.4152716244333682,.3498691009960071,0,67.6779042165485
7030,28.91952202005512,10,98,.4083680866292871,.191873518145574,1,67.09808144090596
7031,46.78231643732654,14,240,.2613076720163641,.2932201709993967,0,73.457179454425
7032,32.0058450469103,13,191,.4858710714585632,.5078440779519843,0,76.99154572193227
7033,43.7005119431953,11,27,.4959059931955358,.3011900533937154,0,77.08841591782517
7034,41.29107634525581,9,56,.7086840097883444,.98,0,75.67524148132443
7035,42.51773487725797,11,65,.5313838957703322,.4438823583774702,0,72.68330605395805
7036,38.40126633140059,10,31,.5154646091962098,.4881477214865407,0,73.71384581804868
7037,47.31566388992547,14,65,.5912442999360346,.7993406804320596,1,74.0683807148998
7038,38.86582965710722,11,48,.6621810201593373,.6471614661615122,0,81.01331551530652
7039,45.98853479827033,12,78,.443972218004161,.4765418937010478,0,72.07216709057199
7040,44.32433195001707,8,70,.4589715408020825,.3750418051119134,0,71.1692588148306
7041,34.82206739767515,9,51,.2326147901570577,.2809431908593532,1,68.7696876617489
7042,32.61894284551217,11,62,.7039238159508332,.5044946684857844,0,70.27747409634001
7043,38.17099030147556,16,29,.4514473786383023,.4094417472136275,0,73.77329812737069
7044,41.36382800221934,8,1223,.3828895712049982,.3388566225795677,1,66.62588305987468
7045,38.4869555235524,8,60,.4941485201564681,.3041544678011122,0,74.69861538189247
7046,39.75117900287302,12,66,.5790002435257062,.8283717618200296,1,71.33400108187615
7047,42.44469169931734,12,190,.428285030885855,.4864595357179666,0,77.82792155274242
7048,40.8377898299515,7,59,.4057976342623876,.5120238856886491,1,66.72723664496951
7049,31.69698154856326,16,58,.2037787497967393,.1897106057655069,0,81.7018240146986
7050,42.55444115078636,11,234,.439671421964499,.763645764994932,1,70.12918559442336
7051,45.65438807321242,14,47,.4473449851694355,.6041645113105678,1,75.9115520922209
7052,46.07442200902122,13,66,.5020537116194312,.6486259184226745,1,69.51551886973033
7053,50.29998960390856,11,216,.4746045034417882,.5780157905024863,1,68.58465882082447
7054,37.04320243067524,14,66,.3302930210928886,.2684575423531294,0,77.31818582620646
7055,37.50583068156153,16,63,.1913801959857957,.2038410088512353,0,73.79632183315879
7056,41.6068069633503,14,101,.2697828347869894,.2152356622815709,1,70.14844866672512
7057,42.8010894970175,15,97,.5464337263046808,.5177917541927639,1,73.20941851167835
7058,43.4730217113357,17,29,.1580640015983451,.1706880743085828,0,76.86850001219022
7059,35.6399306147276,10,23,.4854990445794255,.6715708244571887,1,65.28833504949878
7060,38.94334735412988,10,102,.7075922217618966,.5377349881267488,0,75.4812485807909
7061,26.68437561676152,12,130,.3677299875089396,.469881617143116,0,66.62029484918045
7062,33.53632303380251,15,49,.2629963052257971,.2579766165537504,0,74.08194621797333
7063,39.75858700728455,17,153,.4973328994852598,.5158170331907961,0,76.47060394811622
7064,33.59351577034718,15,44,.2270651781954206,.194138625752916,0,69.82133162228342
7065,39.51746283522616,9,59,.545320207402244,.5336587648627791,1,72.33980236568318
7066,44.69790510931842,11,83,.3784514149405763,.3561610601295608,0,73.51809534141422
7067,35.74453856081231,12,16,.3597117374403856,.2233933444105699,0,80.72204812811201
7068,51.23264586984327,12,59,.3506307987274144,.3125930388585921,1,68.1190746711068
7069,47.84880999433751,15,184,.4961616329206752,.4499070214972232,1,70.63347250127632
7070,34.4338097148016,14,66,.5141739953504915,.330195275336321,0,70.44924316399698
7071,40.92359901144984,13,156,.4738320984364154,.392784342494599,0,68.85180444402646
7072,40.39029906725989,12,72,.3250113560677773,.2823746302233212,0,72.28411761438858
7073,38.95880899543639,13,671,.3995287733327803,.5779615609864626,0,79.29280535769091
7074,43.42234561231291,13,283,.3220598128256294,.3954838775457975,1,65.18244470331101
7075,26.74817432528492,13,32,.4776057007139634,.281796834133372,0,73.26918689157397
7076,35.38478884532414,13,18,.373424143438961,.423746277830544,1,64.26899184306956
7077,37.40139648550662,11,69,.2730976120821557,.5925988730148367,0,78.73306446919926
7078,38.15825908907741,8,134,.2416033701802687,.4069167921548379,1,67.90282749631386
7079,41.8517405902542,12,41,.4732753183654421,.4708457969349631,1,68.65521177963504
7080,42.30678030041127,12,121,.3855120405246015,.3108619203445613,0,75.72361035940993
7081,33.87639677435743,9,17,.4545877906452036,.4344442647464787,0,67.94625132524008
7082,40.66608105524168,10,259,.5974624639050895,.4196865853328716,1,72.06777864570014
7083,51.83711826654526,6,58,.3686987480627762,.5283266910730846,1,68.30312496514473
7084,35.16652026636778,12,50,.3488031823789803,.4711868666431253,0,78.30587556305275
7085,39.3604776243902,14,46,.3718587850796655,.0649114671231442,0,73.46379818145921
7086,38.68370955441758,14,253,.432463012497574,.4274188214781663,1,68.5935718609513
7087,38.96052270515445,13,197,.2829975241784006,.4725525817580519,0,77.36109951992266
7088,48.29560808491141,14,39,.4116147232838142,.6553556414590511,1,67.21205882423152
7089,35.2860866709069,17,40,.2646337158924066,.034269607026835,0,71.22077252592599
7090,44.36647627659673,9,47,.5969923953275869,.8511365476220318,1,68.96015381905404
7091,32.30062148115307,14,31,.5946635943745284,.7100926716966142,0,77.18583317830527
7092,49.49869108709018,13,119,.4550837832413569,.4889052900187011,1,68.52715314322352
7093,44.18092352313644,9,339,.7586464570349871,.5850210386142101,1,71.68061779689863
7094,48.31674416408909,9,63,.5557505018566877,.564745603910387,1,73.32476000343847
7095,37.8673654007615,14,73,.5779845295579139,.7543643040631759,1,70.17793853401777
7096,48.13807101928779,12,132,.3791901822661333,.5173708650956325,0,73.69411513488903
7097,37.67599086335913,16,87,.3738549595294224,.5187535017980167,0,73.85877604256248
7098,43.68080002244491,13,80,.5093396455166417,.561170425508836,1,73.12122063001546
7099,32.60844165719327,12,34,.1580850828905948,.309339677210285,0,72.60837883508006
7100,37.26270635972916,12,49,.5274410536694408,.8094469324493324,1,74.26423374943633
7101,33.62794402452133,14,138,.3311196546379879,.4549290133158065,0,73.62919821497526
7102,33.90372970575412,15,82,.3893397894884788,.2511978410459895,0,73.31309604825606
7103,42.89018286629133,11,49,.5181482720273629,.8045256192266017,0,80.85002621369817
7104,38.77456362292125,10,168,.6065601516097967,.4268459858555033,0,73.62910548763649
7105,28.55849975998294,14,95,.4941716207909374,.2788662728612776,0,68.56337252343349
7106,46.93324935181423,8,40,.3006240932484436,.3091414455395587,0,79.64693743523506
7107,38.78713830527707,12,60,.6510552521674281,.691497523343395,1,72.56436903768403
7108,41.58880555162791,13,153,.4579319060464422,.5459379102326108,0,73.36786513594971
7109,46.83702835173253,12,15,.3645545836763018,.117597316460362,0,75.74049420706085
7110,36.29002604559901,11,52,.3648557995025802,.325182238844929,0,79.98015260829885
7111,38.08061131781572,17,282,.5764777559711267,.3909471080622257,0,73.54625319455265
7112,38.59919155481361,15,45,.3252929642231641,.4049384720922043,1,76.22988163430873
7113,43.05084659452809,7,6,.4467484676430098,.378889518180877,1,64.10066342030076
7114,40.88035101694753,11,124,.6395418909637992,.8078477435867202,1,69.46248961268151
7115,41.72248504991025,13,106,.3270597297299226,.2635266255085772,0,73.91963967001386
7116,41.12977085525977,13,257,.3983680879155163,.3341028190828851,0,72.81031171028484
7117,46.91398466167102,14,172,.3951331217904677,.2335141355793397,1,70.10767073226447
7118,34.92946589476457,14,96,.4302748506370463,.5793261493588671,1,79.24712386203962
7119,43.53579420035737,13,72,.3927154220900571,.4154840192300625,0,72.6460238261664
7120,39.25474763257769,12,115,.4012534930430251,.2186291042664092,1,68.6247264819837
7121,43.21378751368898,8,110,.5638113061277616,.6408545246698909,1,72.78895492654044
7122,45.21017377667133,13,151,.5697446235409739,.6808040774186273,0,72.38029441047938
7123,36.5610600660183,11,107,.3305421740985174,.4607872612139516,0,74.87481006508358
7124,42.19005536871798,8,150,.4563932251910138,.6113812734923085,0,70.06791386781278
7125,29.47999158485293,9,127,.4453118856340112,.4461079601084521,0,60.64157669527692
7126,37.88817458164696,10,97,.2273698034626833,.2767351929765238,0,71.73546709155286
7127,37.95607893798793,14,58,.1791770233839586,.1499569063985724,0,74.075921817625
7128,31.61005772354994,11,426,.3766759485085572,.3413686158501408,0,77.141110654709
7129,41.35616107529082,6,147,.2140726236759206,.1199341736364787,1,70.46310836214305
7130,55.17290719575009,7,73,.08,.1518884767141832,1,71.34335358958819
7131,40.05279143431967,15,53,.402143523463417,.3583896466084958,0,76.53805796352901
7132,35.42359802406763,13,66,.5467895473821688,.6477835602237969,0,74.13163994890814
7133,33.6072845984767,12,38,.3686456702154462,.508479005483043,1,68.33375994257459
7134,45.65003360079233,13,33,.4138969646811622,.4261076464526733,0,76.18789451350334
7135,36.43170008952908,12,92,.5679662544617106,.4491058371557328,0,74.32051858598508
7136,37.77253000484311,10,103,.4934631744370427,.6549210660160396,1,77.14599898039441
7137,33.9693032705314,14,40,.4499370973529027,.4186891926106865,0,74.75427677724905
7138,33.56151154544061,9,41,.5479657770901762,.5880912703509882,1,74.26001889244587
7139,48.07933863657837,10,65,.4578176909561846,.2264861083560289,1,69.37198731196453
7140,39.10645682262849,11,64,.4914126462522242,.407595333435434,0,77.08673156803053
7141,41.86746040729874,11,152,.5733154492872516,.5265055626009978,1,74.74271053409986
7142,34.82043176095395,11,215,.4520240811452986,.4563601021343586,1,77.00636205480856
7143,48.81976627757393,14,71,.5723395219128935,.787424926530518,0,72.53380473722255
7144,51.34728154394791,14,47,.602362487110627,.5851090731855344,0,80.42058160806758
7145,37.9883598851743,10,162,.5118651738131241,.6467857585257046,0,77.07549197383511
7146,45.92696548087178,12,83,.4577851598862095,.5483204534249855,1,66.66207248193619
7147,47.39971623304758,15,240,.4007663356315969,.4562700749707378,0,75.7896088900945
7148,33.97479813924839,13,48,.5925307661656694,.4369381920230041,1,72.02027584226235
7149,31.4955810022128,14,144,.4902781317322582,.4477850577790676,0,79.31302689098445
7150,38.65372351310483,14,103,.2985527322312488,.2193218315552322,0,77.5103237541535
7151,43.09991663914708,10,71,.4895774493285058,.4804851736767964,1,68.67375440896947
7152,45.05713866169172,9,91,.486297159376406,.5152926666587844,1,73.00756553243676
7153,39.19508107934872,10,34,.4089875412509021,.4915266739845106,0,72.18614728380629
7154,44.12928058591451,9,39,.3674764374525284,.3836396760024812,1,68.08337289188923
7155,35.94033023010508,17,144,.5345165824403909,.4214685199601245,1,70.86959427967467
7156,37.36819524362095,12,131,.3073991345052635,.4878452723992255,1,68.52096590287248
7157,44.99599520589224,9,214,.6268520499441944,.632041221027942,1,73.51904127992178
7158,37.7325389166862,9,161,.433431330565637,.5263459786087235,0,70.91303305042827
7159,33.49188173576654,8,269,.4772174132754063,.4547172244477889,0,73.84807620392654
7160,46.49092674414688,12,190,.4969200409077156,.3430635500717633,1,71.57786209895792
7161,36.84776090509069,11,42,.4715953444023163,.457111851495314,1,72.76037683229329
7162,38.25662310437959,13,161,.5765645976515219,.4943707930891885,0,71.40130482541554
7163,41.50253859227335,16,59,.3695349032581204,.3979038474517659,0,76.13585791444784
7164,34.45666678775059,12,107,.6187725306616004,.5348412180332016,1,69.13414237847013
7165,42.83799607455971,8,43,.5786489794403249,.4442520574247175,1,73.0390574322909
7166,42.50265421293586,10,67,.6025491682471458,.6124989690545448,1,71.03012226983724
7167,31.23775155074399,10,56,.2959176433996117,.02,0,77.38952696601937
7168,54.38913770999109,12,69,.4754176624953668,.379646497547938,0,72.87246005344784
7169,41.86964550795245,12,41,.512911857375508,.6694060664714488,0,76.9371659265297
7170,51.88997987772279,11,40,.548551119545809,.5609290728099648,1,63.54931254930117
7171,44.27686730686859,16,208,.8440009774373973,.98,0,79.24547213510893
7172,34.60914376934972,13,29,.4130373517117439,.4938901837482808,0,82.11253389747519
7173,43.0456122402565,11,49,.3821325419891043,.2460012213593653,1,70.67913352550013
7174,40.9677085740076,12,50,.3725409421375772,.3119415422834111,0,72.3296723557298
7175,40.22182606592627,11,48,.6180816613141156,.3332042908148563,1,72.25113155511482
7176,31.57775292973984,11,21,.6764188826313693,.7086659924473613,1,74.92964682528829
7177,57.89814050854277,12,31,.4047371739824828,.4509280279575507,1,69.57631257944767
7178,46.78934385933259,13,162,.2959530735070972,.5963967584250478,1,77.36915650266802
7179,43.42139204999327,9,56,.4102369900258654,.4148608551067962,1,70.2566092195036
7180,38.88635066698785,11,165,.2963337031787417,.2531084306353142,0,79.75285320405429
7181,38.29275793720796,11,131,.3647264402698839,.4850560835036194,1,65.36494230081028
7182,31.57844226203969,11,82,.4828606402897936,.5038610664184671,0,75.83886839449951
7183,39.8954434560387,14,90,.5865526618477308,.5264478464079637,1,69.59104533503725
7184,40.50082581478195,14,23,.5577371495669831,.5230876530515557,0,63.03042488894253
7185,37.84633587615879,11,69,.4181214866323435,.4891498206398819,1,67.03930733201776
7186,35.15615384500448,12,209,.5827661166609838,.6235703498673794,0,75.74297710219587
7187,48.46774821780041,15,137,.326523229379003,.1775671262297273,0,75.45290802570584
7188,42.85759450779742,16,245,.312049181459422,.2750197351261175,1,73.43069978051504
7189,43.51879007666341,13,70,.619580518030022,.7723438244543458,1,66.12803310735063
7190,38.93115556144457,17,105,.5609961469675169,.6012455506293495,1,73.3777179878339
7191,36.86435807682478,15,32,.5832454068443055,.5417673736868617,0,75.55544179304322
7192,37.67358775318402,14,75,.6192550586665491,.4495891367079501,1,69.3148246518859
7193,41.85710660333349,12,204,.3533708150741062,.3115518166977681,0,68.75014263151957
7194,54.9127462330534,14,192,.4296976408237886,.2738090726198572,1,68.06480120875928
7195,37.28995364869936,11,118,.3142206240498415,.4013421856897532,0,69.88235253743639
7196,43.30054536338674,11,78,.3088480465462777,.1364752102547797,0,77.01401908266813
7197,42.21549440776703,11,201,.4587815809352114,.273509617533925,1,74.10377547972482
7198,40.70818033719042,12,43,.4664589355853586,.5298057948668654,1,72.14115050682483
7199,48.63580136546597,15,456,.5028970970899054,.3554190966284927,1,68.87588082045826
7200,37.40083500830503,13,75,.5250158344266163,.5747370358388962,0,70.03661117078026
7201,46.75627558868806,14,213,.3927805515435192,.2542820133161315,1,67.545891344857
7202,39.45337014653274,13,163,.549239330841652,.6754519491133276,1,67.59381467127383
7203,33.99743206377012,11,142,.6727405930603323,.8214215671684977,0,80.89754088931154
7204,38.34384830603495,10,176,.3591915101550329,.2840198146158961,0,72.17888703915001
7205,37.9532594795532,10,139,.5230561957499072,.6965362098682559,0,76.82950938255949
7206,28.34296762234723,13,84,.3045810508341338,.0274319259921026,0,80.91314851184173
7207,38.50225517547499,9,37,.3286354455321089,.1530724934592531,0,76.9639867833077
7208,33.60157528378107,9,83,.5271637490116177,.3845235169119272,1,67.11106762944479
7209,40.38022897780013,10,71,.4199086180217942,.4982758192688893,0,78.5737730086942
7210,51.66023708709598,14,57,.4058939581738603,.3582583662127545,0,73.87345166790224
7211,48.87136269402097,12,128,.7521952126339766,.6276284939195658,1,70.56726295710001
7212,41.55885616410449,11,38,.5420589839830742,.4429298551222667,1,70.75368067636144
7213,46.8500510017228,7,277,.4814948827603468,.692106680505047,0,70.86911132943635
7214,43.71932807753631,13,19,.5828431630279769,.7066484311750917,1,71.99117474576018
7215,41.40857597264307,10,83,.3711058735417574,.5833807980109207,1,67.88420297022722
7216,37.04983672057615,17,92,.5718631650146027,.6452251558527087,0,76.41564787869494
7217,36.41415063759853,14,32,.5498736672394017,.7006694159858488,1,68.064642434381
7218,36.02992129326448,8,81,.4493662492116123,.5923837921842694,0,75.00319602636142
7219,49.11426832600618,11,146,.5746850958432809,.4438773871574925,1,69.57453468812115
7220,44.27529273724185,12,100,.310246192849897,.2938312392270781,0,78.14055826848015
7221,36.28974522066157,15,56,.3268503220665716,.4109582276518943,0,73.76300029140768
7222,37.42114043339952,8,140,.4671061867665782,.3621257688171032,1,69.7961783636533
7223,18.60167296930151,17,176,.6259941923831522,.7653424563983116,1,70.95193166135007
7224,41.53097155339032,8,82,.3522450140257213,.1925406157672159,0,72.32469148549794
7225,32.58483957021534,11,135,.3890610271011967,.5428865160102372,1,65.96179074217221
7226,29.11826679332265,16,46,.6745717452526921,.8122312236532168,1,77.32248812706462
7227,34.33627499922484,15,17,.4654358951111751,.4991233649802796,0,69.42059963938229
7228,32.41712059956303,9,195,.2868166271251728,.2925745314577738,0,72.8883632472879
7229,35.10191223161087,11,41,.3991083855121872,.3351046509426637,1,69.22717374568241
7230,33.2201498775163,11,147,.4747657941825749,.4701114213885191,1,68.33734617730349
7231,45.6741999203794,17,52,.5643985737523036,.567237607299205,0,76.63430656800358
7232,41.44310605272305,12,121,.4267901302497693,.3952086464022087,1,75.47507740600282
7233,43.80404626936174,11,129,.6427222487837303,.6365775308431213,0,74.76526672881441
7234,34.33355496773858,11,95,.4803696246353337,.28762511677483,1,73.92546078809134
7235,39.64055117506238,14,63,.4215500956180382,.3663907760917418,0,73.92351668264845
7236,38.91734540998215,12,488,.4052870469491964,.2833886379883003,0,78.64947850047881
7237,49.44427762384828,15,122,.6201057988840651,.6469021267817571,1,72.03566325000172
7238,25.06392559679216,11,45,.5186118422776326,.6394927282364115,0,76.07705989248571
7239,45.06285973903854,10,98,.3727778806828495,.3741912590844984,0,82.33795711620695
7240,42.33188935238902,13,143,.3507153664737538,.3182375864563081,1,72.94946870143494
7241,40.36324783538471,13,73,.4186980773576123,.3294456868359367,1,66.56066150276666
7242,43.29595216923589,12,243,.4511106528253678,.4578024509966002,0,67.41476378972463
7243,32.76855220759289,8,90,.3080994731110945,.2258759958713922,0,79.69713238881293
7244,34.76326906595938,11,27,.329316072669508,.2611722367690754,0,67.58519300258143
7245,46.20546893852823,13,141,.5494693831460477,.386460066198461,0,74.38435265941412
7246,48.83158361149487,9,159,.5164861403052298,.5278851570542997,1,69.21655550156405
7247,40.88214035054504,9,89,.573125898618816,.3716749979879364,0,69.59119772346359
7248,40.10970528300565,14,64,.3701581298867913,.5213391493344217,0,75.65966983909325
7249,45.45218697729764,15,198,.3817716492161157,.3483461218260636,1,74.98782246176233
7250,46.29032057046675,12,38,.425358257227352,.6607459491023899,1,74.10397741990704
7251,36.8512580344611,13,161,.4144427913047734,.1515100347101851,0,71.97435850897399
7252,34.99785613443021,12,97,.4638936716350029,.318470927149607,0,76.89756304082441
7253,29.03418087827344,14,109,.4284478192769896,.1804424953299194,0,72.61961961060355
7254,43.58936287194572,16,107,.5245390567955004,.1794683390634954,0,75.88572864741361
7255,32.38104713566842,15,60,.3600051442341351,.2764548606363428,0,80.09968922237431
7256,39.08185156588752,12,361,.4347221579121198,.2459938480876811,0,73.36029982454171
7257,47.2413618669664,13,82,.3953200642035006,.5113536983213967,0,79.48312472588718
7258,40.45103663694088,11,33,.1232731746321695,.1752842623162357,0,75.21923508486911
7259,34.87622980337063,15,44,.4234551356731624,.5789506715133761,0,75.12292666892513
7260,46.51356023404507,14,155,.4270079047354849,.5419949651043081,1,68.10253182205122
7261,33.61256638450275,15,106,.3933888450625742,.293320860789433,0,70.46038904777026
7262,39.35042225597398,10,75,.5484673770535016,.428050402764072,0,73.77198545378586
7263,41.5933824113162,12,57,.5568905954874835,.5085420104659514,0,70.88068606024953
7264,42.99449596546553,15,490,.3000483120171854,.257145813844454,0,79.73850040109976
7265,42.09485433560477,12,239,.484087009634721,.4402249736338963,1,69.30043193964694
7266,36.24380581714917,15,183,.4341799500341626,.5017372106433533,1,77.1234992326897
7267,35.34102321854105,11,121,.342449246460409,.3574059437744012,0,74.39714046027704
7268,44.64237456443304,11,14,.451061036192958,.3819939153737341,1,73.31995623541866
7269,32.09113414908895,16,57,.2844854609629865,.4022078108210589,1,73.71170922376373
7270,43.59652217219251,6,93,.4532317724899058,.658186002465398,1,68.66276195348676
7271,30.74253196827511,12,120,.2292688543814925,.1692849243034837,0,80.33580011973906
7272,31.01494197774664,6,194,.4196862194513096,.5195501114752598,1,67.21867382389073
7273,32.65942361396864,15,108,.5396944296568262,.7606175204916908,1,69.9583772928848
7274,42.00093232666424,13,117,.6003503781313121,.4863963162337891,0,76.23420009008304
7275,42.32170381628267,13,102,.3690962582672964,.4450556333059513,0,76.34791648030973
7276,53.55678613965639,12,135,.5549832803511081,.3362633758367219,1,67.1652661986125
7277,53.1270879770186,16,59,.2446029491199941,.3278967364379937,0,72.82940981810506
7278,37.23891464207546,15,76,.4191622541080338,.5256216831119498,0,78.15481129282097
7279,38.93549611401146,12,51,.4741114999964655,.4372647890546421,0,76.88332811207979
7280,41.40805242271462,11,48,.4462549312839477,.5209076198888318,1,69.35211708332403
7281,35.39038975148592,13,81,.4545023362976917,.4662391742824961,1,65.76090019294919
7282,36.52939014348999,11,137,.5725022256906731,.592908574827578,0,73.49400217081461
7283,36.00237618933033,16,89,.3557127921735248,.1419069977559337,0,76.57546768489367
7284,36.950323281796,12,162,.4319897680053063,.3143723574602982,0,78.7895594685161
7285,35.62326734854659,13,44,.2951821465816726,.4507052533070608,1,75.76706874687891
7286,37.5808512659107,8,124,.6202639490922224,.5246365451687272,0,78.84003739519821
7287,31.3867768891079,15,246,.5071414566930287,.6217915574031589,0,78.70249983734033
7288,56.65512570496745,16,158,.3683590068431581,.3826409594038125,1,72.51335634618896
7289,37.27910071743958,15,141,.3496681987546069,.4856432791554359,0,75.52742736546936
7290,48.34566655486191,14,48,.5412419026148437,.4170429616786576,1,69.01614908191587
7291,40.98590616284744,13,102,.471683552133873,.4386095541350492,0,80.15514788046237
7292,33.20339200495631,14,206,.4614887775638806,.3564501022213103,1,71.78647955201023
7293,46.83586492443884,14,446,.537307020513993,.5391260513292767,0,72.55958330651021
7294,34.06876497811422,11,139,.4814809611815536,.5164691342612691,1,73.7078658202788
7295,33.55592484089674,11,88,.2713023011052655,.2884962892323318,1,71.42587194003701
7296,35.38336969257307,11,64,.4672167951536796,.2232953380270728,0,77.81617415326301
7297,41.6925036753134,14,55,.4285512766487086,.4097307066411194,0,78.22614181445975
7298,40.17410268437835,11,121,.429074582281431,.5785894839187071,0,71.14398803563992
7299,45.60548074910078,11,99,.4704891265113498,.2451691421917752,1,73.19417397044235
7300,38.94696492654224,12,130,.4826395805148778,.728791070452398,0,79.72178664232237
7301,44.14759919275883,7,106,.4987039615423767,.6649514069057085,1,73.82615273657544
7302,41.87811470389403,9,122,.3424185492148405,.3290681370099021,1,65.28288680762708
7303,40.10699464503244,14,205,.6302309616879938,.80901196084371,1,73.22227793836178
7304,32.64770504619639,9,246,.1805603526002571,.0808927666067807,0,71.99046670295549
7305,46.18413780172942,17,50,.5602342428102046,.6631437449793414,0,76.71354761851833
7306,36.85594152909729,11,92,.5954669392779783,.540435651409636,0,72.225661700297
7307,30.56403092550198,13,73,.4996534642199799,.6367384845360803,0,74.24800478203731
7308,42.6574659751187,8,204,.3101813622364692,.3764956746628172,0,75.27012772523958
7309,40.76814413110437,12,139,.3892524419423548,.8162966905256951,1,67.36179227580216
7310,39.35539665331923,14,74,.4929791946247262,.6901198234108339,1,69.75914950322938
7311,45.60679645322721,8,102,.4652000709634522,.5126290522462276,0,81.22698345552713
7312,47.19235111020122,14,70,.7625479152546628,.7189793932607379,1,69.93712760708532
7313,37.44869092103382,8,135,.4573063224231475,.4576649961164914,0,70.66498019864243
7314,42.55565435109261,14,302,.3233475624509567,.2249830894671682,0,77.64910671814062
7315,28.04204965203557,16,49,.4911977782056779,.6739953023736589,1,71.71949314593509
7316,45.19331132491224,13,48,.3537978970756968,.2055180550545591,0,85.00786198342014
7317,44.6142410528519,13,280,.5869988042807586,.3793175676594534,0,74.00523350791603
7318,39.91757006344518,8,143,.4622579036141273,.5234358051868476,1,69.92288705852731
7319,44.48171532065822,14,60,.4719372794271356,.2299812687491348,0,71.09323574659798
7320,33.42635271687988,15,28,.3978404248516612,.3569368130469361,0,72.20239254304535
7321,30.00964430409357,12,139,.5410849405632113,.4347052094533226,0,70.94630617109347
7322,34.90951783612144,14,22,.6012536435094782,.7162576389839305,0,76.58540779137836
7323,38.23001181367123,10,44,.6224989277373771,.8474756953919504,0,77.33651146250574
7324,42.5170486255348,11,323,.4968357331287864,.6830702150806784,1,73.49972082155654
7325,24.86882083541425,16,32,.3899940348559374,.5166103274247306,1,72.25933915206043
7326,43.07569752102846,10,125,.4179857871834972,.5378185750516029,1,76.08043469327893
7327,39.82796486402122,11,155,.4339271390516374,.4673681869674153,0,72.89845729193542
7328,37.64236980432651,10,47,.393470675708596,.2692593400977575,0,80.45260027620239
7329,48.03232337021254,15,78,.3900199189142778,.3563753094947492,0,73.29183512800262
7330,48.2453655048405,13,49,.355355597860095,.5203298898861572,0,70.62186678513667
7331,46.30454424138684,11,68,.5118220137897561,.5390047722393558,1,66.12613350745789
7332,35.27116582256404,9,78,.385891774552712,.5179956820470945,0,75.04055026500384
7333,30.73361970483548,10,72,.4616776056129634,.2647525068272921,0,77.27661171112797
7334,46.5794339504491,14,63,.5042284740491934,.4395989479603967,0,73.34265945899375
7335,34.09568666450961,15,107,.3844695097268621,.2626209550818162,1,72.37752468023625
7336,35.2410047592613,17,64,.3196699083120174,.2217837162487626,0,71.60262076617482
7337,39.61759189754515,8,101,.4389162440550122,.5130185480510003,0,68.20757651919624
7338,37.23292837148752,14,51,.3892526680818555,.6028218821455821,1,65.77283739738625
7339,36.5286683418983,14,460,.4363379943574167,.2288534418128957,0,74.79430302848475
7340,29.41685202651677,13,41,.3844385505809798,.330246800139836,0,72.29508283917028
7341,38.73683599425801,7,280,.4251087776859495,.3489529352906076,0,74.41424170330019
7342,35.08260569037446,10,161,.370980395231141,.3173433226645109,0,75.66391206868397
7343,34.19485396437799,9,76,.4671885034746571,.4519716761099224,0,81.60727876595267
7344,31.6684943657336,12,82,.4935204745163907,.5957928461605522,0,72.05277147261636
7345,42.46423181765962,13,51,.3891228800044635,.4079387825646974,0,72.80952243988817
7346,28.27758128531513,14,97,.4077000872716872,.3295413234799228,1,76.20013638324465
7347,31.13399617731525,11,109,.4348181548545559,.3695188632051835,0,65.94327760320077
7348,29.46307904506813,13,44,.4572914497070916,.257840390396349,1,76.10483359766998
7349,38.70802115235537,15,166,.6474582388458971,.5822932895045789,1,71.08098553018441
7350,42.061149606029,17,112,.7427832056740232,.4285888015909229,0,77.39013200629726
7351,39.15443239875919,18,88,.5046421523906036,.3542063319861199,0,78.85687749993195
7352,34.9918121081845,12,90,.3769616036849822,.2470129160407602,0,72.38153921534493
7353,45.51136471226982,11,36,.6226861585383774,.6309964612568233,1,65.97237540603435
7354,39.70424442955794,11,61,.5162336744520224,.4258434738289504,0,79.63849764733985
7355,29.04378919492665,10,213,.4663379780765621,.3357093829832972,0,66.44516837791197
7356,33.31291326501243,12,100,.5498525663757515,.6488538106152589,0,75.24068491510236
7357,38.24628102209956,13,120,.6325431974912732,.7447066014586836,1,69.73834073851734
7358,37.88459560130148,13,62,.41407060706571,.3324713917665817,0,74.76814495540091
7359,37.29476281229343,8,154,.5254216605061239,.5631085679776753,1,66.65619798334548
7360,33.18309925645617,10,94,.5588901721406312,.5875423955707072,0,67.05036865531635
7361,53.4302146003095,9,135,.6109878268630332,.6204698420419906,1,66.37936505536832
7362,49.48470290872714,11,205,.3093667677020234,.8819558421134948,1,69.26780528360646
7363,40.34616531884799,12,87,.5322162974424895,.6517487595577051,1,61.5693340751741
7364,36.74376872576346,13,123,.3805923282781887,.2418896022978212,0,76.11290580600647
7365,44.4760996023336,13,63,.3288082076857216,.6255181160874914,1,69.37304727531107
7366,35.83834601662505,12,90,.3581504077556197,.2684912173096958,1,72.88101934894111
7367,47.39823127559524,10,72,.4927086466401909,.7966064988144579,1,70.91403935605881
7368,42.01150520822367,14,64,.3737253472566697,.3069485645461196,0,76.45841601898397
7369,50.83709777648627,9,90,.6121421537167488,.4397777234489462,1,72.7558018395452
7370,32.46116938748551,12,115,.443124598812376,.6663625841178761,1,75.03692288719141
7371,36.18063876226419,9,49,.5347726439867443,.5542417756334815,0,76.02999053016235
7372,48.56613294809343,14,184,.310569627742297,.0251343150288241,0,76.32246605041793
7373,41.70138275687626,18,85,.3431243025256862,.4227258447597488,0,78.33765932548701
7374,38.41099422692343,15,336,.3003464836476066,.3143385684614347,0,75.66443974302199
7375,41.45517492036065,12,52,.4195504805823663,.5882049074766692,1,74.82972289724373
7376,44.47820877208964,13,90,.4487441308319584,.306703734085828,0,74.5513484307355
7377,35.41236290566507,14,85,.4930473330413552,.3334813438649374,1,67.78618593125242
7378,39.08877439142311,10,46,.3479506602652535,.3120635180705661,0,82.00808113776095
7379,34.85416035288545,10,70,.4396357933209458,.3455647528605004,0,75.3282150489983
7380,34.34606365925278,14,173,.2560042241891118,.5148498262793318,1,71.88146656038725
7381,49.16200573832676,10,177,.3932749601121523,.4990088585687181,0,71.16977191013736
7382,43.1871629498801,10,85,.3268736559226232,.3648424544932231,0,72.36930535784936
7383,42.52891105178929,13,79,.2622538310736213,.32104076613427,0,74.38948985257784
7384,34.8134108857661,14,25,.6074219742708605,.8853461638768758,0,72.06790629181236
7385,46.31082121854359,12,146,.3390739556310307,.3127435380008678,1,66.73662384510642
7386,39.66715017547665,10,59,.4316204050208551,.2453835580829167,0,74.14476604180355
7387,40.44175530894029,18,279,.3142612538484718,.291033512796405,1,77.71800475432018
7388,42.38296765490444,14,26,.6094496414704325,.5165085658326114,1,68.89278371420481
7389,39.47277129558094,8,74,.5595599902359416,.5716776495884089,1,69.08082577720536
7390,43.79203133398161,11,44,.5239211575771798,.6144338532936942,0,72.31860518599298
7391,45.17745301158968,12,32,.419173705554409,.3484333990770606,1,69.27257301357577
7392,44.6287255357273,12,73,.4260179729373477,.3750191818198469,0,71.88806765318218
7393,38.68137628524692,12,156,.4174330137190062,.5406763723561386,1,71.19036298390888
7394,37.78763364080502,17,130,.3179335706447762,.3062164387549057,1,67.97618512275447
7395,41.94380749469077,11,82,.4097176957943656,.2987319010974383,0,72.12997413330332
7396,45.40622725734227,11,286,.3657311078677846,.2785492006915758,1,69.91262452780343
7397,44.47929758055492,10,158,.629173021606041,.6388624149737009,0,77.32703198935255
7398,47.84147020613309,13,42,.4195719648700973,.5085999355231514,0,77.97763883417332
7399,41.66838720077798,13,177,.213899265856963,.2607064162260269,0,72.55259006044662
7400,43.27350034041586,17,169,.591430465772052,.5525198749085312,1,74.92693480155705
7401,43.12262448670964,13,34,.2923643913950918,.1262428079488915,0,75.87313391133956
7402,37.64081508020743,10,50,.2247755750163481,.3055231324599496,0,67.96978642250134
7403,45.27512648672826,13,54,.535773470535216,.7971728392486379,1,72.62160647776676
7404,36.61330941674803,14,413,.7121565534882407,.6420307615013521,1,70.9830987616081
7405,46.94250418654839,15,227,.238289399192928,.0824419241902118,0,73.95699045840374
7406,36.97166866182395,14,51,.4745859795253405,.3233941181606805,1,68.87854100220446
7407,42.67582909916663,14,103,.3675216818522928,.4980477909283275,0,78.74661508687944
7408,36.39381278749424,13,56,.5672186907606784,.5673132179800238,0,76.59360344290924
7409,44.93325062850528,11,23,.5725867691780528,.6666802991406359,1,69.6999118133361
7410,35.99713247749685,9,29,.4123240437584505,.6981620376942194,1,71.68311480546282
7411,38.69706741268693,11,21,.2103366229469688,.160513005198007,0,74.3206059380353
7412,35.44974396929377,15,90,.5192412039332809,.5672456673623368,0,79.7067504448648
7413,35.3741144152572,10,38,.6340576392064252,.8393036228591216,1,71.0549107046853
7414,54.23988271481269,15,1180,.4238078339757987,.4878427310534109,0,72.68071763831337
7415,42.12052845781335,11,242,.6090975995365977,.8363178460640193,1,72.92785541225406
7416,52.14951366190159,13,47,.5786886699579082,.5177594074806902,1,70.26404913338871
7417,38.9712017987423,11,83,.3081818004200147,.4521216193117322,0,76.866657328483
7418,34.63921770909657,17,115,.5710018785198017,.7312346888656396,0,79.71809953490572
7419,36.86147414934059,15,536,.601730420151198,.5976904278260911,1,70.09965525679102
7420,46.07301688716455,8,48,.592850051369517,.6285621799599412,0,76.52376229237896
7421,37.05648483693614,12,44,.425545226744063,.4980588614575724,0,71.46002835590178
7422,46.43510630709017,11,133,.5222113060786318,.5364716145534701,0,75.69828337637148
7423,39.19431693161145,14,31,.3896003393477419,.5636579396038058,1,73.38220118667959
7424,43.30601707035954,13,215,.3120520637156902,.2536078362748607,0,75.15510344438819
7425,38.43406915286339,15,45,.4776903322542029,.0487127009028723,0,85.8654485304187
7426,34.5161707580761,11,184,.4013689260644938,.5317819156125496,0,72.03144790648386
7427,42.45304710055503,6,40,.5011526879263406,.6184576846752363,1,75.88295192776413
7428,46.13362619719616,16,179,.5987199409348801,.588816088827393,0,72.00444610669642
7429,37.53371948160703,11,55,.5547288439815031,.3578055781733837,0,68.89492956409792
7430,35.58699704377572,13,131,.4731963596750902,.4712765331321909,0,78.04545622032755
7431,41.36711452480736,14,83,.3456603495948617,.4266456267216675,0,77.31383612822627
7432,51.82006757353008,15,113,.3847119752058475,.3414713869320243,1,72.91024228914229
7433,37.78996094326964,9,51,.5508354204126277,.4611769482919325,0,73.39212674522338
7434,27.18866131336662,12,28,.5045151677995315,.5342502045937422,1,71.84570270417038
7435,45.80112497139788,9,75,.4080662627977417,.578976923735563,0,74.84413321067133
7436,38.20614880553686,15,87,.4481920414048649,.3431696429281477,1,73.80066519723617
7437,42.38541579628287,12,25,.4953665044154001,.6971132133043588,1,71.733019049079
7438,36.26979715175523,7,63,.3109356442504334,.1024257431085462,0,77.97746810440343
7439,43.37833578738538,13,120,.418147178102728,.2511424545048255,1,73.70192748099787
7440,55.89479500220743,15,45,.4729735775282739,.2912058617992962,0,72.98397509482351
7441,45.44957372872851,14,59,.4765384853849846,.2912414342590512,1,71.80016078231456
7442,41.55320234269046,9,252,.3466119289090257,.1948912634498467,0,71.02748948583258
7443,36.80485630677916,14,44,.271315547096239,.4330838952882697,0,78.38640697819129
7444,42.59701689424254,14,41,.7017318802067132,.7115501240207729,1,68.79064871957331
7445,35.45477235505297,13,57,.4714375349149315,.4955996569448552,1,70.76675460703218
7446,36.43371881274171,11,40,.388701439606913,.3650643259348257,0,79.46251525760489
7447,44.37622241099042,14,73,.4104442645130684,.3985017939822628,1,69.48984321456163
7448,45.18085075437485,15,31,.5097301482107551,.627572731393656,1,74.04570407203531
7449,27.39234034346774,11,22,.3436232732898679,.4183841358642311,0,66.7529857367645
7450,31.34295922251304,13,110,.4572447401056331,.3562331970937415,0,70.25040941366581
7451,39.34462051542543,10,64,.6262000062131488,.5597862290658696,0,76.38424191831579
7452,46.9233763515099,8,95,.5545616911881999,.6585413178322294,1,67.2460295785158
7453,38.83915449673566,13,77,.4807606536222652,.4389175144386532,1,68.13959320803053
7454,36.29378056036079,14,106,.3969161360564718,.4990881066904278,0,75.17874340624618
7455,36.99120522854759,12,150,.5234055091912205,.5285538324005582,1,71.63089624139313
7456,33.7581601988873,13,87,.4662720455219972,.6982702550053106,0,84.5061457696399
7457,32.54109193552993,11,47,.2945559354484835,.2439882118862835,0,70.94480481580705
7458,38.44214405435922,10,34,.4636311144192217,.6482572854158994,1,72.59839326083997
7459,47.60076132550373,14,263,.4569445075874829,.4445703234716279,1,68.77361667422461
7460,39.39337474438871,12,34,.4005831671788423,.3699871183335609,0,79.87243008594059
7461,47.5782945938355,10,133,.3991348229207019,.5818771471238127,0,79.02957439636833
7462,38.4544497157393,16,50,.4534816726700616,.7525469335124033,0,74.52469171159593
7463,38.21044140304365,12,15,.3766775119124595,.3323674624838843,0,69.20039454483387
7464,42.61967402649066,13,48,.3957366160243267,.4287352499493164,1,75.92645446624711
7465,30.212888945154,8,63,.2854635670431878,.441928584336944,0,73.51162904889449
7466,33.83196706776585,14,78,.4991192631797808,.5042949571316682,1,68.03627975805351
7467,45.77846569977577,14,37,.5681504730389014,.6796100246472367,1,75.31328789413679
7468,46.47152034918815,14,99,.4016058962829269,.4814131615422526,0,72.10873216097552
7469,41.63078841341627,10,64,.5365946181963628,.4741351281980966,1,74.79277646029593
7470,35.38920916068938,13,20,.3769221481344618,.4178280031866705,1,73.72703197280238
7471,43.9937575253003,12,60,.5691359581334504,.3308506434779868,0,76.82024755266706
7472,36.77701769657097,7,27,.2727143969350863,.2458028686197863,0,70.36937439238682
7473,28.49033089532141,13,123,.3955938973333514,.3320327751335397,1,70.50518086850775
7474,46.62030193107078,13,204,.4229612821210652,.4730602729012156,1,72.98994515839254
7475,38.13782890387213,14,141,.5681502502060305,.5816298306424923,1,76.66888280140027
7476,42.69222700265614,11,39,.5085697428098104,.4572095257322842,1,69.92905610185409
7477,41.92565944661808,11,183,.3925833053370238,.5563468091994188,0,82.78824045346268
7478,40.3776867251217,17,36,.4780910815145658,.3498363186472414,0,80.42299301794303
7479,44.60990271263534,9,78,.4304752683602459,.4663875971857309,1,68.67187933256908
7480,31.66482106063011,10,183,.5403979650382138,.5730015737979325,0,76.41769604643665
7481,44.2177546211713,7,210,.4937653630557531,.4364785842658656,1,79.65010798627812
7482,36.1537771551455,9,244,.633087097861542,.5307816015834951,1,67.90400186880325
7483,46.81021064640171,11,99,.408982251843447,.5102665888154365,1,64.73573282865557
7484,44.52278098632748,8,142,.7478059792472314,.6770170237578912,1,71.83560482616811
7485,35.87690925506135,15,42,.5938914760219212,.4719277368182473,0,72.78320163912652
7486,26.1941785716592,10,70,.4672373395683447,.5885604636921968,1,69.82460954455904
7487,40.74311060204737,12,71,.6008899809069663,.586529225159133,0,73.3155427838453
7488,33.41167399701455,13,72,.4533285645926988,.284097186938395,0,72.65135230197146
7489,41.91738115067987,14,99,.4340754452406018,.2668197161798529,0,71.78695966661088
7490,46.95490684986745,14,39,.1719614541874743,.0996895492487345,0,71.36600300275742
7491,29.3176723505202,9,61,.5012429779634389,.4118790282262245,1,72.06335984373018
7492,40.94505804481334,10,179,.3576091715844398,.4957075207441745,1,71.01089736487086
7493,40.16297621510562,13,76,.4703840678374764,.5000798963031428,1,72.60599217993438
7494,35.22881781972875,10,61,.5177695965371794,.5237722499120243,0,77.31837921744028
7495,39.81381339818414,12,106,.5349497022948145,.412598359072165,0,79.91123301860382
7496,45.76679312916706,10,45,.4970674831563827,.5356061553180395,0,74.74279605200586
7497,30.43862381992243,12,59,.4163017256076912,.5770406387358834,0,72.32475343277973
7498,57.53764512387946,10,54,.5649794754067067,.5807114498241044,1,75.89613517373002
7499,42.14990099109966,12,76,.6983523989205566,.5381757661701664,1,71.84517637726354
7500,44.7357745991474,11,79,.6046005562358419,.5118759663735126,0,76.43006054989834
7501,38.16130926472974,12,100,.3045333045477705,.2883071553362689,1,74.32336663690842
7502,33.32601747624387,14,187,.4150237218820626,.3396660859110638,0,73.11619695744859
7503,32.90136087281435,12,301,.428720132360893,.2554614100122515,0,69.1572481076843
7504,35.28376570179738,11,44,.6759295816793989,.5153080801810077,0,77.07073449057387
7505,43.18455346817017,12,222,.5340596879812413,.639317704989955,1,76.88025489122711
7506,35.45162770193409,9,89,.4011820286942299,.2366065533595791,0,77.59482704383112
7507,36.88116641055312,10,131,.5305686131041121,.4226739870489865,1,69.97346429149786
7508,43.64987724151938,12,110,.3531321787436542,.4600413164249353,0,76.22685795869722
7509,42.35496959751599,13,105,.5098259764147567,.4519484354424344,0,77.15220207666019
7510,50.14814840287504,14,88,.3879434185689863,.6416528983989218,1,64.6278044686641
7511,44.9474152631978,16,47,.443399010383487,.628525872707059,0,75.17319312025532
7512,40.00821653262243,13,108,.5775910960242004,.5020731630178087,1,76.44030264436125
7513,29.64343658754595,11,154,.5622160541927063,.4184583523529383,1,72.63878488926315
7514,32.25674370379563,15,53,.5389143918127566,.6692044710820759,1,71.1780355737438
7515,48.44777281725723,11,82,.5884740969489908,.413794275603592,0,76.46514869543192
7516,30.03067885003053,16,435,.2180858649537007,.2832261599994274,1,71.51635502506464
7517,45.75695222510377,8,153,.6163840561133844,.6847551337342862,0,72.6378998614653
7518,46.1514145401668,14,73,.4236251268247117,.3230259297022632,0,72.15481128049437
7519,43.8542180943469,11,40,.4460424389672594,.5981918181252971,0,70.82049577933925
7520,47.13156509125133,19,139,.4228908041704456,.4696510411053595,0,73.78161143461999
7521,50.13954234049399,14,63,.4335461882203163,.3314505098826132,1,63.48381563648727
7522,43.73365218241295,10,103,.3793065342106226,.3271195424828534,0,71.96396707403942
7523,37.43167570888859,11,94,.3025421463756136,.1549073957623948,0,72.27826352418624
7524,45.95473495152841,12,84,.5123777518511737,.3680412471301481,1,68.62666125044649
7525,44.7836345336436,13,28,.3475847197389062,.6037923060713868,0,80.07761132387736
7526,48.43108408633076,11,251,.4088549269376486,.236529075879837,0,67.73301634236414
7527,39.58603420630786,15,56,.51859555536321,.316131380173747,0,68.51241587021164
7528,32.83053503667612,12,56,.3085590870150041,.4572735042435948,0,77.81136421381748
7529,46.6481863280134,14,27,.4300415742970802,.36615874075454,1,66.31833404765813
7530,45.20452202756084,14,75,.4248166212639832,.3656729875601974,1,69.3178435465031
7531,42.60167162964319,13,125,.6446355549836876,.5039543287388927,0,81.34146187523621
7532,36.4483174136856,12,46,.4480939013656816,.6864432974257644,1,73.09606318355245
7533,41.90535830549793,13,35,.4106557895015231,.6600052732591555,1,68.31736087505517
7534,31.44467698443265,6,51,.4103084674598478,.1692909128245743,0,76.11401385531531
7535,35.11694457670389,10,99,.5764153578397752,.5173870126701425,0,80.72061965329294
7536,39.03534905528772,9,106,.4545436627818026,.3420073366283947,0,75.59540890939773
7537,45.51491865221402,14,241,.343536054749042,.6406945969787303,1,68.75125568182152
7538,56.51895080906359,11,70,.3692495423114004,.414178189550809,1,68.33803407253659
7539,28.53701311950492,11,290,.5772506715764045,.8145405004637657,1,64.74607558987066
7540,39.86643709510906,13,246,.4529001823822711,.3250624319250283,0,76.59667687871053
7541,40.75081538110746,6,72,.4676034374915674,.5547150183826501,1,67.93796181795112
7542,32.517914046858,10,32,.4322064854633391,.6147272997751047,1,73.15555758304144
7543,37.24763940390325,14,49,.5014631041066036,.6783033134887392,0,74.17793679902186
7544,47.5530475047934,15,158,.5163494200819331,.479812558318028,0,73.00997936084354
7545,42.74104021973002,8,71,.5277107202073164,.5165579248069183,1,68.53199424637792
7546,39.50088187803369,16,167,.5214294635156981,.6281415220723211,0,74.07007640843194
7547,46.63172098809147,13,35,.393581274532285,.3066585897140574,0,74.42777294233785
7548,32.96280659497231,13,53,.4086412019445246,.5047800250169133,0,66.13845300478395
7549,34.88301827246485,10,60,.3108713777363729,.3345598136182879,0,74.91623730551754
7550,37.17731337255632,15,178,.396167929898174,.5560446907306706,1,68.27505015668837
7551,49.3139145503865,10,35,.4390988842120195,.4815615914231718,1,75.10676900348389
7552,47.72649836954071,17,28,.08,.374147761250092,1,66.31090323347668
7553,46.83994705753986,14,105,.7557256223102231,.6947218374589663,1,67.64018821177716
7554,42.45202656839562,14,102,.5954042931008255,.7547679846509318,1,76.09636216711691
7555,45.41202945898822,14,87,.557781825047882,.7468391041481185,0,80.16283249343496
7556,47.93236570356829,9,39,.3882581491392935,.6522041773554905,1,64.48134656162011
7557,46.1080241305359,10,149,.4021378202488457,.4888108038245499,0,75.20387657962027
7558,38.05464931616444,16,95,.5939123003259178,.4159056428789011,0,75.01231413628319
7559,33.40049299684244,12,20,.600927941542594,.7007264432117796,1,70.45493022327855
7560,34.2759369984487,9,81,.5524448604706508,.4269896928673503,1,70.0547820273125
7561,45.4472654514717,11,177,.3330997590423543,.3080915623124654,0,70.266044435506
7562,36.35460817056445,11,224,.6571167471310035,.7715405475980701,1,79.17281965479449
7563,40.75965655177122,16,22,.4956664929786845,.2739871584562676,1,71.27427345157372
7564,43.87593316652741,9,125,.4266447514027402,.5991856960381731,0,73.82459061604362
7565,38.71832932666741,13,110,.3873355446983361,.1991875123688366,0,78.79815911414026
7566,31.55316556625692,12,60,.4065532278609222,.4165556097851364,0,69.06995571901851
7567,37.84865158977627,13,83,.3490079904045958,.3583691249451607,1,67.0678026158032
7568,39.32443083734258,14,42,.3720921662803895,.3674630342332925,0,76.55828281232246
7569,40.21127296052186,14,102,.253786205050918,.3025810027510789,0,70.71616660246252
7570,42.65942357312511,10,117,.525479237446873,.5497450094617264,0,74.5454185071724
7571,42.37731080008975,11,175,.5236530279438806,.3818400100304726,0,77.17761132731229
7572,60.01280018092668,10,89,.4959531196094639,.4180492224251862,1,62.75019790020638
7573,49.3152507583742,9,44,.2942389769411319,.4454020983583419,0,72.17319616374692
7574,30.82889203374708,10,22,.3043557997635197,.5053210562691823,1,65.64584993604019
7575,44.22805654752413,10,72,.3546532851032653,.264927577185954,1,67.5101614696664
7576,34.78071159932583,12,123,.4008680540065859,.4194509244123486,0,68.32936076136107
7577,33.23325070391047,11,41,.4639455285586644,.3778327571983424,0,75.99629821453435
7578,42.18766237972052,12,73,.5961837532301311,.6846057891477946,1,68.04072403404039
7579,41.34784540090151,11,119,.2716293900008767,.3928654404600293,1,73.30757893437396
7580,36.22328325334185,12,206,.3683198470777498,.4757510319770662,1,72.75271051214168
7581,29.21894725442069,13,35,.4491103462211541,.3415614500362228,0,72.01152923484288
7582,36.10386330188009,14,80,.4716570819483212,.6045132834086746,1,67.57480063617589
7583,44.45889584494866,10,156,.3897060022087406,.4033342520081962,0,70.43198004298493
7584,50.64852692930606,13,46,.7215770742981324,.4943264091757191,1,71.27116821836886
7585,46.35759060824036,10,129,.5195042292750837,.4901006317721961,1,65.29137286998603
7586,46.19303159344613,11,40,.4947763311977994,.504860590345991,0,78.48726840089716
7587,42.81867171518716,11,14,.5318686824577656,.487432354950724,0,69.03025028164525
7588,36.87741407755563,11,56,.3921295463939493,.4152263933798838,1,72.99613620728164
7589,43.42440006256869,17,15,.3879584037391169,.2620932488219599,0,72.11178577500999
7590,39.83893179584629,16,68,.5447255193357374,.4330994052592878,0,75.4506668924591
7591,41.11012297006101,12,289,.4893123378249697,.4969905178296215,1,71.98047296275848
7592,37.29952591830189,15,55,.3878594861197762,.3493347664633519,1,69.91598741981976
7593,45.88174904531172,10,67,.4573336781726292,.7322976635468159,1,71.74283792192638
7594,49.25797401027709,9,94,.3983318932450224,.2775503927976697,1,68.95321370064154
7595,39.18028806130876,10,94,.4586687340372412,.2442890333868431,1,68.6005252663512
7596,35.50884044619487,10,346,.6082690357449776,.5521368921635527,0,77.44870261595908
7597,44.86012103708001,15,107,.5041530371073729,.5479206080538178,1,70.5577788878783
7598,36.84078602021157,12,199,.7708775913365391,.638696625680756,0,78.22361853412839
7599,44.3422783259763,12,393,.483977318928723,.5689649978528704,0,75.26483670501553
7600,41.2593395000138,11,157,.4558052474285926,.3206736017052623,0,78.46646082259328
7601,44.07323003868796,9,79,.2597696469817666,.3874644538769281,1,66.69706123916259
7602,37.64081218474748,10,71,.6346321369633352,.6830156518952086,0,68.96747343409838
7603,27.97518751828925,11,40,.4813048666664593,.2484839714103971,0,76.3543348323319
7604,50.16687570655326,11,105,.4576823080949033,.4367331036615816,0,77.33034846106636
7605,35.90500885860611,14,188,.1916891559495029,.02,0,79.26042365297133
7606,41.57067778025841,18,112,.4777882055229573,.4690177498019149,0,70.24415200801947
7607,46.11201225881329,11,144,.238377942380344,.3956578054761664,1,68.62421125236082
7608,44.88458830144796,8,119,.2125549267961875,.1662384145984291,0,71.24875580825847
7609,43.49996715587277,12,195,.3920788839087616,.5024020496751598,1,75.61950660868229
7610,53.34074793824517,13,126,.5004395664240803,.3370887683750969,0,74.39040557063964
7611,47.8766410104209,11,41,.3743666969007937,.4979453234145807,0,76.00058603866759
7612,35.25882522670529,13,138,.4794733731035425,.5813391217425009,1,72.31299450416917
7613,38.79968280617248,16,231,.5785852770790485,.6237592604181391,0,75.3033031096905
7614,35.49758973409911,9,87,.544041779177313,.4233518831778546,0,76.93819953064586
7615,39.04751915505029,11,729,.4438588185197995,.3209614753557408,0,76.45602673302896
7616,47.14478073679746,16,160,.4824655274327619,.6122885214773813,1,74.67705105078475
7617,40.37839175180491,13,206,.3811160093795409,.3651442590887466,0,73.57511043651245
7618,39.27135903733529,11,488,.4580479105901364,.3999197863494222,0,74.20446422925012
7619,36.59617095548204,7,134,.4838878014942061,.3854891692365382,0,78.60131319799154
7620,47.13997149077561,13,82,.4219026401708188,.5618794243917449,1,67.21148192035368
7621,49.4297234168568,13,119,.5860890261825695,.633261534097298,1,69.23509418609947
7622,24.76355153889979,10,90,.2861734593941133,.2263873645714259,1,73.33238978695881
7623,48.27857491223862,13,377,.3844618752941272,.4692991222467988,0,75.92153127769069
7624,33.40827905720093,9,107,.4665103613217603,.7629709795028816,1,74.40797351373421
7625,43.66473230398692,11,162,.52519073334026,.3491705345186462,1,73.83870247711712
7626,37.31182360645487,12,125,.3492416737679912,.056877446869541,1,65.14436051447983
7627,36.03421863811421,11,43,.4326184460326553,.2505921787286493,1,64.05723556567503
7628,40.1093680530245,16,234,.550013690190276,.5451215661096787,0,76.73768136213003
7629,53.68713391324597,15,93,.4798635401876932,.2583620402315822,0,72.3225669945388
7630,42.21188882383677,13,88,.4712296754235805,.4447916653189619,1,68.98302500778318
7631,34.70519220480745,12,116,.4348594253828285,.4510805842533547,1,72.16663547637441
7632,35.52612181906913,13,109,.507074777991807,.474602519031544,0,71.77619829955738
7633,37.67850803116214,13,56,.4953744410007709,.6747947584019809,1,70.47473540427879
7634,45.15117589496592,18,181,.4746732258111764,.5714190653702537,0,76.50677405162531
7635,38.68410985443645,12,133,.5546991339976572,.3587866484749233,1,70.52497583349171
7636,40.80643025512487,13,42,.4998573424143583,.4730288705872521,0,73.51935864280136
7637,43.6252801240408,13,38,.6002439582882252,.5950706631111492,1,63.46917370380263
7638,41.87557978236695,13,170,.2177869472906751,.3063579156395816,0,70.59839211114425
7639,34.30317866799484,14,101,.5228176978761809,.4770909540443178,1,75.99621659954624
7640,34.85650346586575,13,104,.2673084569121096,.2232092143545628,1,75.08886859144474
7641,35.2114700142601,15,263,.2742961631548742,.2921490642092476,0,69.64329205528988
7642,41.85207750944929,15,90,.3871628813323453,.3288211902129886,1,66.93119222637002
7643,44.53537491527304,13,48,.4093935066505595,.5948523491184363,0,74.56006504470325
7644,39.38270323408187,11,136,.5129305773633466,.6604509408981325,0,72.93903485196397
7645,38.68128759711941,16,56,.4879325385079989,.498401025379236,0,74.82854421517976
7646,45.09137996818843,13,59,.4720430363440603,.3219124408500333,1,72.63919196630431
7647,58.11167012514484,12,79,.5177173328544574,.5930538664533636,0,74.89172414826889
7648,35.80132926197117,15,210,.6429269787239739,.6942035187560258,0,75.32647655252916
7649,33.77802883199068,13,49,.3963232253386865,.3746925858583707,0,77.00834227683826
7650,40.24291757213506,12,138,.3001960873161488,.5363058546207591,1,75.08776495290742
7651,26.90601576656439,16,63,.2488554876457298,.3031276651449309,1,71.55162608811474
7652,46.77064665909777,16,146,.5363613547159038,.7103329484802841,1,73.49426070602996
7653,42.58706998683444,16,51,.3746858492409853,.3308720477523087,1,69.88404628320775
7654,42.52480628739789,13,117,.2402512273586312,.606943280689482,1,67.81082520427934
7655,44.51547926618643,13,125,.5738549029246787,.3608743632348848,0,75.26822961286234
7656,38.86667416389734,11,213,.4189207141603614,.4743917706176489,0,80.34823437800218
7657,42.64808254895586,12,52,.6131325049979661,.6939993599912476,0,66.04131371940302
7658,51.51889109051544,11,106,.3708446191514398,.3874284544459389,1,71.73666757841029
7659,52.94058265483216,16,69,.3279064145706926,.3063347529916008,1,66.66853475208529
7660,39.8070534081494,14,57,.5338316835351452,.3814638194728285,0,74.80988512316165
7661,41.51297688494962,12,42,.4452185540297864,.40834791734309,0,77.43867881297851
7662,49.42273968966158,9,97,.3646379670757177,.3615919926773483,1,65.28693930154931
7663,41.51207974691937,12,110,.3437585396665008,.4333031760026899,1,71.99895544077697
7664,33.17387596670689,12,28,.5212801695671525,.4562489977965148,1,74.03209003111377
7665,42.33440218024651,11,132,.3965361174098723,.1802130400059845,1,65.90496186103562
7666,43.25816333863086,13,174,.4743032397991861,.4609446396573575,1,73.06437408341506
7667,44.69228808460602,13,93,.5587222957239247,.6594387702681985,1,72.00035164406314
7668,31.21577733168156,17,72,.4744690136466915,.4789754725928762,0,76.4239282879157
7669,41.91773804934667,12,81,.3772978505948825,.2796648500940483,0,78.74851096917649
7670,47.80780177596036,16,80,.557963611318166,.6244330067962716,0,76.03015477596136
7671,41.61827885011312,9,279,.4614224965815233,.6295328550892899,1,71.66486392329527
7672,46.05989721626307,12,117,.3017423517958606,.2914961777281854,0,77.92159282069886
7673,36.48192291699272,10,32,.5253255644086652,.5188547016988645,1,71.18687246502925
7674,28.92797832372992,10,148,.4146453302136354,.7110582885623562,1,73.02374423695315
7675,28.69012324190415,12,44,.5244808002560999,.4514334140078157,0,75.98117773483058
7676,42.61476939398203,13,102,.3336824565687082,.2142871795091789,0,83.04641682472128
7677,34.82346685117075,16,37,.572845174410586,.698814876104592,1,75.9357195962309
7678,40.49759489434843,14,239,.4683669470623125,.5832015622449999,0,75.6109682235404
7679,34.74079293447618,13,70,.4411085884135401,.3753966488860828,1,73.19299311828343
7680,33.98255732695855,12,39,.2523594247476313,.1134395917112463,1,70.44071623304843
7681,46.68188969414928,15,140,.3490957205889459,.4223014695345377,1,71.81665905589081
7682,43.98831345941353,13,58,.3886949546332259,.5670068217520341,1,68.6997247159146
7683,31.76858897975242,11,232,.5338849386044721,.6964593259412626,1,73.57567965386669
7684,42.00706116857443,12,25,.2433930268051904,.2628443885838492,0,71.71204170281334
7685,36.24561548192676,13,28,.4308952547626367,.0581658196543814,0,80.93532664048736
7686,45.69747670887219,13,117,.4093759160335871,.4153372284155037,0,71.63677790830464
7687,31.44413637664217,11,63,.4050459135393448,.3273813066911939,0,69.813808248901
7688,33.24545559562067,7,58,.4554822345422428,.6137914932503353,0,73.07649696949414
7689,27.11638740187962,13,145,.569606199227506,.3130489511137649,0,76.47795428375377
7690,36.44969861419602,10,166,.5623680932789207,.6756899059318551,0,72.60294830628447
7691,49.49765450649893,14,119,.3294047523068732,.4398492514198383,0,82.82679116140986
7692,43.19947807253269,11,273,.5883416696286087,.529383432068151,1,76.02633153626347
7693,38.1367306245869,13,156,.4647219363448737,.2666528883643111,1,73.09815144125089
7694,50.33929559321057,12,237,.1306953142368401,.3134684220490311,0,74.46195054821845
7695,47.79456631247889,13,79,.5762796999113308,.7973745436344284,1,72.4882632374414
7696,32.75766170442434,7,82,.2844440039081488,.4850387337476757,1,72.83162939520234
7697,38.1631908348735,14,33,.36965051747899,.3313328571529415,0,75.76819611488629
7698,37.33586775674061,12,74,.2271377836940646,.0677069514216855,0,75.89747851259845
7699,30.01997607709108,11,203,.4589209489241619,.4103517580083493,0,72.0760930727227
7700,42.1337262490194,14,138,.5891713734055362,.6882173791197846,0,81.28597826013194
7701,47.0095019112039,15,89,.6421846851730035,.7311448858705411,1,69.78432825166381
7702,40.38100081972954,14,140,.376061082099019,.3151759968101587,0,74.35219509797474
7703,42.86207974795935,12,64,.5064233289290232,.2833040593863888,1,68.36751616226647
7704,48.63996089706747,12,141,.5511976652791934,.5491001749283205,0,78.76765078626894
7705,42.92412856653441,13,87,.5869519075291212,.4554396508390246,0,73.89839720851934
7706,43.98913251367901,10,142,.5106512718410066,.5002445382094733,1,63.53211663439407
7707,44.9319205197425,13,318,.5497892079233154,.8629459376454207,1,69.03762354880816
7708,48.22274185849373,9,42,.4733937235244936,.513008398289942,1,63.35167904667909
7709,37.69872485928413,16,136,.4621809680055921,.5798592564989608,1,70.85678741054166
7710,42.96325166872621,11,101,.3328268564602349,.2525650014550163,0,77.35835694835119
7711,37.42287715829633,8,159,.3460447496271555,.2466120682502481,0,69.66231374882722
7712,30.93860680654304,12,110,.4826542630536677,.4613847438451171,0,75.56875061947059
7713,34.7285770628493,13,47,.3209032586872038,.2216506134652374,0,76.34373090930166
7714,40.88898399465098,10,47,.4211610444026389,.6464981569791377,0,74.73244289503492
7715,37.40276715160334,9,96,.5292565747525657,.7593960200999732,1,71.51616266143795
7716,28.47854482382082,12,93,.3571599995264668,.3381299982354942,0,79.62423707918764
7717,38.50985722930224,14,63,.4601143259157005,.533246499329586,0,73.60366529637844
7718,41.19713613642796,10,69,.5742856950573743,.8315438519039381,1,74.50857197028793
7719,38.23282922019391,12,101,.2987004273255672,.1832978746604838,0,76.37519591136319
7720,45.76108165822167,14,96,.4645412603224942,.8079314960817801,1,72.17052911080272
7721,37.92168821577155,11,357,.6053097913308673,.4069695776085434,0,76.07302326456269
7722,33.75529253644524,14,60,.4839266498510404,.5992656610936028,0,72.84430173244485
7723,37.03546173910372,10,348,.3219638761225058,.4055815106495464,1,70.53800613708977
7724,43.03041721223298,11,125,.3618667199871594,.4260462680985487,0,78.0526881307879
7725,47.34023103317742,11,175,.5230108822775008,.2681869592569119,1,74.61375390520739
7726,35.71361221392509,18,145,.4977321479748984,.6692028819757733,1,76.39720921483021
7727,52.06241995189988,11,83,.3790877250436206,.4153983218116425,1,68.33797741866617
7728,42.17180098564267,8,136,.5070160149674092,.4395368771297241,0,74.78051914541768
7729,40.26915221081526,12,403,.5289673677799075,.6391764703735925,1,71.41366023740889
7730,32.87608905837627,14,92,.3577165463071046,.5506051247206255,0,78.51421233416491
7731,30.0146644095289,9,228,.3945052248945246,.6221545981159724,1,70.29727777784312
7732,40.05794967693061,10,41,.5053379143352669,.5196388288723596,1,70.91507234413083
7733,35.23346956144158,14,194,.3568638853866221,.3670484274676553,0,69.20745842354954
7734,47.97409897591607,11,197,.6730295969668983,.4807392556050362,0,78.67152698248809
7735,46.09761544535345,9,47,.4039490043554921,.1950255600367993,1,70.685326514626
7736,38.85436140603267,12,37,.5573391937900937,.6418305157509177,0,77.03398233872659
7737,39.2810649586416,12,61,.85,.5174623232234528,1,70.2747642806851
7738,53.96907647668463,10,130,.3939369210292373,.2805917661825352,0,71.04986297047601
7739,34.97556809171066,9,63,.2078151910903993,.1719452208978132,0,73.9836976680739
7740,42.79309453433418,13,29,.5010096388841976,.7053664833104548,0,73.55812676614705
7741,44.00843177130505,12,25,.6123862015282303,.9627212946812099,1,70.15844446506085
7742,46.1120773803434,15,67,.6138299298066664,.5089169502925717,0,77.57294429731446
7743,47.01096384630675,12,167,.3416494607997931,.4249207334787156,0,69.51618122419607
7744,36.50885477223166,13,37,.4580762591374841,.3829022483453149,0,74.98031509318164
7745,42.15383126266173,9,101,.2465348588957151,.4244778393468365,0,81.40070216608537
7746,32.05774945503652,12,54,.3624791827811679,.3440909549926245,1,70.03226939507118
7747,31.97625789699857,8,114,.5072243715472773,.5873483012951737,0,68.5447874922899
7748,48.35877324967025,16,76,.4323585031459311,.5669656745116255,1,70.14088724228711
7749,40.59911620444525,8,81,.5077554622449012,.4442502376026287,0,72.37456358563296
7750,39.1531463415473,11,102,.3788294621738386,.5618034332568462,1,77.56181513339561
7751,36.11669537021135,10,39,.2748170570644079,.5091154010195282,0,78.5067385528974
7752,26.40702776828488,11,81,.5763548436122918,.4845613100603587,1,70.97900856836849
7753,40.72855994412418,11,61,.4158473716721326,.3368374132071914,1,68.4768424206747
7754,45.80860738549977,10,53,.4126030283242145,.3808262861852603,0,79.59778880672471
7755,36.01128197926113,13,354,.4250503966569115,.0986671945688581,0,74.58353143288477
7756,39.29185253517124,11,313,.5199385060841034,.3445110145054383,0,74.77097334434185
7757,32.00590797156335,11,91,.4844883911537519,.4006817294718207,0,73.14606102324953
7758,45.52772316152586,6,52,.2953666152780512,.1161111537573088,1,75.82832241512516
7759,33.35194225534401,8,60,.5091488574641927,.5612017557548489,1,68.73874028789298
7760,60.52217487292505,13,50,.3844162112081642,.310033302776158,0,80.17535253104421
7761,35.31007450009223,10,411,.2560878269251171,.2764630676706593,0,76.84280204003548
7762,40.65242996665005,13,56,.3517037501945877,.1865843792530698,0,77.28513270795931
7763,41.01114952876824,9,113,.5858914796825944,.6143966264818953,1,70.57727498186971
7764,44.17830634351395,14,72,.4433156423911372,.4867944548296554,0,73.28233346774033
7765,37.5964738325149,9,44,.7089624864435977,.6215511216830673,0,73.00207919709396
7766,41.90286413208741,9,73,.3941720940281573,.2910666929814628,0,71.37159334838486
7767,39.08128215599903,11,86,.4927901420067475,.6029137040213393,1,75.32276743140544
7768,39.84907845737452,7,92,.6042513443641847,.7335043864846325,1,72.80730459437045
7769,45.19930546157002,13,64,.3985241165237563,.2438564046948935,0,72.80955048022339
7770,40.38226721964266,12,114,.4783833350507078,.3473860977732239,1,62.49108183646608
7771,30.3805238960729,9,94,.4888659555925697,.508831245907002,0,76.24722831075722
7772,41.48778826158313,15,51,.4758519294952859,.5772902125642263,0,81.26854638277193
7773,45.53489367485442,15,57,.292665297588235,.2380713562821963,1,72.9167452464923
7774,45.94378899580161,12,67,.3451276331691431,.4608183940281287,1,70.7716995811513
7775,38.90604534633877,12,52,.5412032024289085,.3345025336125729,0,72.59268330242456
7776,37.21572863277225,12,32,.6206767801816179,.5023147190825387,0,72.88429029349469
7777,34.59327052435475,12,35,.5570087529884977,.6059859738529648,0,77.27473507232526
7778,47.18156054660149,10,26,.3805926527020047,.02,0,75.29932535417817
7779,31.95673907589189,12,88,.5058929454578165,.4805243451742708,1,73.00464414184239
7780,52.27395152408353,10,410,.6252426593801121,.4947824654650122,0,80.59278887611509
7781,29.28094305714569,12,34,.4138103616771803,.5564123171184217,1,65.97717719963453
7782,38.43582672636271,10,87,.6924192047746338,.7514475609300761,0,76.62261352747608
7783,38.99678059675219,15,131,.5892596131316689,.4595644934514587,1,68.90633643970021
7784,45.59414803670793,15,262,.3636301761900511,.3306125642145685,1,70.70024808443051
7785,46.18532894723471,15,21,.3992719764248297,.3698343953647933,0,78.69109467948981
7786,47.37120169778164,12,192,.4871783398058721,.498805058818074,0,78.06369218271733
7787,43.01246955750363,9,209,.4247555026134444,.5879944862488131,0,82.13308047251265
7788,40.32916981980242,10,192,.3580864029696009,.4350784775049597,1,68.48256203091367
7789,36.09995053039219,11,54,.4716730871009218,.5078412088199774,0,72.43283826769947
7790,39.00895946286546,16,85,.564210994159553,.4692350359665941,0,75.40155808057152
7791,51.27992747475081,16,92,.5519558549553942,.445941090353754,1,68.97651394681063
7792,47.35958694445733,10,82,.5359971479303903,.3617711533831053,0,74.16980624934298
7793,41.17311759940458,8,44,.4326132607610917,.4001172736736991,0,68.96670493005222
7794,45.13942727423581,14,25,.4825394368133545,.592422316929643,1,78.01635559331761
7795,32.07484010422139,14,194,.4037965638448464,.6217625967716778,1,80.32236366465733
7796,30.72586828532285,13,95,.2407329261509517,.2779765218444258,0,68.91817148438587
7797,38.85462585022682,10,66,.5105322484384613,.4492400568958527,0,75.16100384604528
7798,26.5694069991529,14,87,.4762898858940459,.4692361022396535,0,78.43228170081493
7799,33.68031210004397,11,112,.3682647184436418,.3963665500569858,1,66.45696484541365
7800,31.06257437876611,12,79,.2244071368323553,.4964342506838265,0,74.78593365401166
7801,38.96171015555586,10,83,.5241638468004741,.4693074863443521,0,76.56827791512515
7802,39.93810871345329,15,40,.4763282516578832,.7854959829271771,0,79.68438307969697
7803,37.92812730608351,13,232,.3314363161399342,.3997589795607617,0,71.56319816589625
7804,33.63562421852133,12,203,.717044698028639,.6407820484204537,1,71.22292152490428
7805,44.35569887491783,13,52,.5984450657505889,.3826176691808656,0,74.86256191147427
7806,32.80853312282403,14,30,.4523813097478254,.3692731716930404,0,73.43529158987486
7807,31.35307145423978,10,88,.4483948652048605,.4265858400132584,0,74.53796292729133
7808,45.18056127513315,9,34,.499982721886168,.2918372270664853,0,70.13516347808593
7809,43.85044147557944,11,35,.4738486655017187,.5811633589067422,1,72.78476901742926
7810,39.1607855039641,12,48,.1546443335089042,.2633357067686241,1,68.02934419204874
7811,38.08540574904283,13,100,.4953942124408399,.3893118882533305,1,72.62820683962114
7812,38.60716419353745,18,85,.5459119247549956,.4187587758722338,0,74.37499858860076
7813,40.24585165392793,14,138,.3800073254590134,.1933363537521526,0,83.05405780285301
7814,45.79482804302373,11,121,.5830896536448162,.7311210712868048,0,74.19136785011428
7815,26.65464510859174,15,63,.4197610213113561,.3621554186825899,0,78.58362494357226
7816,39.25562166113134,17,310,.5188733117236135,.4607745280806521,1,75.11825541716779
7817,43.31409513268235,10,81,.7066610435055658,.7601758176241813,1,70.86048307275099
7818,40.61519364535187,11,165,.4857150560915813,.6526583870799088,1,69.1460740490341
7819,44.76704664454655,15,69,.5330504942543709,.5025925318307564,1,71.06725208396735
7820,43.74645688936258,13,31,.302887311942264,.2225440310036634,0,75.94180726375706
7821,49.04092337507547,15,404,.4992585056477631,.1089792285953632,0,69.36889408544168
7822,22.81918941108848,11,280,.3750316752017024,.4233435931581953,0,67.57128882522603
7823,33.39965476565355,15,84,.4231857235949052,.5053120223232954,0,72.93957180279936
7824,44.11276176594924,15,71,.4131658690647269,.2859404203124562,0,69.31707766851881
7825,39.41869705400114,11,43,.2110330511110199,.0917598239954338,0,77.7562086152348
7826,41.11231890671973,9,105,.5472719726216208,.5569462251571659,1,75.80744293660233
7827,43.62620105580717,12,123,.4459083309874939,.6037625732592402,1,69.06028588574721
7828,25.94319654918093,10,37,.4020689731836353,.7801624597744981,1,66.40019403785568
7829,47.05477733405495,16,95,.374079703394014,.3039461512424455,0,71.63133978596578
7830,45.48647637925531,11,61,.352761289914252,.2986957850451754,0,70.68292593884597
7831,44.04545593095826,8,288,.4597847222962754,.3840783032776031,0,71.1346657792533
7832,41.25800464791573,11,139,.6464051734287791,.6755945103558249,1,69.17833140471811
7833,47.28786974052944,10,35,.5047653987377119,.593259574551893,0,76.32094241988683
7834,40.42139601488768,14,50,.4539915243077787,.1503729462241999,0,70.52840769438235
7835,41.98723663961342,13,45,.6068061265649679,.5957286193706239,1,73.83889167617258
7836,32.33047096684961,11,138,.3618563050478745,.3464647494060323,1,68.02171121842403
7837,53.75424092335521,15,173,.4146443370530626,.2360966855519048,0,77.5761787781866
7838,38.70617911073445,17,86,.2103865756577332,.0899049615960789,0,72.07203113749981
7839,46.70508672766293,9,79,.5221164097709391,.715699656782828,1,66.6184902264412
7840,43.53396538894172,10,55,.513219024959791,.4168948523587995,1,62.11368151527599
7841,41.62495086490377,11,42,.5370631345461871,.7979817005368659,1,71.12547450880083
7842,36.44840014650422,12,73,.2556692187489765,.3873849012660393,1,72.11045823623293
7843,36.58685925647354,15,101,.4077931039133011,.2957563392815195,1,74.75292267276345
7844,42.14046437649677,12,41,.7011349497051236,.5308706697120216,0,71.81797858917815
7845,49.09973896384247,13,103,.4508961983959466,.3185329448093659,0,78.65926009830643
7846,29.40618018226317,16,206,.6650421143352735,.6430637633466587,0,73.13546232247253
7847,34.3174395631081,11,46,.4390766810739069,.3571953821017084,1,74.15088916908256
7848,48.20457244793067,12,15,.5452260320698752,.4351564534524284,1,79.91764481156787
7849,38.70812243635504,12,114,.3015765179812279,.4446269160718461,1,70.93026243156989
7850,40.0202381831143,12,160,.3491529899263375,.2948099947095753,0,80.69474403524032
7851,40.7028589491804,14,237,.2519000887803217,.2267278596663101,1,70.48998637191026
7852,38.21624121044243,12,55,.463405495782968,.4464106601933368,0,71.72039067462815
7853,41.90874651603713,11,115,.4897351358045071,.8395179402861125,1,74.71161290569316
7854,46.22605191850638,14,92,.4416643786515334,.4034093475981519,1,71.71005143636614
7855,29.67363562615085,10,40,.4216556704653372,.3286327878846903,0,73.39407813179569
7856,38.40184106149365,15,161,.3764979128012713,.3136448818228976,1,68.53620530517539
7857,44.41205488308723,15,96,.1306359864635056,.1708177937158179,0,73.93472250191198
7858,49.34915487185407,13,134,.4439131484984915,.3044435053552887,0,76.31352701907652
7859,29.46558078347912,17,342,.4576688050717947,.5863495661265121,0,76.59411482019564
7860,39.2572986771317,13,201,.4099337210193965,.4403090401748955,0,71.20103551670736
7861,34.7887092980597,14,218,.5622047964634015,.5042755990177191,1,74.89217677284704
7862,34.88359261857418,12,116,.3137212289750326,.1840344459010333,0,75.94407692764993
7863,45.93558316347066,12,87,.3702005509254852,.3881947408884238,0,77.35279143477554
7864,47.46336320968733,13,199,.3620979721349894,.5527570760375876,1,67.84896635208894
7865,48.09825885915286,10,189,.3927676449274983,.4646689250155278,1,71.82357237385841
7866,41.83385158239575,11,79,.4219162113238558,.4855289880268981,1,74.88076999803569
7867,28.66808862320184,10,491,.2802397266545198,.3541070502066956,0,76.77713372488516
7868,49.2144846080905,11,38,.4966128482335981,.5764018182493039,1,76.94250950332655
7869,43.85494121789988,14,68,.5277245656269842,.6122581258803454,0,75.3252599270196
7870,42.86853308754988,11,157,.4007717923090275,.4399159382294352,0,81.1225663446657
7871,29.84215709343571,11,89,.4634716525614211,.3368736223626141,0,73.7248980106644
7872,42.70305220661668,12,554,.4807072975300808,.5706044914248566,1,71.95491515618785
7873,34.64195832163863,11,73,.85,.9694813534032498,0,76.22472648657686
7874,35.21634691825335,10,102,.4990842938466795,.5575977680609867,1,70.02550123822869
7875,36.42297145113812,10,207,.5064723285182625,.5432323433008269,0,68.51875145145603
7876,35.41569909455898,12,199,.3909480362895391,.4622456722996667,1,68.60512772054754
7877,38.12433416480456,9,58,.4586173707568425,.3126724669529338,0,76.33833664768686
7878,39.67526564568441,14,45,.4180195730901953,.4673387497381377,1,72.05690199327961
7879,41.30505678787488,14,43,.4308382625644351,.2435904788699759,1,69.68378394271048
7880,45.87677193296874,15,71,.4513904215091072,.3079681278606953,1,79.53394633932656
7881,32.97288659857635,11,62,.4539430561861553,.6915509916292162,0,76.53385557040826
7882,32.02873531012034,18,53,.4710648261377757,.5105317060776489,0,78.24004068599506
7883,48.28925286285246,8,220,.5450459470611521,.4963250770320002,1,70.38047808691178
7884,28.53531293593823,10,130,.5086810981352177,.5472649527308224,0,77.89370070846103
7885,49.28113837528225,15,42,.662674823649907,.666862044794719,0,78.60880896348169
7886,38.88788276985343,15,254,.5915282201388292,.4555931102275477,1,69.98102257325019
7887,38.18822820827283,14,51,.5460660135396308,.4600616900179353,0,74.80890498697543
7888,45.3256113298117,11,216,.4630893170082069,.5906430216111818,0,70.2250845993135
7889,34.1941717570807,15,195,.4422681998770087,.4022168158576953,0,73.21701993377278
7890,35.29200174072471,12,226,.626513186603376,.6762525331435471,1,68.63508081440544
7891,42.07854384009539,7,174,.5850498179873916,.5672048272326996,1,68.02724349389341
7892,44.09332835631851,9,100,.7642594388325513,.6367872559633991,0,75.90723550271585
7893,46.30237913775696,15,60,.4108072115159139,.1352040325204198,0,74.67897864013635
7894,40.87499481571927,12,98,.4711481063417565,.1607181005486036,0,76.87671991512497
7895,33.10171728791885,12,46,.537577183861744,.6599123895516037,1,76.44764954210679
7896,38.52735867412459,15,102,.4720870212434514,.3644790329933534,0,76.97341281703974
7897,35.09842623760162,10,15,.2408410112958246,.3101405105510415,0,75.8140756491519
7898,40.39815250791789,13,180,.515651710345481,.3807211984822995,0,79.18787975636729
7899,41.66399719058646,15,35,.2259904857987254,.2627459464175085,0,76.61845367825543
7900,36.15191869600452,11,154,.7010967743384819,.8350607793264722,1,74.19838441669043
7901,50.37257177842123,11,48,.5013011593980623,.5674820187029488,0,74.63716660824531
7902,39.68254792336541,15,59,.4647425020654364,.4914902720872765,1,66.97888460737965
7903,46.32188705681011,15,133,.5630842840465633,.6255307940893932,0,74.87658882923844
7904,39.53911430135915,10,120,.5137889922129274,.4545869106168484,0,78.47774920507864
7905,33.71914828838595,12,110,.415108272411876,.2454879194415668,1,69.9253050285932
7906,34.51884570613352,15,180,.3863562904509295,.4219717223406702,0,76.81694653170909
7907,32.31655393229251,13,62,.2051945043032739,.2309561225224108,0,75.77567730008789
7908,42.54596729087982,9,431,.4841823521991748,.601518581286938,0,80.06904406779174
7909,46.7227357124349,8,66,.4300630673654114,.3384232405927751,0,73.97685349767897
7910,44.31624283443872,12,26,.5461404067818315,.4842540809182024,0,73.87163247748953
7911,36.93061069164985,8,18,.6607781017798114,.6183058073737252,1,73.99820810487647
7912,35.74690507420218,12,115,.3913758530870154,.364303654816333,0,73.12595955393182
7913,44.31451857873698,9,33,.4656868404182395,.3756965695813844,0,71.72057040749652
7914,42.4209517100486,13,60,.4697281657686886,.8569895834069385,1,71.61538594924448
7915,39.9346118125806,16,108,.5401691382391705,.6458313318954498,0,72.93830751052391
7916,34.45419191460687,13,98,.4451931623837622,.4282484075702414,1,77.08256408010152
7917,38.32296312588731,14,121,.4554384602967723,.3779623779620509,0,77.63910163416855
7918,38.23443149163857,12,69,.4783677583103988,.3810480236230829,0,77.23322418059107
7919,36.84047153525527,12,62,.5574497969677413,.5681178094054988,1,69.18364020301691
7920,45.77127189978162,16,62,.2100081010123831,.0586014992644995,0,77.48282651143917
7921,39.40813804455666,12,119,.6208956012076686,.7950067966679141,1,71.03155647608938
7922,35.18136087436312,12,550,.4458152206158975,.6627703040484851,0,76.24898995692722
7923,41.49213427114815,13,217,.5119491443309605,.5200108641394785,0,74.36227793656448
7924,39.76400501073334,14,51,.3045729501165305,.3172229050523839,1,66.45536107689233
7925,44.29224946185239,13,79,.3564090791418592,.3988809778326445,0,75.83014722286244
7926,43.91981095352276,15,74,.6532866968530525,.624458515931318,1,72.6227463615174
7927,45.50684775908769,15,284,.3015731133508446,.4145094560169776,0,75.06421827058267
7928,43.13743026551595,16,152,.1691652592834925,.0789010943497873,1,75.05439008736779
7929,41.00556228886448,11,88,.5163148818231985,.6862976303343714,1,77.29000818928526
7930,38.45272945721984,14,120,.4776695486434428,.4113270845843459,0,77.97264020336793
7931,32.68788442687253,12,190,.2958648155159924,.547706706413756,0,79.36574443942673
7932,41.17725510855766,14,87,.4642542760752524,.4791173442763798,1,67.07482000288124
7933,48.22419161194104,14,399,.6291953298005348,.6925972563394025,0,79.0520098471232
7934,44.80989309374224,15,166,.6442591455359455,.98,1,72.72880171490755
7935,37.0269939386182,10,98,.3540566722277051,.3886882122066978,0,72.52545067167809
7936,43.46113462741795,13,194,.5316686332102684,.7099330141113626,0,76.54974757822994
7937,44.66136059210208,12,142,.6029993996566471,.4698007653605808,0,79.16754402703572
7938,39.73074851355105,14,51,.334715002585723,.2593277156733188,0,70.64520897738386
7939,40.55557442855,15,116,.5447723597846045,.5392515967065644,0,73.1647539527908
7940,46.07313824912346,10,49,.407087228235076,.4328879880154903,1,78.36036608241534
7941,45.53070641018311,12,50,.3814796334538457,.3569613719650719,1,70.15884810104417
7942,47.48124855999636,12,323,.4311215541116996,.4700352293611708,1,69.41902990777244
7943,46.2425147509826,15,82,.354818406519476,.4069778661115565,0,73.06619268138009
7944,45.06359665082368,10,110,.4375416931556933,.5769502793033717,1,73.15306428813324
7945,36.84104824195381,13,55,.4835002170725791,.6966280085691675,0,72.40578078011467
7946,38.84617008537507,11,134,.3116078760226779,.3038314707033857,0,71.52156308355661
7947,35.52438928757538,15,80,.482055926395735,.723636065936214,0,72.69221915244151
7948,44.19250361100676,14,18,.6032404657841213,.4300643873501435,1,67.31886187536321
7949,41.75463186624373,12,176,.6388544411400082,.382192901251446,0,72.3558019140503
7950,45.47286583623071,18,98,.4234823268729538,.5121591003463468,0,78.74281095830776
7951,39.07654605863411,16,50,.3161051291997501,.489678433494547,1,73.95119677221997
7952,41.61981940110978,12,40,.3453221397339286,.4181319605621168,1,70.12858125909713
7953,28.80329285125794,15,64,.5500226746674174,.6942528448824188,0,68.85883130080079
7954,19.92345820240843,13,81,.4733107926108864,.4950058226531784,1,74.25332689643653
7955,39.01252489213248,10,40,.3919927690330843,.3327364008392629,0,72.85766582051968
7956,36.47713966508891,15,157,.3953269767035575,.4985859346906041,1,75.29717252014673
7957,36.08882564081268,7,98,.4680427438988728,.4231498332989982,1,70.60394051182604
7958,36.97256300720004,13,41,.4867042619675985,.5083398164515587,1,69.68709399502426
7959,37.17193487016267,13,187,.4964933145694727,.5400344238673374,1,69.61509652941224
7960,37.0161715544344,11,59,.6255766190724668,.8806858042873273,0,77.08355025291883
7961,33.24051101780566,15,18,.3411369990760347,.2300694606528023,0,78.13699612350536
7962,33.08096924785454,13,69,.5125321947444862,.6376995698261645,0,73.92988948346839
7963,35.32336201613385,12,96,.5716244447014278,.7953157234989526,1,78.06682782522883
7964,32.53866410485718,12,205,.392661011139439,.6610654919276431,1,72.7503428897982
7965,39.42159344395804,10,141,.422291872327873,.4822943680172003,0,69.36528590274035
7966,39.52766909634206,12,86,.5050888528395796,.4875059299150596,0,78.23278984940168
7967,40.45252925957243,12,245,.6643218169962329,.6703855522235657,1,66.50052180572922
7968,40.53986968799185,14,35,.6368161145620381,.5657783023247818,0,78.00579174962401
7969,41.16673636712721,14,103,.4744680319938228,.5294727457604184,0,73.81247053599931
7970,36.6186349603336,14,37,.2036974960563598,.1629758087626618,0,72.74112032343385
7971,35.30123377908488,10,126,.3371119105688817,.1248764828449312,1,67.40741686325038
7972,40.49731992862391,14,174,.4311002393122795,.244199545045483,0,72.50794675478716
7973,35.16639301017164,14,43,.3908375137993628,.2359813669159369,0,70.14723674213532
7974,42.60191550426594,14,87,.3313606180112203,.2093709586511889,1,72.83410720369055
7975,27.07038116755847,17,109,.2530015005218575,.3422174775861295,0,75.44652626741181
7976,46.58223124773878,18,71,.3774278831991618,.5217816396650088,1,74.6519052943962
7977,40.39885695199796,10,204,.3704361987621429,.2722700799477225,0,73.78265908064556
7978,40.80390593601756,10,65,.4608127439380561,.4286554286245102,1,70.30437259050369
7979,48.28216795115532,11,140,.4402171812724377,.3966317574645826,0,80.29952702370625
7980,40.01855508855697,16,58,.6280077773874246,.5716144381189284,1,70.94435926136576
7981,48.72163525851177,10,120,.5067660621609337,.4189468267211653,0,77.14600905613176
7982,35.71601298607808,12,113,.4394877340262248,.3234939671802697,0,76.00677869331246
7983,39.39459110758015,12,302,.5048483053588384,.5589564029291921,1,69.78637050068136
7984,36.09690328935026,7,19,.426158421719959,.3699654505379546,0,67.5002145164455
7985,34.76420639005345,14,36,.3845515027522776,.3902332719494919,1,71.05196464462409
7986,34.75352811598511,10,69,.2840626407774024,.4322871750035847,0,74.0680541029443
7987,40.88143337217108,11,48,.2951939290971874,.3300742477638521,1,62.27097420273294
7988,34.99626533241532,10,142,.3493645113544892,.3596435897721576,0,70.97769788806903
7989,36.34737346689585,13,18,.4090553594919826,.394228610748901,0,73.19863984633655
7990,37.21625748752013,13,63,.6387287128723831,.6851032529850478,1,76.40343717130463
7991,36.19574376518182,10,17,.5342460559324289,.4916272221364992,1,75.67081762398976
7992,42.19863318961576,11,118,.3939029159110239,.5561016654007427,1,72.99499513545157
7993,38.45332495471683,16,62,.49886967165118,.5804551318479589,1,69.21144767244436
7994,42.91807982801295,13,186,.5639259881502311,.3775380500801866,0,69.95883115839082
7995,34.42540028441287,14,72,.4404809544826337,.3516218479100416,1,67.32143650102702
7996,37.02723394554515,11,124,.506493462508509,.5902520332136749,1,69.88462823573627
7997,51.05085063828033,13,317,.5823688346895438,.5002179573072372,0,77.9119384859564
7998,40.36374694427889,14,59,.3523468142350493,.4130933891475367,0,69.76186800422008
7999,41.32553596132213,12,53,.4993133975668711,.5845457420847761,1,68.24637664319806
8000,42.28763028693125,13,85,.4245609505412219,.5725201987074835,1,71.15163813005397
8001,41.38965178133387,11,28,.7413239671973104,.7050614289289774,1,67.09298656824218
8002,37.97183479307247,17,77,.4787099593155498,.6801094392538121,1,76.75302668699527
8003,43.91290822302488,13,76,.3202983537483598,.3119618774910309,0,71.72431120178342
8004,24.36022160070023,10,50,.5360672415433876,.4103239751920374,0,78.20216693118732
8005,38.18785730692999,14,52,.3500189615107767,.4576097228980968,0,77.3298644648165
8006,41.40463568328879,14,77,.6134373282415384,.478270111046994,0,72.55737403149571
8007,37.31302185581573,9,133,.2216594861090203,.2193738656464186,0,72.26217554265455
8008,43.93942989098159,12,108,.4627254686307101,.5385061447667139,1,69.27678041838116
8009,42.82895193699215,13,45,.3828558067848172,.4575596020682852,0,72.9765285423025
8010,37.21013588213222,16,32,.1794203041247258,.0953211738666578,1,73.26502467238626
8011,39.92432907505311,11,144,.3166139672123205,.1294661488390557,0,74.80374524520194
8012,43.24401093586982,14,150,.5071040078696839,.5055125890365105,1,76.85586623688829
8013,53.52972188320798,12,172,.2301665448988866,.0445443206282597,1,71.34294763152766
8014,38.65258537047288,14,60,.4014056990412112,.523233763227833,1,75.46931382216138
8015,24.06689109660512,13,62,.3764636989658645,.300215821196907,1,68.44734003738037
8016,41.29451114626902,15,141,.61801942738107,.6334886621939234,0,76.6390102218742
8017,35.82378189398187,11,110,.5669156552709839,.8195038924634281,1,70.74174032368843
8018,38.80563219588639,12,88,.4359455333481386,.4732426643289564,1,65.03094202008609
8019,43.10361318755628,9,62,.5463966736959109,.6926978020762486,1,66.83858818035877
8020,40.93852507404105,10,41,.6327745759642739,.5082825589670239,1,67.15755239581208
8021,45.31415602746088,13,144,.3875695706566537,.5498432245515374,0,81.34642351306194
8022,40.29367962670081,14,129,.5514027769000865,.740500276448711,0,79.19305619892376
8023,44.89025170843967,15,133,.2182239581357857,.3374983690129849,0,74.94555321132667
8024,41.80924578437041,13,196,.5229045549974282,.6041720549142642,1,69.24375978069996
8025,53.5682175594175,16,33,.3917409981016421,.4475013769201758,0,83.54801636786121
8026,42.93476886313844,14,108,.3499466903631917,.3391898501268946,0,78.20141776676958
8027,38.95324443296769,16,139,.248794353150971,.1565653577312013,0,74.83410462661362
8028,40.13280423331843,10,166,.332040147887171,.3015864218947918,0,62.68863027936063
8029,40.59779706902764,11,27,.4767168147547551,.4536991168618765,0,74.49284985244317
8030,40.38590412499093,15,42,.4766307737186981,.1370036665723542,0,74.80263457634702
8031,37.6160513745765,13,60,.4665969741853035,.4333951725393079,1,73.39027077528438
8032,41.16805337978307,16,120,.5034517114448944,.5406071658807247,0,76.55282797983861
8033,40.77340953309491,11,75,.4194321648605308,.4663490124410151,1,67.54767642372028
8034,40.99595604779611,17,21,.4608224366567922,.6084289671232381,0,75.96850127252965
8035,46.96993150671467,12,98,.6555718337298879,.4468818530840832,1,68.79701154554296
8036,43.10066349387112,11,72,.5554354343493804,.3765013122197546,0,76.65563115864451
8037,27.72303691343983,11,58,.4147455475470642,.3544904926591343,0,74.77300627722541
8038,50.33454689639073,16,293,.4270643254106634,.2250249192791065,1,72.0248463768682
8039,28.48263158419247,11,140,.4161457647925232,.4284559005050935,0,75.11717807981091
8040,34.70002779508056,14,279,.4295725497972747,.2956897800652496,0,74.28913756473729
8041,33.58491126894103,10,160,.5229296125422567,.3915970343234637,1,75.37968165257404
8042,39.09730491051509,8,211,.4919324108375037,.6129901801309527,0,78.99313936389632
8043,49.2951596626126,10,75,.3705682762738898,.4289288088830397,1,69.02367075166963
8044,39.25064617204031,10,93,.5673904713045378,.4829278009698409,1,70.0834039319369
8045,47.82881185223473,14,139,.2821852709809518,.3334293103770681,1,74.27208433791395
8046,42.2869698585548,12,128,.1121672652861749,.3474909868377692,0,73.13654954538627
8047,28.56014815716304,10,115,.3361537355593026,.1816569341304442,0,75.83675266033968
8048,38.59140684126803,9,35,.6408051216086451,.8387555070805232,1,73.57274485157454
8049,38.54596000888935,10,108,.3972054378749013,.4667825372626864,0,75.992839763962
8050,30.54036535164094,10,111,.5903533646777458,.7103809039109974,0,73.2902469981032
8051,38.23085551715958,13,27,.3281310581847789,.301545265301019,0,79.11413046380808
8052,41.18575252802244,14,260,.6998478045753459,.7954935473733044,0,73.90363730681911
8053,41.87314798955953,12,12,.2398606759717471,.4139176566759291,1,66.13485688916442
8054,32.97739455701451,12,8,.2768607888319614,.0706188746835266,1,73.12364746961548
8055,45.46204567044587,12,21,.512316420334216,.7530867221087851,0,75.60176197944669
8056,51.58812247737167,12,35,.6011261134244483,.4802185158407893,1,68.13389614761662
8057,43.75820063438642,17,85,.4500917273870324,.4055052510930104,0,70.36911996459618
8058,37.31311494637408,9,333,.4390223456971067,.3896629793300265,0,74.38968495994591
8059,32.27156363947321,11,126,.3344551836499935,.3652887313771622,1,68.31835553652077
8060,45.1867647205496,10,126,.4168422811340528,.2839889642892331,0,76.36863281635394
8061,47.91940241682391,6,50,.3007609739048118,.4500499597930429,0,81.52170694598236
8062,38.36523764904985,8,79,.3963962044336601,.082029149379011,1,61.47235124129278
8063,35.36822492391846,12,90,.3340992458808111,.2754913049923512,0,78.59228290479342
8064,41.66878088841602,12,69,.2582595421843285,.100244383724937,0,71.46199248442848
8065,39.22525531252866,12,78,.5201114830475843,.8045418153267493,1,68.28968290972962
8066,41.26495128545589,13,101,.2003291150572117,.0540266201781117,0,79.3338146314323
8067,24.53165995140674,11,79,.4561854179210045,.6251687935544893,0,70.62339611511499
8068,32.23274874306103,12,50,.7030979870620628,.98,1,64.66345587546476
8069,39.16683831597955,10,58,.7167029394236744,.7590295135208168,1,74.7441012929138
8070,35.31811129446908,7,376,.4468228823621607,.4089457572089625,1,70.97113367460656
8071,46.15260683629443,13,71,.7061554320762993,.98,1,68.95957317168975
8072,35.95674956848762,13,106,.4753207083162845,.5730099483216893,1,74.50667325748071
8073,37.3609373096058,12,53,.5448574012849635,.4492304983512185,0,78.80858121409479
8074,43.12596606502945,12,71,.508068564866752,.4972799328348408,1,71.81216290809829
8075,44.95610020105252,13,81,.37519680113458,.3408216130416029,1,65.72832039579548
8076,34.4000247537352,11,69,.5568368902720383,.6646013963668702,0,73.77345513085029
8077,43.34444300909529,11,82,.5767459190356403,.5046288974614286,0,74.41121530794015
8078,35.05307756549568,12,102,.3844304378051904,.3046161890369577,1,72.60344190364113
8079,39.81622184874573,14,51,.5084651926503359,.6800784785314724,1,70.77302277277059
8080,47.32575068764474,12,78,.3846847822173816,.3282640178120451,0,79.70846718081575
8081,36.91074992275212,13,72,.4423834923925102,.4843697787366207,1,65.78934780591109
8082,36.49760877233197,11,76,.5585864131425516,.6652301474108296,0,78.39648428706764
8083,33.3641340067314,11,83,.4304434569131018,.32753228044255,0,70.81036825125442
8084,40.97829975227823,14,111,.204346670156294,.1172621152404267,1,75.63633054318514
8085,39.19142348661878,11,62,.670593173859013,.5803011137120242,1,68.50964082459745
8086,33.71566610582784,8,62,.4058156576370622,.02,0,72.16836807990829
8087,38.01239380973148,9,109,.3154052831961041,.02,0,74.73549968570801
8088,37.08803223022957,10,23,.3301963695145145,.3418661628735597,0,72.18878711904776
8089,39.18464506625675,6,169,.4281766310607979,.5266524859725477,0,69.98537830856733
8090,40.44867866692157,14,72,.5328462345173481,.4829210367987151,1,68.20235609088937
8091,36.68806728278781,14,71,.3653143310147468,.2684584022062191,0,68.29433152753332
8092,43.18345383229641,15,121,.4179448836711896,.3391566657760198,0,72.77883026613213
8093,39.05986561912471,13,160,.6140263384954274,.6939813870111295,1,73.01254201429788
8094,40.21686116990336,10,57,.4524152265220905,.4243507607535773,0,72.90584057696616
8095,33.81528680592778,13,11,.3478211791009884,.2651211390843246,0,71.18305339459781
8096,33.35232159487148,6,119,.392033864607414,.4779102205326913,1,67.11925466525749
8097,31.79701658153509,15,58,.5074042802732913,.6962188662941893,0,72.35846825041462
8098,39.78386312557305,11,18,.3486214223110821,.6778562046588107,1,69.66056484922646
8099,40.52584559266853,13,240,.5469560366043772,.5226193334008186,1,77.21106395066751
8100,43.40940171662093,9,130,.3671051425943493,.305143733514682,1,66.72067353857545
8101,35.65913231321473,11,85,.3030748220807358,.196837816026548,1,67.33512099257969
8102,42.32599240959194,12,175,.5586524151451491,.4462227792427612,1,66.60559685288892
8103,43.41923611510028,11,111,.5077831974586379,.5213680217542614,1,73.04785766517094
8104,40.40419717152522,13,100,.4739588005175118,.5175966999672071,0,72.76238495725926
8105,36.44044601293596,10,13,.2635922726098154,.02,0,69.30312243068067
8106,41.3144978447806,11,216,.4088403557350099,.473520606075528,1,73.15389311610423
8107,43.93079357038877,14,54,.3843127545852779,.5422160447327642,1,76.65704752769275
8108,45.84928001116816,13,199,.5053141607060304,.5446657217669446,0,78.8311337290354
8109,41.10730327154676,17,90,.6551470065928618,.4816205202040335,1,69.78160697957851
8110,37.87176945502173,9,219,.4388885328882748,.5423469053120276,0,73.10364346265526
8111,41.0562863746491,14,44,.4648548905396929,.4238568876213934,1,80.5955307604891
8112,48.42139210668054,11,51,.561079845635116,.6448398697559033,0,70.69415355072942
8113,47.69337643483973,11,48,.4717296821887817,.6204397874859326,0,77.58862856384854
8114,43.50757254292208,16,271,.273629814771025,.2271288767169908,0,79.77325112027434
8115,42.90823088776627,11,166,.3559934222570238,.6751860128248632,0,77.44616738162901
8116,43.53870104212172,14,31,.3053356605464256,.3208457164503929,1,69.20367237653271
8117,34.55331197153971,12,118,.4926190719863897,.6245187702648098,0,71.09475383583936
8118,41.76305205147277,12,219,.3222939700258196,.3579834707798498,0,75.14829681293786
8119,42.65677661963078,17,78,.5869041673367078,.5991255081664272,0,79.61162608080954
8120,44.19641531742433,13,28,.3931841854215575,.3780184425835162,0,68.43089318214457
8121,40.10207684766149,16,34,.5267393163642204,.4028399774960271,0,72.58029689546292
8122,35.63887771062944,14,41,.504469479069294,.4695574746631863,1,71.52795031776242
8123,45.35632555081316,9,32,.4370776615377458,.2920078078434879,0,79.21033681847729
8124,38.62211083760661,9,176,.3536203146718528,.3787277628302873,1,66.90654370351795
8125,40.00669866602302,11,55,.4065745406349943,.2347181303358509,0,76.47556479683359
8126,49.71677799279306,13,89,.4037113005860488,.3025248962648705,0,76.48502862441943
8127,44.03195908065293,9,48,.492477138525033,.5424261865459858,1,73.8400605387032
8128,50.5706055709656,13,120,.5213112903471222,.2967272324831851,0,74.20350564201496
8129,24.76635125194579,12,77,.7095606571751019,.6511414896777483,0,72.82142030973293
8130,44.01221090953492,14,102,.4907881673181347,.3426044409853378,1,68.30333311701156
8131,44.51812134364868,9,148,.529525396932039,.572176881139949,0,69.82385396008242
8132,38.40117618350138,11,59,.543806741792614,.4215153357843288,0,71.00659922276263
8133,46.12730276358714,11,34,.5655310381048735,.3845852602066118,0,80.82892156160172
8134,44.80767830359252,11,220,.3707072460873214,.02,1,66.05173189100545
8135,33.22329141352689,11,49,.4666034651134123,.439108179666672,0,76.46290608588552
8136,54.11540679069059,17,111,.3429887235293053,.5341537719728815,1,74.04011167250682
8137,44.49218644100637,13,75,.4392174218084827,.2202554953151789,1,70.33230466961159
8138,45.84531365133498,17,267,.4069297339860593,.6469356526389474,0,70.51922838243539
8139,43.16894817715108,7,170,.4209155786998867,.3716997016941933,0,66.68644977322231
8140,37.80614764357276,8,136,.3668305758319009,.3762862116608618,1,67.9473916148483
8141,40.35213884503757,13,116,.3673563433855664,.1865820874989035,0,76.61309829245266
8142,37.02713438678133,11,226,.3957227272565356,.509744899615188,1,71.05232679114452
8143,45.85673525259081,12,123,.4815151565202205,.7864295332978137,1,77.14135693947185
8144,40.91817873806872,15,53,.4651609874806922,.4962637680098288,1,69.13352918706649
8145,34.45894766624413,13,120,.5372791428057725,.570828265510717,0,79.79427244180248
8146,41.78630508083302,11,68,.3560393904660104,.3931778813153137,1,75.08871839296876
8147,42.01792893006117,12,123,.4594915485787271,.3984427340999863,0,70.55672329720142
8148,46.29757486737019,9,156,.5220882032855174,.7835363051977873,1,67.11509463904366
8149,41.76840911955041,9,49,.3769492786644032,.4936120041469842,0,73.05351322771274
8150,41.31772371991915,14,327,.4472894404992241,.3370993174093206,0,78.4432390871419
8151,39.48089896694245,13,368,.5786384885472865,.6976651092304109,1,65.58360215776231
8152,37.22709101872298,11,153,.4213684376901093,.5133517641104859,0,71.79914085749105
8153,42.40150693472947,11,48,.5195107169872607,.4334455183387708,0,76.89182440914281
8154,36.73173048402099,11,138,.354474744342598,.2926512964874182,1,70.52141916602531
8155,39.88916766726251,8,44,.2774730580150843,.4850370882575067,0,75.90879136451206
8156,47.5192790282946,13,145,.2934553389442499,.3728731696388188,0,75.58140284628989
8157,40.01381736350445,12,22,.553566670389787,.6097087619911346,0,71.42193027549801
8158,32.19238621090336,13,33,.3890058975466056,.4476837679409167,0,74.0837754138561
8159,43.69288424112561,9,196,.2080039003820898,.0466518607741191,0,71.87773570086857
8160,44.24884343723991,9,52,.4487765716149365,.4138322411520919,0,79.48971758717759
8161,47.11448919662394,12,39,.3267773908559352,.3933520904711673,1,71.34010987827848
8162,40.57522610181403,13,159,.338447662964691,.5203006631679428,0,75.3708240946555
8163,34.01713571228657,7,50,.4083059656903115,.4092288895670206,1,66.40982881273816
8164,41.00434815987934,13,50,.6546024426811552,.7870028166628419,0,72.88660919887181
8165,42.01524543923465,14,164,.6986104501733708,.5176857849977463,0,74.38237530108978
8166,40.95469325552465,11,99,.2423947615233797,.1531222953375472,0,69.66224423571967
8167,32.18975895424181,16,55,.4749021674924663,.5667181511681256,1,73.21344808617327
8168,36.01918693533164,13,83,.2255696005240386,.1393749530095541,1,70.97974118407552
8169,50.74758061808322,12,74,.5938677452451457,.6553679971309656,1,69.71967850392127
8170,34.83940157176837,9,272,.2950713922320497,.2934660564587661,0,76.39232783051364
8171,39.99038982944402,10,113,.3997771983296001,.3938969957046838,1,66.77933358219961
8172,31.63833318708139,14,101,.3951188396453683,.1844912280201611,0,75.40164063483779
8173,45.24187516017376,13,55,.5759042293831039,.4983046253088428,1,76.78118986946919
8174,36.40125247442718,11,20,.3534621195989399,.2408182091971586,1,74.07519473473783
8175,45.95561274137539,16,52,.5329982396785289,.5418119846462481,1,71.8722610960796
8176,35.96645544838884,13,268,.1800935994028862,.2717994632929809,0,73.25155447113121
8177,36.2999916006851,7,21,.61622259947756,.7155320632249177,0,75.35424391384511
8178,34.80286909811785,12,442,.2561899645314903,.3808506812745017,0,80.89421520598462
8179,47.05559231570147,17,85,.4748535889313026,.5470632011156483,1,71.24193810686062
8180,43.17583973668411,7,85,.5211491559963932,.3729841140078512,0,77.7730432304149
8181,49.44879115113209,13,45,.5330018912497044,.5111949193151597,0,73.62039161347707
8182,31.61668585351234,14,94,.3856193955647605,.286356672988572,1,69.07076856447506
8183,36.52148980486248,13,169,.4991551952089449,.2668287183757642,0,70.78160456841206
8184,42.51919562998297,12,139,.3333500661177479,.3270280195384302,0,71.21575637874174
8185,43.23826043898219,15,460,.4952003983643751,.5722507082352246,0,79.46202431987426
8186,34.37275723765092,9,83,.4276660315439088,.2603000581312828,0,73.26806742926361
8187,42.04121816300676,13,87,.4542344683162579,.3502003802715671,0,79.78160679100424
8188,52.33395986795276,13,42,.504372102729182,.6396747755160426,0,75.64927327016034
8189,46.19641724422188,14,53,.4501169524589142,.1795535664776481,0,80.50722305933454
8190,38.05151761557563,16,44,.6223093862590495,.3626049840247881,0,67.15322119266091
8191,39.9271209187418,11,36,.7648204968495841,.7769772884625589,1,68.5653347860565
8192,40.4803992201636,13,235,.4449733095127691,.5226582100972602,1,69.79457253278423
8193,47.82311264676675,14,56,.5831513959981585,.5050457782009758,0,75.63307642369573
8194,47.07532659807514,8,51,.5646704154933565,.5495376907991987,1,69.88064874851226
8195,36.13280598457364,8,34,.5614428766575431,.5468582527583025,1,75.49969862781415
8196,44.13492025689376,12,116,.4361151322296153,.5234253812545115,0,70.90669111997225
8197,46.92008377068006,8,60,.202177291152078,.1499754493687695,0,72.15893549024665
8198,48.03686005701541,12,106,.453540375180446,.4298198756853746,1,65.28901295928692
8199,44.85854461857295,9,50,.5301395402502963,.7210847040770609,1,66.14971169425725
8200,37.13344290699265,12,85,.6947425639119666,.6425045928029033,1,69.70243001528264
8201,42.32029773937167,14,138,.4169996623697615,.5175464539704026,1,74.91473140919987
8202,34.45440716503815,13,97,.5215355353954528,.5111546324814989,1,70.27392530661658
8203,41.9037797763635,13,339,.5395492974600147,.2953600411715868,0,72.1297919576436
8204,40.69164578229714,10,151,.4540367740428163,.3192595554315452,0,78.15257433276413
8205,45.39432424393072,10,70,.6220645658636622,.7677401484481134,0,73.14006488893607
8206,28.04205312236321,11,41,.4203288701920398,.3106017704891874,1,65.01473600350971
8207,46.41982062695375,13,115,.1884175414278344,.1564338033701929,0,79.21031328191371
8208,35.08090337446665,10,85,.4564693880734242,.0530584971824877,0,71.20141704224974
8209,47.53128513631078,14,88,.3381048612326417,.4774247592183452,1,71.41911443866383
8210,46.96459531549959,9,42,.572817314300718,.3650084285412438,0,71.56263838457505
8211,30.91656771264143,11,60,.5215565404632354,.4360640115375668,1,73.2465870692407
8212,39.15372312701845,11,260,.3679138013471316,.238069814789811,0,78.94481188237458
8213,43.56794574135535,16,71,.4164245513112896,.5611244759794225,1,67.52008544579513
8214,37.10093044987502,10,176,.343378539409232,.1789574076201662,0,78.32151154965359
8215,39.27453645314327,14,73,.3799743948243516,.5758843548948362,0,78.81365440621667
8216,49.72586800551111,16,48,.5040174552958256,.6997009876722305,0,79.20985371336326
8217,29.22842403587527,15,30,.6225058917615856,.6734272913885319,1,71.98408194032301
8218,47.01514864780054,16,34,.271329734222498,.2745201660318461,0,69.88704334888259
8219,40.36162483183082,13,78,.4028057051062999,.5760051851412904,0,75.78640474914071
8220,36.41192134870287,13,68,.710430954967138,.8463897656794488,1,68.79467043822234
8221,36.91235397514049,13,75,.5620497421780724,.6286003607250124,1,73.408541669077
8222,37.29141370725527,11,111,.384151991946266,.6044029901048935,0,74.5126207544653
8223,40.62511102829197,11,232,.3714051902872932,.2863768785822154,0,77.53225683023138
8224,47.45678928134345,14,85,.5577021548599991,.6837688841602635,0,78.03336587237594
8225,37.36433438820705,16,101,.4223002960949951,.2280137419873126,0,76.6176912751191
8226,33.98356606666441,7,89,.4191112375184002,.3796531620980304,1,74.58965658928015
8227,41.52234259605707,11,183,.2763239726210501,.251267934129643,1,70.27181902497956
8228,46.61699152189856,15,77,.5191772128204295,.604545869819727,0,71.27503057593283
8229,51.21954200736999,12,44,.4857619184956335,.5108117493617264,1,68.74013824072152
8230,54.92840406248742,8,60,.3186713179159741,.2279393676967271,1,76.73100208117191
8231,38.30190363780391,10,55,.5859124324126451,.6763250350566598,1,72.04072534782209
8232,43.60636398312327,6,154,.6507366323180424,.7517122915628848,0,75.24568012337559
8233,44.94898109864184,12,56,.4901641255593554,.6340344940695817,1,76.80488011037579
8234,42.2635735678039,8,78,.3128671744878687,.1926936967414483,0,71.60273197757691
8235,51.62328493567895,11,74,.3023836485139668,.5272588403797522,0,71.25370162984203
8236,42.02165520794802,10,82,.6920956901877824,.3896380773375953,1,76.94730114529635
8237,36.27457458112799,16,83,.3438547839522713,.3524526406274295,0,77.41883884982553
8238,39.40395964786525,14,154,.423721611944373,.4994795820388542,0,74.68806808694275
8239,38.95197440960635,11,46,.1787521998486074,.3293421866216375,0,75.6944368440062
8240,41.47287366959544,15,70,.3339771163945382,.3215285133397261,1,70.3935732864736
8241,37.70006067731435,15,66,.4155657403348355,.6748850543437089,1,71.03750166456425
8242,38.04150268600923,8,55,.4395878093013079,.4255303315805756,0,69.60228495120569
8243,39.9228136347516,11,180,.6319654241833288,.6021102790718293,0,77.18577497676388
8244,35.13898538234571,14,258,.4239179377108721,.4856590947876808,1,71.73911307189138
8245,54.57543991623147,14,244,.5692848006406398,.5958380944014505,0,73.35983803207596
8246,49.19711094220604,15,106,.4452786559245195,.3609298852039461,1,73.49958803462559
8247,40.98091735182043,8,101,.3242984145112611,.2611122060273794,0,68.24836695659489
8248,40.193421324266,14,48,.352024444887781,.4973962132900591,1,66.41486557740271
8249,41.57626571584112,9,185,.4367449607781416,.6925870254956384,0,73.65864486462678
8250,38.56720096843086,11,225,.795871368788087,.9702002187054837,1,65.83247386730721
8251,44.71005817357069,14,39,.4007833881957912,.3692588270759811,0,75.43469034232156
8252,42.05296330367056,13,45,.2112886607728426,.4595533518015577,0,73.64063634341821
8253,37.46310311401275,9,83,.58440613505904,.747947485009503,1,67.70086634746804
8254,43.38232955294785,10,44,.5458448936117388,.403771659530226,0,72.9111024110973
8255,48.64730220075707,12,77,.3594091452524291,.5118741867333669,1,74.23365784152725
8256,41.11276084818363,13,60,.3627823008357435,.4250052777419881,0,73.76639838934821
8257,38.68644912718634,9,153,.4679003949264224,.4291002947425022,0,76.40877164362898
8258,32.85799526840458,14,43,.4741094813477511,.344200818834811,0,75.13223992058735
8259,40.44842956174875,15,101,.555886247777437,.6811090408344073,1,70.27997949018213
8260,39.4121502515108,12,143,.5120363378892726,.6622515982751501,1,70.63727458316043
8261,50.41171756637618,14,116,.4805741789982935,.512259696952015,1,70.21395379441779
8262,50.94810007039545,12,97,.6547168942272727,.6070280073004908,1,66.06757116116063
8263,40.25617682043527,14,81,.4667579157665193,.561402987761765,0,74.71806689698352
8264,39.71679807201891,12,50,.4291639525584611,.3145271770121848,0,77.20747365869572
8265,41.40695954342505,13,172,.407891998571569,.7260093731793911,0,75.42401490893519
8266,49.38260901126998,13,47,.3093180123795197,.4991515128962709,1,71.29629407346772
8267,43.64479497310034,11,196,.365872918114928,.6757710259262315,1,76.68831733661754
8268,34.43667053898783,12,112,.4914088218119086,.3145455999598966,1,65.57296846480453
8269,39.87884860566977,11,99,.6036976934540784,.7277582084901725,1,72.61258817485287
8270,39.97190240990101,13,153,.6292987455498845,.7603126583960368,0,73.76519034568695
8271,33.91374051878146,12,132,.4932211396298371,.2788462730531858,0,68.79093836734134
8272,28.38871166904104,14,75,.2671659290134429,.3477015664210599,0,76.16073759432086
8273,46.16679250647754,11,155,.1315609645602086,.1585143219597494,0,73.29326848848636
8274,41.32741930422165,12,59,.4305173961000127,.4861368712626687,0,78.34875984646004
8275,29.53464235174971,15,86,.5728376575201458,.3726336434546237,1,74.88775748525936
8276,46.79016226049514,10,74,.4271889981529012,.1167608612597363,0,76.65836569325681
8277,39.97315670334249,15,67,.3344765198690606,.221354224938087,0,75.55574851408484
8278,38.9723112487385,12,84,.535933408802898,.5371044709378048,1,67.80535363125149
8279,36.73958816679642,14,40,.2875191428348364,.3484163760079223,0,78.27917853846886
8280,43.94188611367412,12,137,.5457552515217458,.6950258518944596,1,75.59038134350972
8281,45.55857926404321,8,96,.4852618801863683,.3460743220083317,0,73.5274410915906
8282,32.45171712147906,11,105,.4026568512393186,.3421987362283865,1,68.4813215654795
8283,38.34462805836188,8,105,.4232509356879842,.6846679914191713,1,64.87687900967421
8284,41.80636286488198,13,20,.5411039183167653,.6310082561035795,1,78.56929201585044
8285,33.25844666858745,14,79,.1622625522768998,.1884203694249454,1,73.61826830018624
8286,38.23132293661749,13,119,.4880639447546603,.5745315722457505,0,77.23039995517556
8287,46.19210965708928,16,42,.3138957744185314,.3320627334974404,0,70.17260619835905
8288,49.50906530959187,12,76,.483022778691127,.7251215357418922,0,73.77128455276484
8289,34.19457872558147,8,123,.4679555454746269,.4050983162492559,0,70.37656817690799
8290,32.88334067996618,9,29,.4576865991194746,.3230066944373655,0,73.22502323941337
8291,35.78165468689218,15,24,.3806748124548163,.2188073535164757,0,78.2759343958499
8292,48.63340027073397,8,23,.4115156626002071,.4674299602712947,1,69.1685349361595
8293,43.21310803971487,13,154,.4786943706288661,.3218652953379698,1,70.60373110337635
8294,32.5698222396317,13,52,.2309026078932455,.02,1,70.54481345443862
8295,46.82721233915239,10,101,.7026836459320973,.5617128105757391,0,75.33516258837795
8296,33.85332069260566,7,54,.5206286169043008,.6090698275512273,1,63.03826594252375
8297,45.01016360401483,13,90,.5452604370068049,.3777152284648448,0,72.81789427557759
8298,44.60861653106622,15,217,.2536799835226934,.4354057973477182,1,69.7374787932802
8299,32.56560763857082,12,120,.693302102294069,.4622875336531185,0,70.76408584908557
8300,47.23550899139179,8,49,.4286586995069844,.3405758411385276,1,70.90880682766976
8301,46.92257645387708,11,81,.3811614713570113,.5693314652480357,0,76.16821684374401
8302,42.6205953478051,6,57,.3457706259481069,.1087098206491449,0,75.22713504984073
8303,39.69166388524665,11,391,.3334461762353839,.3584555469092618,1,70.31275517387347
8304,34.86329272811487,15,145,.3113735388254388,.1183325028323964,0,74.06777762824018
8305,41.54214447194808,6,181,.5557157649535636,.5327033501404992,0,67.25706230369555
8306,45.69034986875289,10,39,.4970945220313081,.4980578390711065,1,68.58000720374243
8307,40.51492821961213,15,62,.288123338002067,.2529440799320525,0,80.91203758908225
8308,32.88591670242583,12,167,.4295096988137498,.4808711368681718,1,70.77591165809405
8309,34.75861275204173,15,88,.4910847570967869,.430339090581616,0,78.04485339862258
8310,51.6193052127299,12,52,.4703902319863837,.4158923909054308,1,71.03049539958013
8311,50.09573768200873,13,68,.3359704841039364,.3039342043743707,0,79.50163463469859
8312,33.55332049878667,8,34,.4457658638238987,.3385732749633711,0,68.58888376150509
8313,35.21735626522611,12,98,.402003799825343,.3149645146644429,1,66.8938872837567
8314,42.21361922514145,19,184,.441586520792011,.452853229058384,0,78.43496883782221
8315,33.86260650347895,17,171,.4499150048228294,.6640290231923818,1,75.51942065099382
8316,43.75572602062237,13,61,.5018227558452943,.4579110182160024,0,76.45067468763355
8317,37.42983236530793,16,168,.5754142641561809,.4866750631159369,1,75.03757294636216
8318,32.80692349221412,12,161,.4454362210209092,.2602251806681019,0,75.20087810743691
8319,46.43825654101233,14,87,.4272272612011399,.407471108655986,0,67.80420277852444
8320,41.07816044375863,12,26,.3351720034766115,.1686369675102046,0,78.12707217716427
8321,40.02414103945451,12,76,.6010594397068605,.4957184983047522,0,77.44351230238689
8322,46.92993837800433,15,96,.4737106604568292,.5687582538014254,1,73.96786489820751
8323,30.97189891880496,8,124,.6363265202089108,.6058994871505783,1,73.40162110080678
8324,44.96354944393416,11,72,.2447239671489684,.3114585115850541,0,74.83677055929776
8325,46.32784356164778,8,83,.3071837902836272,.3347454039265283,0,70.7746752301131
8326,50.04478188241931,12,786,.5090212371306289,.568159133019061,0,79.94560717427326
8327,44.02557401188213,11,538,.4118418982433704,.6304007889404528,1,69.80826106817398
8328,35.56518381260343,9,145,.4685105069065307,.4660113520024243,1,65.96406280899308
8329,38.47988728898631,17,29,.55368007018501,.4245037154373467,0,75.23174460516803
8330,35.50533883916872,11,373,.21953539984672,.4035952688829768,1,60.17515720451951
8331,37.00846427000366,9,218,.4074485317676522,.4737262478153665,0,75.60934592009363
8332,38.67369380290251,11,76,.5830355635920738,.5848172650991263,0,76.18101540598337
8333,40.03678830029953,13,36,.4205212765460599,.4788221554083838,0,81.83327735781805
8334,47.02918995318891,14,43,.4667789970277421,.6010762859867236,0,79.81538637771116
8335,29.41101322666913,14,34,.5094842020848734,.6118055254768852,0,73.0402070345917
8336,36.44322454936658,13,29,.3936526788530749,.3777404335812408,0,75.62986793345283
8337,36.00971810335976,10,176,.4626099607659652,.5083109166342994,1,69.73356699141526
8338,41.90210411812901,15,119,.5459343522209378,.3410564308013636,0,85.28724714704087
8339,52.91494174619496,13,141,.4086702661552454,.3775243851218644,0,80.08528466606936
8340,38.6926264196951,10,203,.3710898903978966,.644762478002308,0,78.20243356828659
8341,42.40757622095283,13,77,.2048758676783566,.1721571150551362,0,72.27479359655469
8342,43.84637470076295,13,81,.4016761376044314,.4295924574698087,1,70.06957165748308
8343,41.0191443844358,10,38,.4481165650965684,.4648096051362476,0,70.913327950899
8344,27.16420085711446,17,75,.4064194108861822,.4723656241009452,0,72.95522051689804
8345,40.64609927989932,11,229,.3276108871555063,.3900120749018285,0,74.30063346348361
8346,38.2011459865824,14,105,.3916409636356342,.4686735224022454,0,74.79986543800477
8347,34.88446155129161,12,110,.3501512615239486,.1983743462821367,0,74.08507257937815
8348,43.50753459496788,13,69,.3892015259518533,.5223241361566667,1,73.37417724852318
8349,45.01728602918899,8,27,.7077467450224268,.7448825497204531,1,78.3115237991701
8350,46.64207104262059,11,128,.474811974537192,.0989466881864412,0,71.26962515761134
8351,48.00637939928983,10,41,.4589507530566905,.5128103949028877,1,70.23876171643408
8352,46.79765132531887,11,41,.5161625808681752,.645212440933318,1,72.03858739648194
8353,39.59335691276492,17,54,.7220745733733865,.7836135650113849,1,68.79470521411255
8354,45.56544350468739,15,201,.4289499182163742,.3808158174138576,0,74.45702802130124
8355,38.5855484037689,12,113,.6217845425080011,.8069829272061294,1,76.04065959947579
8356,41.61085511853005,12,213,.5014254613586494,.4897196937219687,1,77.40602850138153
8357,46.72495074533632,15,99,.4250242432333536,.6010816895268176,1,71.36752410962309
8358,43.69875617647561,10,133,.5085039437929681,.6617548664340972,1,68.62953366840861
8359,39.02797759183464,15,100,.4130259196610201,.6193413952690421,1,73.12536513443909
8360,46.94197508221598,13,245,.2176535621421984,.1915128384062953,0,64.4710781978179
8361,41.12981650150249,10,614,.541972630204565,.5212467466579447,0,74.79082467439143
8362,49.80711365211531,11,103,.5190087074267529,.4868402552754363,0,76.85237807407003
8363,42.0286531508671,6,111,.2590615231683904,.4884097757415588,0,74.69507046717288
8364,37.22223554877652,10,57,.4030514659866513,.5272291738906454,0,71.9673266922788
8365,37.43147806274956,15,61,.2230304794624554,.02,1,74.47206777321534
8366,38.50629853494829,14,50,.4415142375990901,.4890389914770982,1,70.76736146628491
8367,38.84788148497028,15,83,.3061889293805727,.2433173776109905,1,64.63333468787056
8368,42.99415496034708,12,182,.5554347304743944,.4116299805879785,0,76.6591144282721
8369,36.34550983597388,10,115,.3658225302355113,.5667316666164002,1,71.17230942129852
8370,48.56730076190003,13,106,.3832871602755453,.3602557174115847,0,79.55364249585438
8371,45.39406005452023,14,74,.4043302612069923,.2286961724012238,1,72.1628330321564
8372,38.75307692967119,13,32,.5110814577792544,.3368518391125221,0,78.76050088422784
8373,40.79841684577288,10,120,.4768805783850424,.4433843418678618,1,69.65176240066707
8374,36.40093466111784,13,181,.4030242416593302,.3036412501301859,1,67.41439722462881
8375,34.02619042812119,11,84,.5832045917047176,.2587002620101689,1,64.48165384933822
8376,42.00394096983042,12,311,.8042674543335141,.8290393083943588,1,77.37856384321223
8377,35.8615683314892,8,301,.55638567938677,.5277484751968471,0,73.07872192771033
8378,32.04613403271093,9,115,.478284756302673,.3017955962370625,1,65.42482083484062
8379,41.22191023583099,11,71,.6716785458654119,.5625269681102425,0,71.58065951824928
8380,43.78752241433777,15,96,.4425624652061872,.6130770442865707,1,74.07529587384701
8381,47.30284830893439,10,30,.491865179307002,.3724372344643948,1,68.92533714089882
8382,33.73789073948166,15,53,.6159811689092691,.7670646771801483,1,75.47546607288947
8383,45.36698506802136,17,16,.3430738179664607,.4545357536518036,0,75.13703458489611
8384,50.57983215565419,7,936,.5436280498535753,.3439065678148409,1,70.35980653374956
8385,33.60332119761053,10,131,.3616127103488175,.2933407492264959,0,73.7085210579592
8386,51.1990651107667,13,76,.410505202984552,.2894630279590107,0,75.13342142685644
8387,30.83868572956145,16,72,.37332512057779,.4937398622377687,0,66.7609845799862
8388,50.45838188537424,15,189,.357388702669401,.3911108022703423,0,76.56548625134342
8389,39.87666283587961,15,130,.3063067035004321,.2331794415463617,0,81.52567728691849
8390,47.7897727320339,11,125,.2855133001526582,.2169962283471998,0,73.73952890059697
8391,36.29194539597449,15,209,.4543600082022519,.6580738396677812,0,78.08259128895693
8392,46.48753421983552,16,33,.2816064961000146,.6415402161483204,1,67.01220837352857
8393,36.43517226555656,11,110,.4540557558259839,.34514604565428,0,71.09470134762661
8394,43.98156479927681,8,101,.5846419533851194,.844393068325178,0,75.6021947171046
8395,51.7804798116299,10,113,.5296039087849833,.7804947810677029,0,77.31511081606222
8396,41.47506698418253,11,91,.6117753336183246,.7096101018950345,1,66.92413742400909
8397,40.47814280356775,12,98,.4999875177097563,.5642986355112685,1,69.61047580417132
8398,38.22747619803193,12,122,.191538318411677,.1503916426116352,0,80.02931774615278
8399,38.35737645386512,13,155,.5824234382810902,.7053125424853924,0,81.50409422451865
8400,43.1981109629799,8,18,.5264906818107735,.5506047367289768,1,70.08444225717963
8401,39.21732853881987,9,67,.3905616080494295,.4997273067391489,1,67.49117337376597
8402,39.80039818997339,13,82,.5019608746716009,.4880049470118625,1,73.69834785253586
8403,36.12057602060914,13,86,.4753144510158773,.4336549539791046,0,75.17202393996135
8404,38.34390360624609,13,22,.4315379936146706,.4350105541337502,0,75.49957453729775
8405,45.31422603481214,14,115,.4267181887077657,.2089215098453321,0,78.3034234748871
8406,40.24912601288954,10,68,.4049680111851571,.3750656981613547,1,68.23692504960613
8407,36.97594805629237,9,103,.4166423615924996,.563723074372799,1,69.21246817672339
8408,48.3114411264108,13,36,.2780820848607157,.3403983372546306,0,73.49882125918637
8409,43.92758795739125,14,252,.5456086091050021,.5978135766418321,0,69.38549896482125
8410,45.58437385233557,10,73,.5144678621732919,.4768039774686141,1,70.64899936011817
8411,42.02457162276828,13,259,.5369990306122102,.4297979042804062,1,71.02657755471311
8412,45.52597270802294,8,27,.5160124945240482,.6880843216271468,1,76.99603667050798
8413,37.19557355239534,9,19,.4324365557505948,.5265288459476356,1,72.56631980627765
8414,48.64800290939425,9,233,.5555205237524636,.3506729712895196,1,65.19884096225179
8415,29.5321211176486,10,34,.7680295077783355,.6292404118915468,0,70.34445202649403
8416,35.98410137019864,6,129,.2263245788346471,.3433810758250896,1,67.75109543263353
8417,35.43397836803906,11,117,.5980307432537746,.5041957862594409,1,69.095850277447
8418,39.01649135631435,14,93,.5173155925884405,.4401417627590252,0,75.9280369200909
8419,52.92523087395722,10,147,.497607599661662,.3361168300996971,1,67.25116627254947
8420,41.26293513050275,10,218,.4388885012420518,.2920341323922115,1,79.40864143963448
8421,43.68826308248185,9,67,.495688230472811,.3642318867232647,0,71.58386383099611
8422,49.29816819188902,6,46,.4566590703486249,.352884410453068,1,62.83348442670533
8423,38.56821501698656,14,191,.5326623470402816,.6746625328037116,1,70.69894272375892
8424,37.55395341112137,17,10,.4490618589415828,.5175392080280494,0,79.15726789064848
8425,28.34617081771676,10,231,.3936469527665182,.458401402256404,0,77.39531751777353
8426,40.15274880276016,15,30,.2689597055427011,.2437295520718174,1,74.02833001101786
8427,46.44898766165321,9,98,.5594467346388904,.4148610414813552,1,69.51996583865264
8428,45.59946111778071,13,187,.6206198110615317,.6611925521120458,1,73.1477747015626
8429,46.34893399697091,13,89,.3589812337734128,.2641021921250104,1,69.58094362511679
8430,51.00735360856267,14,411,.3996714713464123,.5261200907800609,1,72.36081757903797
8431,31.64847006030429,15,355,.6456822102760815,.474196274288752,1,77.62625776345062
8432,36.11767695493956,11,105,.3806532542561185,.1974606738785536,1,74.76638443159703
8433,46.25871997283161,12,178,.4203692673282993,.4735773217135157,0,73.33742328022596
8434,44.90273851491705,10,118,.2956389771923823,.2937715875099863,1,67.28277258585024
8435,39.57484029506298,11,110,.8142008367494089,.98,1,74.08541678373798
8436,48.45738176031947,9,160,.3343743379118388,.3809024753101294,1,66.58153687906912
8437,51.82957852796676,14,51,.4717442687889999,.4898327356536481,1,68.99326280658727
8438,34.208446558128,10,74,.509801527845172,.7484559047703169,0,73.0162529321032
8439,46.55547275533968,13,25,.2977362168263277,.4267719802536378,0,72.9532736133504
8440,36.79768731076845,12,80,.4628347705110536,.5383761311775791,1,69.60941577778824
8441,38.19056010405319,9,358,.3705752660679487,.3758074704570851,1,66.29891653466296
8442,38.36982049646011,17,91,.4477346936377389,.4563509021657881,0,77.61535106234389
8443,38.87994117207786,9,114,.2647389391209566,.2689484054366462,0,78.33668359974939
8444,32.66093544557959,10,123,.3203435617857625,.2498667957445454,0,71.43546357813338
8445,36.20323397323143,12,234,.4192250584845615,.6410200316525014,1,70.53128606724297
8446,41.97258616346024,15,166,.3635692306684519,.1890813468638126,0,73.35619310300714
8447,35.9646733933878,11,199,.3395272831249735,.5178284599865688,1,64.78747013086104
8448,40.80304582185225,16,49,.324217918133215,.3559913797788743,0,77.37978400936856
8449,42.83598992998365,9,258,.287030258785424,.4941375194605276,1,65.27128046877077
8450,29.33165639151694,14,143,.4496630315153017,.4073220402748683,0,78.41674263133105
8451,38.13549289987181,13,71,.4617502995489019,.4053938514129427,1,65.52699811757239
8452,44.11713543094402,13,176,.3301344122414279,.2676168318938351,1,74.20916166329178
8453,37.88636156789144,11,83,.4570945303366968,.5834441812664911,0,83.99363787451215
8454,45.66949937342834,13,50,.5487838060615123,.6901235047672082,1,70.33594789279412
8455,41.51574289467639,15,71,.5865428024776751,.3409996668683137,1,70.41523023971666
8456,38.23691828522821,13,124,.6467811053847444,.3550126029607426,1,67.66191737806162
8457,44.93088110576954,7,201,.2890616278336217,.3458045478806392,0,69.38250750429007
8458,43.05876896240483,10,47,.5580043546459424,.6165289429794478,0,76.9145175502201
8459,41.73929972753596,10,141,.4437769022889934,.4035182993243353,0,71.98282759842154
8460,41.80560179774977,9,216,.5397035884742376,.7244206848526036,1,68.88451953088268
8461,31.93632959586174,11,111,.5799602689740088,.688797333133611,0,74.89908086687097
8462,47.68801914394341,10,52,.6044722933076676,.4850206476285892,1,63.75762719789149
8463,32.09335606197379,15,67,.3231850420682516,.3405978811949822,0,68.15873061080393
8464,43.58304853971692,16,54,.3623061687936783,.2484167597826856,0,77.52713180858349
8465,48.67662859184648,6,139,.4476221765045827,.6123686722830299,0,77.76490859070255
8466,37.3200774947747,14,337,.4071806499615515,.668432337422366,1,73.07809164281296
8467,45.61642212650944,11,270,.8045820041316163,.6701366643557789,1,71.4490301994245
8468,50.33110069613675,9,41,.3611744298815571,.377590391438442,0,71.33392274835523
8469,40.86130180449005,13,194,.3972196119301777,.3889051966813434,0,74.45430786802412
8470,48.18635917397349,13,149,.271227333738787,.3914635668810655,0,73.64926465429713
8471,38.09271381236926,15,47,.5306648062864708,.4503431755786872,0,75.75756085836517
8472,37.82526686360117,13,95,.4131565060605814,.439958474164637,0,76.8704480824628
8473,41.00890516461109,6,200,.4763307894960344,.5029147855710202,0,73.22849691041689
8474,28.77805773273985,15,87,.4014869566888463,.4339132660193502,1,73.16486966342345
8475,37.46058654789825,9,44,.4463233486079025,.4720006992243737,0,74.28867707364468
8476,34.10535329321958,13,65,.3649093718895683,.3168380015964176,1,69.11839761519285
8477,26.41252840642075,12,97,.4196554066604167,.2957469230613963,0,74.00029162485629
8478,42.97514913019821,13,270,.5346154367229503,.4872446665439227,1,71.01731824729328
8479,52.70582119417853,13,69,.3772263472777041,.1658478572594719,1,70.47191126354855
8480,33.33909775052176,13,67,.401360330350318,.548979626201256,1,66.98108299749299
8481,35.16604760399495,11,88,.3760399933118887,.6438108352655725,0,77.09079342572471
8482,27.01202430445513,13,204,.4784005247329179,.5105679191262187,1,80.34491286490849
8483,43.21201947609133,11,228,.3115431739264545,.4204596302976362,0,71.51225024198372
8484,37.76415527971348,14,44,.6493526034252197,.7667419586023605,1,73.47444685056476
8485,41.89556455120018,11,109,.379815086284445,.1912455191881812,0,72.73362074380779
8486,30.6904226548795,13,96,.358280931074051,.4518390390938348,1,67.65461296746558
8487,40.56839223657228,11,70,.4557460585231035,.4616987726560046,0,71.47010899433869
8488,49.41304668465985,10,81,.4939895946849749,.4887282022504409,0,72.06846466642978
8489,33.77140784169847,12,142,.443730843537836,.3050432935410298,0,75.35784616411038
8490,45.59602680753815,13,160,.3136479166114347,.345618997444231,1,70.45897877806151
8491,39.74933398993031,12,51,.3308187442169505,.3431000062915742,1,60.2427229436754
8492,43.38304409185811,13,46,.6531400729991516,.5339897725110759,0,76.27633462659448
8493,48.74320766019754,16,125,.3783469953134314,.6984335449045791,1,76.33162214224095
8494,36.65615436292337,11,100,.4246340970819769,.3236050834856002,0,73.77327654747516
8495,43.23470238082774,9,119,.2917566801423224,.2871032131701708,1,70.2131055214502
8496,40.69939284962134,14,59,.3919189490881749,.4372388339630767,0,76.41341549087764
8497,44.58711372780724,10,18,.3951042718282464,.5157250866099564,0,76.57519282789876
8498,36.31309642257778,17,131,.5287393382044862,.5574323585351546,0,77.25913975956065
8499,36.29912013686514,13,163,.5163901839777086,.4146087375077674,0,78.02635597590476
8500,31.51280341512055,11,69,.5065069249476233,.4801985869399489,0,74.91199515082637
8501,29.91467859573217,8,309,.4293401462907958,.332996307265537,0,74.36925339074753
8502,35.91134113529915,11,32,.6615129921593595,.8184805506649613,1,71.57769271246141
8503,34.88748349692052,14,94,.4791612121239728,.4123985675818621,1,74.84943614860545
8504,43.52831735014932,6,149,.6337811615029154,.4752243470662703,0,73.78534949283733
8505,31.8185363824709,10,135,.455268762262032,.5181077149128613,1,73.15704076737569
8506,33.38843007889336,12,84,.3409301467767396,.1744657264131801,0,71.54595000393662
8507,38.58917153462492,9,32,.2770365219797367,.1959878957286013,0,70.51334574624687
8508,33.53536518657465,11,136,.2648978897782861,.2779689521769078,0,71.08749854407971
8509,37.40928495832607,13,109,.5760284550708288,.8102584090642999,0,78.04420213714275
8510,41.54590856206458,14,70,.4249010987931485,.3737516195323784,0,73.04177005887843
8511,45.6833679167774,12,33,.3753235054669826,.5456984300117038,1,66.25104278747098
8512,33.43132782483865,13,75,.3846313722792516,.4068783841288929,0,76.35311967210274
8513,49.42130748929273,13,128,.4622197795549388,.2585195517778762,0,73.21097628314814
8514,40.37639954600559,11,61,.3792509158479678,.3732056747205099,0,72.0758234232662
8515,43.09567695815274,8,68,.3063762999078278,.371579153119913,1,66.14031384486819
8516,32.2561064482141,9,242,.5879089182758862,.5304141988163267,0,84.73709885468739
8517,35.52894217548531,13,98,.599304105325694,.3747222336081419,0,81.10877406765293
8518,42.14946413308322,13,118,.3628789001063565,.3406105861508896,0,73.48186192662
8519,40.52938358041337,14,112,.3533247427210788,.5460413677246992,0,73.25287473397739
8520,30.28985688283251,12,126,.255175541909659,.2881189549500748,0,74.29876316600985
8521,41.66983587983925,16,117,.3806079027572574,.3689041205133564,0,78.27206097601571
8522,34.48282195051236,13,193,.4660678129442743,.6605252395186902,1,80.07543941942895
8523,34.99390565174342,12,96,.7181311254664063,.5656383351849965,1,74.95330755679686
8524,40.42207891838621,10,68,.4332947436522145,.3571564017201759,0,66.07609421065018
8525,51.34214116456332,7,104,.5580443335308076,.6123118386242786,1,72.92622957408497
8526,36.36119338556064,12,32,.4491000695640661,.4193319431606847,0,79.76382061679814
8527,36.30368107100999,14,202,.2786780343653225,.3223533510953678,0,76.39881104755804
8528,34.01564202367008,13,81,.6461846516078255,.606864878228676,1,67.74586255992259
8529,25.57076278094786,10,40,.4730688360032236,.6423932042339293,0,72.50103120138192
8530,46.16732996189609,16,95,.5545719422422037,.5366320095175142,0,72.5805901768003
8531,39.20735357279159,13,87,.3918208855230493,.2483214504358682,1,70.00708716922436
8532,34.2706183452153,15,197,.2116752340049489,.378510934323009,0,76.97935734641936
8533,43.83109635759538,14,50,.6258166170604396,.5589186840808081,0,79.57320489898048
8534,38.31565864392368,14,52,.5233205689520196,.6342909763618515,1,66.03567640338798
8535,39.23550550057589,9,124,.4331839617680112,.5002857820587161,0,70.79002184544936
8536,43.09199363467422,10,47,.3512553838753206,.6012930139499373,1,74.41794694527488
8537,38.9935953416163,16,183,.3944319420303999,.4862800472333807,1,66.07711009101681
8538,40.97365355360171,12,195,.3336338688197513,.3734331667641589,0,75.43646985425487
8539,38.57677156380312,8,81,.2246138974436737,.1014524527482038,0,73.7019593788866
8540,33.60417131180908,10,249,.2622813409317887,.1415145597128735,0,75.896647316171
8541,39.39290191744769,13,199,.4433718799208057,.3894818006717732,0,75.74515840943363
8542,34.31829036491396,11,101,.4134851194207861,.6243493669129622,0,78.68906431366374
8543,41.72730329238414,7,42,.4472651519288918,.3619802631811199,0,69.88979914088624
8544,41.05822473419148,11,87,.4662872584929394,.5104473644264468,1,78.34473083210474
8545,43.37870963543251,14,72,.4866424992774309,.6888470301459924,1,73.76605072764356
8546,38.3124498617051,14,46,.4083673078975801,.4210093644307613,0,89.60655525427742
8547,36.93879311039925,16,167,.5100615201420385,.2941691972122396,0,78.85111268289968
8548,27.81976911306389,12,26,.3158815961324715,.0610126494855341,1,69.53141652429233
8549,50.57657336348274,6,75,.4672207493856294,.7442824308839242,0,75.6621842207033
8550,48.38589877522919,15,428,.6340157191631454,.7917062643869626,0,82.73148875184435
8551,46.52729736384453,14,67,.3935329999308517,.3844630384070353,0,82.20784863785958
8552,41.95022330534926,14,57,.5238045568970369,.4567398945546324,0,75.77389298051338
8553,34.86167004243507,12,68,.445484786508372,.3794262330567718,1,64.50545388437055
8554,39.44660325020116,17,27,.5937698912025866,.5885632411151075,1,67.90936413968068
8555,44.62597636693543,14,67,.4393714459025941,.4236867311762506,1,70.71560775920685
8556,45.32145936290595,12,76,.4389508289145047,.536738079590811,0,68.62953684343229
8557,27.84397639954681,8,165,.5010296310371533,.6670644207576297,0,70.15756160998566
8558,35.96851339449647,15,85,.7340881437079299,.9052905199769878,0,78.4516226761576
8559,51.22303896806341,14,80,.3898824804657054,.1931087261593336,0,82.81627223822966
8560,34.74902934916546,13,77,.1212192297700954,.070751014922937,0,71.16845954524523
8561,43.86517420837651,12,54,.4812042623953611,.2105401071617274,0,70.5754384225566
8562,35.11079915109244,14,166,.5676949986646157,.6534328072844211,0,73.65619741678574
8563,45.66896696307577,12,74,.6414498186557279,.8568101882351019,1,73.04455461198712
8564,40.98242898392223,15,24,.3800632587554951,.305798725119515,0,73.20921622519253
8565,41.95748309432935,10,143,.6150205772786481,.3851286753083925,0,70.28165190326484
8566,36.94380700924255,8,54,.4143391109566091,.4650378701817232,1,65.90200994445149
8567,36.53579261466047,11,132,.3382134650615916,.3567134929101667,1,67.76779053657951
8568,43.92526833930069,10,152,.1544768619457242,.127676490838669,0,75.2494250009169
8569,34.3289210610536,10,56,.3118905971587195,.2822808097532627,0,69.31143209913886
8570,39.3546542845206,10,80,.4357113073987955,.5468208331985962,1,70.93250147776124
8571,37.86734799333856,15,115,.3998842195706096,.6799520906053395,0,72.96957549507478
8572,36.55629200879405,12,181,.4373558215009558,.2998386919107842,0,76.3712413870484
8573,37.79489132696754,8,172,.5073388049244502,.2695598613709687,1,68.69268570325526
8574,42.50848189003188,10,38,.4501075185272055,.4533347816497604,1,74.44676136702739
8575,32.35401307624504,14,37,.2844615964497971,.3861427374896159,0,78.79852038341289
8576,32.86523378622113,6,136,.4340415252925468,.6830361152893394,1,65.635597888851
8577,38.20713506689422,11,26,.5265385975428897,.4978949649067305,0,75.68969908176004
8578,39.52049617001053,10,56,.4374463803312302,.5727259769006032,1,68.66931343772005
8579,50.82224092600096,16,99,.4997532306025035,.6001367053042812,0,78.49109270989776
8580,39.11084770601231,14,139,.5610815628892423,.3762956018443247,0,81.33798570547398
8581,45.57332866698674,14,213,.3739291528451774,.3097739133794832,0,71.76093910575122
8582,35.79823697658438,13,181,.7483006508807962,.6243671405666283,1,69.7723244282784
8583,50.81438357301843,7,12,.3560538222937037,.1976008741949661,0,79.34119727133452
8584,42.64527947501743,10,75,.4203398659636858,.4454940232035658,0,75.08272415913609
8585,43.39145850128821,10,276,.3128118730972661,.2036613193480283,0,79.10317196693325
8586,48.86788510413963,14,90,.5487710343779457,.5858789105300339,0,76.6203411663834
8587,44.3010745325851,14,229,.3030057991389723,.4641717724158875,0,70.09315529810272
8588,38.37010403186995,13,149,.3073165817667785,.1301134173078103,0,78.29419927784822
8589,39.91193182804363,9,319,.391959442474197,.2583633882867371,1,62.92026777329403
8590,40.32166438291733,11,35,.5511490049562203,.7022338008580195,0,73.82404265177203
8591,33.22529999923622,14,59,.5567069772968052,.7348041187160834,0,79.83231696707769
8592,46.10850618645504,11,55,.6355922577708472,.4202529990049937,0,68.87081731810424
8593,35.79597567584405,8,113,.4340968612581407,.4267051325662842,0,73.83049400666243
8594,32.74864561182395,13,28,.30532583219058,.3390449819771192,0,79.63788087363733
8595,41.93327096620882,18,55,.4353372755174641,.6571989290091452,0,71.5496584708801
8596,28.4824320118061,11,52,.582401761753125,.7840154102698902,0,65.77609573941987
8597,29.39702046219563,13,51,.4308083680993398,.6245871567189218,1,69.44145761664356
8598,53.15154861838856,10,74,.6689554542778738,.7736465734905027,1,74.10983146544504
8599,41.29076315705761,8,172,.5178667769358063,.5206492583926333,0,73.56352490048297
8600,47.70066789512919,9,32,.3691809993301793,.3086150225988671,1,74.42690328868701
8601,42.32906803894657,12,190,.2540896759452794,.1001181067739763,1,70.7665866679714
8602,36.10560549869911,16,108,.3279205300750957,.3322581069496903,0,77.6563310506772
8603,43.32227347926568,12,36,.4579408658440433,.5715516188877079,0,78.11835544307638
8604,48.11497666775514,13,65,.4251014322910792,.2282885424577274,1,65.09602061934332
8605,38.26215546819541,11,151,.4276298660405929,.4783319904065114,0,73.19871299530685
8606,38.02164104196893,16,101,.4563943154166464,.5111617021761188,1,62.69822219863654
8607,35.0979178654984,11,29,.6831092692505789,.5124020746784415,0,70.08458168600369
8608,50.39785334562097,13,356,.238066778019037,.3195499582779363,0,76.73486792678469
8609,38.55108668398523,16,110,.4174186016663397,.512166082621607,0,71.3257681038516
8610,45.33258671152911,15,24,.363121499269911,.4283486554555126,1,71.28548609329786
8611,35.36626591350242,14,71,.6188644419561107,.4783648469883931,0,70.38957132529616
8612,43.85103412675613,15,182,.5920645070590644,.3826641683462454,1,70.35111538501934
8613,48.64040893357493,14,65,.4365583217049726,.3585687826887764,0,75.37501412299666
8614,45.7248499112317,11,66,.544647023527721,.3945462481152859,0,79.50497502546519
8615,31.45797925122748,13,125,.2679040326324339,.2242587308419171,0,73.68857850683956
8616,42.30951447993365,10,110,.5061715383369064,.4787289436124719,1,73.8245750509561
8617,37.66156110109858,13,75,.4081720545553154,.5112195344712022,1,79.18572520493018
8618,44.97244048095063,14,36,.3772083712052507,.3651914795400454,0,70.02688827763997
8619,40.45347981201117,12,485,.6100065910561263,.5001262423247096,0,67.74943997868995
8620,34.97753140341532,15,169,.4529750598359842,.6416007090799762,1,69.33827889559853
8621,40.59372916044995,11,227,.3225178738033021,.5258055413134876,1,68.85418788504789
8622,36.01788619946225,9,39,.4284948556253172,.5188419578681993,0,77.05368993427622
8623,36.50538480717087,14,73,.6645348788318772,.7781940211399415,0,76.56387821992291
8624,42.87613437717748,15,185,.4550932832577705,.471614103687881,1,65.18409338465528
8625,35.82106097047004,6,52,.7224784699396563,.6359464325260912,0,74.27163579763504
8626,42.56202852167963,13,151,.4727990392635824,.2795679225552941,1,68.68236744346922
8627,48.17376372705013,8,271,.308521566908219,.3502630514480214,0,68.61388931760401
8628,27.98991757988273,14,247,.5244262965982082,.1352165346958049,0,73.07966522789326
8629,37.9365866841123,10,173,.6237735202788741,.4421021036936507,0,73.28144787327092
8630,42.00778001390501,12,111,.1928267203947674,.153412517397892,0,68.33247197082898
8631,34.23664496978186,14,56,.4400644934431325,.4925120059018004,0,76.65436305765164
8632,38.01737253329888,12,54,.5585323398822873,.3673494923178195,0,76.5648495574542
8633,35.17074786304953,18,304,.3979478877364425,.4577951921752297,0,78.3467990336262
8634,35.39592281245207,10,86,.7059016592308189,.469845255891594,0,75.09505885802072
8635,42.92634589335547,13,132,.3116087998750128,.2146123193514407,1,62.58353375273528
8636,40.23966491458474,12,46,.4001536100208035,.2621699561454806,1,73.40555862183321
8637,35.86373182472864,15,106,.3492462972481479,.1964493827799992,0,77.26844333806254
8638,37.80734552921133,12,24,.2707464920550426,.2083165385125421,0,77.51933480954875
8639,42.33226315234621,12,62,.3886230781224974,.1168232033552677,1,69.63068897145675
8640,32.16716186062681,14,50,.390538580962683,.1244994984636033,0,68.3410823027655
8641,36.56640505288507,11,130,.5811892483781009,.5646633552176102,1,75.36122562595801
8642,42.21735639960302,9,88,.5162596611338003,.1931762822935518,0,76.46951930688611
8643,37.81078705671788,16,62,.483782939480923,.2362383059175925,0,77.27499889444229
8644,42.7259513410846,14,233,.496642722689197,.6043603822060079,1,73.57213059313061
8645,41.88630038594853,15,91,.2810728170582335,.2290008263682177,0,76.58889175073521
8646,47.26141299742758,11,153,.6022214740697706,.6071508547354189,0,78.76648757211994
8647,35.80037613504327,15,94,.6042043493469829,.6866162018540268,0,74.06920270533715
8648,48.53088956343719,11,299,.5032987139204953,.4822912789994617,1,69.58091616076723
8649,33.21959810718657,18,84,.3082810055467312,.2293745411695847,0,79.86855982195263
8650,40.57392207390226,12,31,.4806986520336941,.5310071620193934,0,69.22657889937962
8651,36.67858114286518,17,164,.4709709151593057,.749310868342374,1,73.06726163131846
8652,42.06619385818058,12,74,.5123560531814938,.3196472895732131,0,70.71491073218539
8653,35.16142068525329,13,38,.4715043484957113,.6474491378651072,1,74.42436372039658
8654,40.53116366475069,11,97,.3716392451247894,.4262117307564697,0,78.37914116205533
8655,44.57272201898753,15,41,.3496015924300621,.4072338443028437,0,76.86109620591091
8656,31.53970293416917,16,57,.5011689666143906,.574927974228156,1,67.08606320616907
8657,35.91583056934738,14,60,.4812116075244561,.43112655807319,0,79.64416995387677
8658,49.42294987474267,10,70,.4803002460280965,.4417133125725237,1,66.81252154582053
8659,28.98050705796196,12,15,.4047203719528436,.5935296326969124,0,69.83058999115097
8660,46.35427430267205,13,39,.5236723035437439,.495335015821158,0,71.25309609407084
8661,56.9856563837121,15,48,.4392313929963515,.1144110434615025,0,77.16289680949815
8662,50.91872251789986,15,112,.4349778065651906,.3185617764204302,1,73.59529330968697
8663,28.05098922392362,11,54,.5247518706626422,.6140272757124352,0,80.34754764249048
8664,47.21804808059603,15,85,.4371451862461866,.1076951111798098,0,72.41365759457287
8665,38.26523182216136,16,168,.5458884483654267,.6724956074038838,0,77.04959525324657
8666,38.11049003238033,12,118,.5053981112889323,.4381576814328746,1,69.11044820823933
8667,40.42493497847637,15,44,.4739615710294017,.5999258730449553,1,70.28874573713496
8668,37.20079489165477,9,191,.4389821754946256,.3574994874309659,0,73.5621261733332
8669,46.35785347300326,10,277,.4277919107060505,.2914857335337808,0,67.66933204874367
8670,42.2123924704429,14,51,.5627320663963428,.547233655311248,1,72.50690408097023
8671,40.51802594309244,13,28,.6181197626018247,.7565084644067546,1,75.82701586434958
8672,48.13826021276807,14,72,.2774912140390445,.2193265487281554,0,74.735763609649
8673,44.32008483441437,10,243,.379511791070806,.3337772885585828,0,77.33717737948014
8674,43.34125680950611,12,47,.5424679390169862,.5095882900028436,1,64.44741501655169
8675,39.31760587668285,14,266,.1967072037202716,.1398525034128691,0,81.96096291708733
8676,39.44888932892687,11,85,.338833020388031,.2637235851923038,0,76.32476514807195
8677,38.14236877524107,10,230,.3532273840647451,.6077695538715235,0,78.28511376306554
8678,34.726104626514,9,67,.4627914643093943,.5167632420756318,0,77.54838919365673
8679,45.88942131587915,12,82,.6128039832480027,.8079323342951391,0,78.61494207938696
8680,39.52198733293517,10,62,.3950558013318111,.288166090126304,0,74.4418018775964
8681,38.46218141169145,11,100,.5664519385972691,.6360912694612368,0,77.0057907013134
8682,33.14667415708586,9,55,.4929035459132113,.3545227201377932,0,77.55695466848422
8683,40.68824601832578,14,54,.4694173855557369,.696464347101224,0,77.99049181871396
8684,36.5504036748839,12,87,.2295374215159803,.2348157111251483,0,71.93251788404289
8685,40.92413033042092,10,27,.2456928183029563,.0626926628808459,1,71.19170138049446
8686,52.46405178103575,11,103,.4332174538565492,.6520892958079431,0,77.52558030416733
8687,45.94129785964525,11,65,.6312523723870727,.7231384356312498,0,75.39737147005495
8688,45.71696648635923,14,50,.5466830655071704,.5534017140183873,1,67.88388031848615
8689,38.35152517457482,13,31,.3065034336387796,.0623356512525534,0,72.17194316172849
8690,36.50159046103703,11,81,.7687299331113493,.9066465393252789,1,71.2733785428382
8691,35.82325352667623,13,110,.5351468098537004,.250861499558356,1,71.65894448116032
8692,30.10841942303607,13,75,.3765672012530479,.3949446530662626,0,78.77750597273725
8693,33.40694268631131,12,168,.2975716179802516,.0926514247471033,1,67.18766765381609
8694,39.33309222804685,12,92,.5966148602619759,.6516812565017632,0,75.80982725663496
8695,40.63965789282101,14,90,.4850039501091002,.6168397094664078,0,77.17676768521035
8696,42.45178060518397,14,58,.3288238292182889,.3070065037550908,0,72.00669650365816
8697,40.83677004077248,14,23,.65076560329554,.5379285488365398,0,79.06618170150206
8698,43.75271423781438,18,64,.7103815091788239,.5746330585451694,1,70.24357407275842
8699,38.52251169491462,14,20,.7451717284708643,.8352430767860034,1,72.66403958959908
8700,28.41477913237858,9,340,.3285155440357354,.5088497420152608,1,70.34025608062956
8701,36.6019525359695,11,139,.6797162287360573,.6883029080286849,1,75.1310861135004
8702,39.72276195261901,15,43,.3968801497003784,.3012284076716329,0,72.82428963095512
8703,36.65973534317003,13,147,.4435038766677549,.4763801413200582,0,76.33353955529125
8704,38.21472339509037,9,88,.3900346955581556,.1025663962343101,1,65.39367562422909
8705,40.69971918657297,10,42,.3047857231903081,.4632306256461725,0,76.00414383098686
8706,33.10636917232854,10,41,.3084814004291088,.2647834863560908,0,73.29004612103178
8707,45.60114877490532,13,151,.5145431102830174,.5725979723061004,0,82.84216188622476
8708,34.78543765809732,13,45,.3768631817551373,.2073967537848986,0,69.97379328020675
8709,29.3785185020142,14,218,.3953588359151873,.7657178318478866,1,75.99507121535521
8710,47.56695660442078,12,31,.517927215692315,.6821664606595141,1,62.63030596247479
8711,32.27852143916705,15,132,.5319038799110232,.6168081016072655,0,76.32227804129417
8712,38.00545110335179,6,67,.4510014137673861,.2842718384022203,0,69.46337571281626
8713,44.83554308508001,14,58,.5526026368647579,.7846831312929474,1,73.80906822188214
8714,34.83669263988876,14,131,.3851577586664099,.4858929811370783,0,73.72132438418399
8715,35.74908130597756,12,144,.4409322753031903,.0915051680445212,0,70.50379216600454
8716,31.62206661412127,12,36,.6613378110912059,.8159750188775814,1,65.69363696737747
8717,41.84748062122576,6,135,.4956784680881192,.6678472432314395,1,70.84442463766807
8718,42.57601573916858,8,33,.4176944096080001,.3455213307644335,0,71.62617482750228
8719,44.25730639884858,10,88,.7222643303587181,.6487454562950721,1,80.00800146774509
8720,41.25258255801604,12,88,.5224172762875723,.3416992418911006,0,74.16594820137159
8721,38.43582616390324,16,66,.5973984671516794,.5054239331415791,1,77.49236932727955
8722,39.74794144589741,14,164,.5327773425732132,.7441937651722872,1,69.85555395064115
8723,47.89711029751257,12,141,.6309134618911794,.529441302837324,0,74.88538122217551
8724,44.4350527272136,13,98,.4736809035557009,.7567962155847419,0,77.37768503016443
8725,38.94274597985282,11,68,.4102787262479176,.5390114532646474,1,68.03648525178824
8726,25.42164001335368,10,121,.5114531829247566,.5293997396507534,0,72.0523028643633
8727,44.3710670725963,12,49,.5156310406542055,.330933169468255,1,73.70645967190437
8728,41.85557841348874,10,173,.302694067258572,.1593641643490307,0,76.80060646497235
8729,44.61175171968338,11,99,.3358140143016104,.2930423023423588,0,75.91533284989455
8730,38.59610008582528,14,69,.4148610191254521,.3376404755304043,1,72.29478523210801
8731,32.70407409141121,10,33,.3414831780544429,.5568990183731883,1,69.05829948453771
8732,48.10703873309149,9,55,.343912220805966,.0296120374984391,0,70.68816812478731
8733,40.13541405559776,10,103,.4868281013628024,.3774011430050337,0,81.61741993772014
8734,33.91423676639926,8,58,.3269532007091976,.3544061649316141,1,69.08505572440293
8735,28.45988076332781,8,361,.6202081461772995,.7989341047662446,1,64.78084870285841
8736,32.89461668105296,10,101,.4346699891782413,.3579137766894659,1,76.15268564478083
8737,39.90620077571703,10,72,.3379410061529217,.02,1,74.67993838695027
8738,47.74514764324119,12,65,.4651318787087726,.4702685539793643,0,74.68548037707149
8739,30.07843252752075,14,47,.5856044004950948,.7690690910337925,1,78.33420521848603
8740,37.88135746418752,13,155,.4441436539867336,.5147968570751958,0,73.49002246980265
8741,47.55362134719844,14,85,.6068225118455269,.4381271781384124,1,65.34130490399053
8742,35.57836182605762,13,123,.3258604720507638,.2815274478005079,0,73.90154357674852
8743,35.31884781413514,9,74,.4722037482929727,.5513801777682904,1,69.53284566177317
8744,39.78063356563275,17,83,.2170886280698516,.0818669161215406,0,78.12555116224034
8745,34.25469035303308,12,197,.6960697826771283,.6860716797091317,0,75.66864500392751
8746,40.64226890903465,12,111,.2352516647291419,.1691015847479041,0,75.01140149284106
8747,35.73606303660867,15,118,.2772941742413569,.3697620799710984,1,70.41307470075269
8748,36.40671876044291,11,290,.5221903366715315,.6462383874365272,1,72.79026665040894
8749,35.91071939618273,13,91,.4046824755697118,.3500919195029319,0,75.61687221579253
8750,36.044600148207,10,163,.5433473304328013,.6637721120156495,0,75.50013136515496
8751,38.38542765102979,15,22,.4656589272933257,.3059308320327705,0,76.2225384556827
8752,43.45425329435065,16,154,.2778003627195941,.3378359188378275,0,72.78830475378847
8753,39.80351595888309,15,65,.2929527151915298,.3539917324909657,0,75.69389701066228
8754,33.64311157787377,15,346,.482358119217228,.3461666348536376,0,77.72132558996459
8755,37.63774553019515,13,66,.2878287481710471,.3806236568703515,1,64.46841061833916
8756,34.22212796887441,8,46,.4784293261312726,.4252464954655352,1,69.85163666908919
8757,40.00466243838154,15,425,.3185425447862506,.2670133455294277,1,74.96095799218854
8758,40.94904443726139,13,169,.3743904997337186,.3651018692620593,0,71.22488002558883
8759,46.94903489935832,14,30,.2425857629553243,.3233674680087085,0,80.58052695488414
8760,38.61529746561516,13,52,.6253063987714811,.6818588164287882,0,79.39076839547971
8761,37.66230824803531,12,33,.4899921783739326,.2538835173664451,0,73.13226060719558
8762,47.71649950032123,11,38,.3143346413928733,.2453213141380629,1,67.79194214505613
8763,41.82308154324976,14,52,.3749870482529081,.4831536470212832,1,71.88763549717842
8764,30.28432495296263,11,111,.5087803065584063,.4389781467372518,0,71.29465292359991
8765,36.7068640540172,16,43,.4712227008852851,.6926391817767975,0,77.06233539403745
8766,46.94528793870289,12,126,.298069481479119,.0537806649885758,0,75.67307686907124
8767,28.80362987774068,12,44,.4148505841968975,.3317529804462899,0,71.97300479832364
8768,35.72536880849353,10,127,.3600842995713515,.4074393644098632,0,76.79182063584365
8769,42.64594997766077,17,107,.5062085643856908,.4517795404242076,0,74.95007710379872
8770,38.95805570000826,11,54,.5247070829058379,.6713650305616671,1,70.8445020095712
8771,39.12918654157607,14,105,.4359692497673998,.3730484859662042,0,71.50738269882899
8772,34.35445300934028,9,121,.1966718874682385,.3684236066645102,0,74.99929859652129
8773,47.05679725516754,11,28,.3208384550683484,.1189011380270172,1,71.9598447295249
8774,36.38004721605782,12,76,.2830849642772882,.2342378099396245,0,74.92715938508771
8775,41.81077734891907,12,86,.3279772198689339,.1619827544131815,1,67.11356144898865
8776,39.3060067716012,12,46,.3920431315630563,.5017919515793106,0,69.82950278409318
8777,34.60622421317726,12,57,.2893896284445123,.1162009702285521,0,74.40602289475575
8778,52.56643422887714,10,59,.4124503231707371,.6432898786181845,1,69.75254901291572
8779,30.45543232956382,12,170,.3699101732400769,.3882373821389938,0,72.01787250139512
8780,32.16151215542593,11,80,.340334162066517,.4898162248913317,0,70.49780456189926
8781,43.22590454020356,10,60,.399324845335563,.3769668879172674,1,66.8797229075078
8782,35.92578722698146,15,91,.2647674007208519,.315662845519914,1,70.86759823109925
8783,39.39870556163734,17,245,.6035417355561723,.7863484693479401,0,83.86068766910311
8784,41.49447998465711,11,99,.5690512666603649,.5173398806789734,1,69.43551237182692
8785,48.68897571948924,12,184,.512744561313447,.6688877356095297,0,71.40652353233726
8786,42.65745137765602,16,149,.3760321312941216,.6520484012787218,0,76.78042871073131
8787,39.22990999270652,16,286,.6270100445578476,.6244623302874617,1,67.51759455726304
8788,29.49679785319989,15,72,.2942283433777121,.0979168652673963,0,74.6689828401682
8789,31.65855798375252,12,18,.4010240192043014,.296892201449743,1,71.5977685058088
8790,38.71159828265557,12,77,.08,.02,0,71.66276920575976
8791,35.19927512670641,12,59,.255149573742575,.3261545545135695,0,68.32735376892805
8792,35.03289857086007,10,125,.5921125682116625,.4812849159110425,0,72.928174798406
8793,26.58442359238969,12,53,.5272305051046631,.495951690587927,1,68.78615787652524
8794,34.55677979036852,12,53,.4963073920989049,.6165933323059507,1,72.66094644650443
8795,43.20582591853829,9,60,.4008137730565068,.2785507490075289,0,74.615413923391
8796,31.88285461979074,11,16,.6641692725624397,.8038127967616417,1,65.24985505901503
8797,45.31454795354598,14,99,.6146751121111725,.4752438344738587,1,74.40426881549175
8798,41.27577079383006,9,189,.4262005731727097,.4457331253003781,0,82.40446169987479
8799,34.91943039635312,15,95,.2638675809751227,.4247113982414003,1,67.35635099563014
8800,37.43942943379757,11,36,.281670131368381,.2201809283870349,0,73.39759372452529
8801,27.58579827592022,13,120,.5212828765342141,.3967380172391943,0,72.70325028010106
8802,44.78902285334156,12,75,.5915048981045834,.4878739109414715,1,73.70672906305552
8803,45.15613783315008,11,91,.4080094254008871,.4593520936574942,1,71.12689591507691
8804,39.8464737343447,14,165,.4355965828821175,.600845445723992,1,65.15988772441686
8805,44.63517667263045,11,40,.5999429522441473,.7357562883825988,1,77.34312776881313
8806,36.21680879807143,13,413,.4758833660248336,.5683533699063197,1,73.73172447075659
8807,41.87962652465325,13,58,.6447553507500494,.7149119303449436,1,72.87651595889851
8808,42.44303475046494,10,85,.3912059876109914,.5351852792205651,1,71.18547511336901
8809,35.26982309671996,14,37,.5539340843276864,.3380914196546339,0,72.85813747023994
8810,36.00845846508862,11,87,.4744654595383717,.5857974026410854,0,80.93726099091452
8811,35.79557962841216,11,46,.5253025150448494,.4545880990829086,1,70.87175018868051
8812,41.96174645931362,13,103,.0825349258738676,.1357414892990576,0,70.95313572057572
8813,46.08831627091917,11,72,.5353928758949987,.5100141563490559,1,71.15778301467232
8814,32.95444473139979,14,44,.5490935714940731,.6520956086920748,0,70.66405153387329
8815,41.72142001207847,9,53,.5506463309526858,.3912136495916618,0,72.15179299509887
8816,38.8788311872899,18,437,.383685792091339,.4438178918725397,0,74.01988042260702
8817,33.29948095526939,13,110,.5018864651757129,.4493005132274352,0,78.87519167626368
8818,28.8462434937479,14,18,.3504827181283227,.3562787798115173,0,72.54100211311885
8819,42.42331661562664,11,201,.49167821462413,.6028921266726138,1,71.41785354580006
8820,50.11643421226619,9,401,.4702434586916348,.5574272453383765,1,71.49108029075214
8821,33.43947787652017,17,66,.4973446665233476,.7062752750528961,1,68.42825783725772
8822,42.45154863792398,11,58,.5172015135282881,.4402333486025254,1,69.34252551994494
8823,43.48275864894045,15,35,.4080935455863529,.3862931344367908,0,72.91863051049646
8824,37.17834645467845,13,42,.649821632313084,.7379658810509517,1,71.70534189455209
8825,30.67715434437446,11,60,.3712078742991581,.290694088382369,1,68.03308396244375
8826,41.61460549698111,10,85,.4450874853797724,.3473484915977565,1,65.92743538878543
8827,47.42136417447973,15,112,.4224703373819715,.1881001101505015,0,71.92302698764793
8828,38.71326559446663,12,47,.3389725422668186,.1316081915408037,0,71.79438359932959
8829,44.06831081288361,10,96,.4209787648735377,.4898440257851307,1,69.88892054439212
8830,36.71422498748401,14,51,.4931371060173813,.4149511726788424,0,75.26673730868525
8831,32.89882951970584,16,52,.461600237349605,.418288229364203,1,67.71307894171241
8832,44.6387453941542,7,117,.5005944104918368,.5188526200796546,0,68.74651829690539
8833,48.02438309978403,11,32,.3183435271548196,.2685417693608809,1,72.3420081099807
8834,37.48164102691438,12,210,.3987083873478993,.6206520081039035,1,67.19309760126298
8835,29.52128339418266,11,93,.2907454776225675,.1675798569070903,0,77.00793269043098
8836,40.07613716202764,11,331,.48166218910541,.3771357444738673,0,72.31603291747501
8837,46.52095299619984,10,119,.513979160265746,.7251810698080027,1,67.3846721945371
8838,43.31241153122379,12,82,.3404952216553081,.5977979201521972,1,73.29158494413868
8839,44.3088545529355,11,123,.4534468895878644,.4907882117502119,1,71.47377709293308
8840,43.22492134731515,9,51,.4103046552837847,.3679776754371766,0,74.4518708636259
8841,34.18681330721311,17,82,.3640770068451206,.3491659732173411,0,78.00502565025114
8842,37.64668665184553,17,54,.4053082199923514,.154760334771436,0,76.51821143661299
8843,36.28835675596567,12,310,.51563002047674,.7099569687065981,0,80.13226970341952
8844,53.68278375755632,13,77,.6590652322186752,.644431655040822,1,73.1723955026747
8845,49.7207409572423,14,71,.4639850541793207,.3572021458649904,0,76.61375872674728
8846,40.22007125467462,14,157,.758578875090645,.8177402757231639,0,76.80262086680621
8847,40.29343337761409,12,17,.4152082279586977,.672898622381596,1,74.48132680817159
8848,39.8719574981564,11,88,.420270808809794,.4703377726080288,1,61.90022173354119
8849,27.23795652325746,16,49,.2997864294614564,.2816598240206762,1,73.56293168069766
8850,38.18264971498513,9,257,.2715541065007713,.3907519573086682,1,62.0622535354513
8851,27.33723300316322,13,24,.2914250657411888,.4007890227642681,1,74.07421978453439
8852,39.80949813169483,14,42,.3830170629985024,.2973428290279204,1,75.30865966585424
8853,45.62507542813636,13,63,.661024423133743,.7833058155804534,0,76.70681580606073
8854,40.97005850649484,14,114,.3623789180773354,.3342480942524736,0,76.27325743051502
8855,48.34064939440389,15,38,.42908935870436,.4799407298719122,0,72.66209340405703
8856,48.08590337632016,11,44,.3749107998438537,.2860052655138103,0,75.53813681079158
8857,43.82035371766559,16,70,.4336425036808544,.4907863602104483,0,75.15734884776064
8858,39.21835640163585,12,56,.439264582948831,.3928264915082523,1,70.01370951346198
8859,31.63988391749466,9,61,.4413110178367808,.5341371171417701,1,69.0731257945516
8860,28.33869928185975,10,33,.3250976848477415,.2905806130556061,0,69.19016648999157
8861,36.68691687701691,11,201,.1987692385123227,.3197816428280735,0,74.42699391267837
8862,42.32818558277047,10,48,.3467243705470532,.1425932439223271,0,68.26890564108132
8863,35.12128616646801,12,33,.2099726386150976,.2607464548499179,0,78.31860840288103
8864,38.4298794139963,8,222,.4433221987662647,.5449966260115854,1,74.41066765023996
8865,49.07452887961176,13,76,.6711751310912019,.6049324203470731,1,75.55753777995668
8866,39.64099111739677,8,320,.5714857862220052,.5715886512249608,1,63.68385833063343
8867,36.02724348757955,11,361,.4948510666500124,.5174667451949793,0,73.17313758562659
8868,32.27890746721738,15,107,.4046252323707306,.3553979217509801,0,72.22376856869536
8869,41.98280200538355,10,101,.5305231927092189,.4754936576455727,0,76.41152275136683
8870,41.92608582830906,16,30,.4591504577203272,.2729858121826263,0,75.96809501094243
8871,43.80439779118075,14,45,.4281725655655268,.3708030082967213,0,69.03740298243893
8872,35.80797278637567,15,107,.4790015916553145,.0571188573327261,0,72.44535270679256
8873,48.37760730228175,9,40,.6022485582115674,.6502272837562757,0,75.98931276499714
8874,40.2995705586917,9,39,.5060430319377996,.1522922180090008,0,68.42390579703476
8875,46.92761231705519,7,86,.3230182333916555,.5591295022136618,0,75.7625299485853
8876,49.42444996137903,11,111,.60148769109692,.6730240302145477,1,70.63792906674762
8877,34.50282537054098,6,222,.6189349460850675,.6093723959180964,1,73.6205275654676
8878,40.11020872323448,13,156,.2771501147229224,.1742691361616219,0,77.98508792855742
8879,43.08375118661512,13,306,.6719125862450972,.7430305603476924,1,70.98839209714002
8880,33.9236823697025,14,119,.3194610188255711,.3905526624886447,1,69.7757067552906
8881,40.98113105660387,16,203,.4001769299490857,.0827875945288303,1,68.26609852386545
8882,34.33770374622254,12,39,.3522311631778636,.3104234020192577,0,80.00748683819153
8883,43.07129172034917,12,34,.4348100569218883,.4747080019874598,1,68.26588292727871
8884,37.77334194962714,15,108,.7165029520207431,.6810495780016476,0,75.55553908179105
8885,48.62116814762236,18,73,.3311463350178744,.5644109380405913,1,72.87025738192028
8886,25.93235323667521,11,211,.4597406191376047,.5929807511629985,0,72.08127522263257
8887,40.14575636280863,14,26,.5649775515232129,.4642273868682999,1,74.29662695574446
8888,34.16790033828228,13,71,.4801696154933429,.354448406253013,0,72.78940160338485
8889,43.75701148601122,11,80,.3819100259823891,.4739085449840444,1,67.39957397982336
8890,37.4578197293603,10,30,.3744957431614431,.2696681709358407,0,68.22190029147649
8891,38.25672305792497,16,30,.4980525427728106,.8461010398845493,1,72.69919526023368
8892,44.34719672353916,13,75,.3318565897501651,.2225919417189196,1,70.15598595878257
8893,27.39706880363853,18,86,.3728642474884429,.5762803552061051,1,75.57183149027966
8894,38.54807752392577,10,19,.2513275806463834,.3552487434892253,1,66.82831361276953
8895,37.6103593120409,17,215,.4480813433320108,.518356567529066,0,74.35878847783832
8896,31.45617828169604,14,32,.3047153633577664,.2499166957620467,0,77.02049890835613
8897,43.6637361797266,9,35,.4997138697683817,.4308227882100904,1,64.74500340619096
8898,41.07410008270411,12,44,.3599730150217629,.538370142238383,0,74.40664153474663
8899,39.97100394652142,12,43,.4996289339201657,.6084180375249371,0,76.64261871489647
8900,33.69555278632965,8,691,.6198172847191812,.4871196650548024,0,70.90253355275185
8901,29.97143778633716,12,47,.2771480893017724,.2093284402567448,0,75.63012729728314
8902,42.83921791724085,11,37,.4493152699056353,.2920816980203353,0,75.28994193655008
8903,37.10221355377163,13,22,.5973319098554895,.4085106371107593,1,69.40814932696286
8904,28.17832022617704,18,77,.5448223962350268,.5457231097863549,1,73.24336683162787
8905,38.54802480460496,13,55,.5689102139785888,.4133858775975165,0,74.47238559512063
8906,43.08177906628985,8,51,.3013347525857077,.3042003840816838,0,69.11356298160337
8907,39.04028481202091,12,87,.3937950664518679,.4001453248271941,1,66.30166023831406
8908,29.52261000258851,13,43,.2867794060479313,.3585706153966636,0,71.02146084574473
8909,46.26880873629783,19,63,.513325303885882,.4652886486748585,1,68.24811455908662
8910,36.34942996583035,14,47,.5449266566201808,.3468076036133713,0,72.58249970224153
8911,53.05141975112515,12,158,.3540075671483811,.4332657031781953,0,78.78119408971938
8912,40.49774186251229,13,153,.08,.0518548279452321,0,79.71193943064318
8913,46.3963099124005,9,112,.3075787586590465,.1784940261470603,0,71.96938359005551
8914,40.37014578222404,11,194,.5200718860360398,.4211188702138157,0,75.79022647443898
8915,37.86982855227389,15,147,.4265255305717081,.2534734142338068,1,64.16467003820516
8916,34.52741712253577,11,85,.5179938368229955,.369389429944647,1,65.95968582576802
8917,31.86342585393793,11,49,.6161477198824372,.5928002421432811,0,76.36883818848086
8918,38.67637181462553,13,53,.4879084269171661,.50291277781716,1,66.29137644914879
8919,44.14621462155954,11,110,.4581113506184342,.6274300572282436,1,70.77197283188848
8920,24.85992181695708,14,99,.3744355838806045,.3794779868142363,0,78.46131237776025
8921,39.95611176818811,13,109,.3131686150670356,.4639271116820464,1,70.46854584209586
8922,38.36506126674695,12,234,.4694992760123609,.4110469888875821,0,77.61831608540967
8923,49.25280610421417,11,56,.4371836288920527,.2450614567390275,0,76.31804809038719
8924,41.89904288034192,11,478,.4705870848924418,.4280030682787809,0,74.72853103709298
8925,34.40153278583857,9,183,.2872167884162047,.4099091761456852,0,70.85564809369235
8926,37.02735705833714,13,142,.5687648540144884,.4308350520104903,0,81.13689538477254
8927,44.72257668531529,12,59,.5860320230157838,.560211614611147,1,79.12746742490242
8928,40.83252782048756,13,85,.3795443587322851,.442227972513145,0,76.85887564444874
8929,34.91141205647466,14,208,.5646532497416344,.5591821818881223,1,72.12327056661472
8930,28.55195240593075,10,84,.2707147511807508,.092113886621023,0,71.02492679015798
8931,41.76315355530161,8,135,.1913138773722169,.0881173788441224,0,75.65712264597794
8932,39.32022964200082,13,559,.3233543563509687,.3476232768061673,0,71.83374787931692
8933,39.00551551508357,12,139,.3674321024962914,.5434438707139536,1,72.82540369757285
8934,39.93459434553374,15,55,.2500819123597265,.3100117308359569,0,74.92582417582322
8935,47.05758460798346,11,63,.6724190972303542,.8263802393085143,0,79.79765869497373
8936,49.14728053959175,13,39,.4665143701874646,.2336377989487411,0,77.20934953424474
8937,48.25844427370859,12,119,.4952741422730069,.506809956173861,0,74.45898648073259
8938,41.20882254684424,14,387,.6931874383990724,.5819569288304897,1,73.97339013854148
8939,30.45830614767883,15,136,.2371906267154811,.02,0,74.10316324412616
8940,42.07645166476341,16,160,.6759524382883328,.8400609547488005,0,76.98877597056993
8941,40.79308591883895,18,139,.3888773034443614,.1173034046242334,0,77.93302200765983
8942,35.73074962606076,14,40,.2611613756853325,.3974420017686999,0,76.97667808735071
8943,45.02288288452547,9,225,.2506343434104167,.1552844993062821,1,72.7253266217943
8944,53.63512349634613,12,244,.5522822218096958,.6503909010852384,0,70.79259709654791
8945,40.78197225091665,17,91,.5629892938333461,.5885075221953704,0,79.61452431738442
8946,52.76984974937532,13,72,.2860299921885225,.1296831024711598,0,74.75918421069402
8947,40.92035546959406,17,81,.3384364008175557,.3979023007590368,0,77.84139325580307
8948,36.51451816803308,12,108,.3661405051350503,.3112880644391697,0,79.82335822616123
8949,31.91703508664533,11,217,.3763156393596808,.267331424465416,0,80.13112429305177
8950,40.02255412046039,13,85,.3228741217768641,.5583863866832641,1,71.44134850230564
8951,37.46378872234196,10,123,.4734992554950542,.5407809279518214,0,75.75280520489608
8952,47.52238829616442,13,89,.5357330855433635,.6321150927251801,0,75.21032000035952
8953,38.84632342035011,9,86,.6114272554755636,.5133196871506363,0,72.23690841619826
8954,38.96034029008246,12,36,.5350719330322603,.611885938170998,1,70.69905404272254
8955,48.85182839925264,9,146,.337277947950032,.3196945009191812,0,76.03599104920434
8956,44.35833881686525,11,116,.4278170306827915,.4033276108020296,1,71.83708764783378
8957,44.2958805742256,13,138,.3117063948088161,.198509316969634,0,72.6836889091381
8958,36.92488602187566,8,289,.483732653910097,.50646845545357,1,64.76675802191325
8959,39.42166849127172,13,78,.4322560414178314,.4162731047828673,0,79.25836099914532
8960,46.20618334327069,12,305,.4559835748575134,.4636824105773133,0,73.5184547260225
8961,46.49089919283389,12,138,.6064921852259559,.4654750868128,0,70.7674177231242
8962,40.40968511229811,10,35,.4137429779325076,.5556753024254444,1,69.16220584525232
8963,43.37675816322439,16,179,.4208357162034063,.0368352994676265,0,75.83159564336255
8964,41.39665882645752,12,71,.4263059323049659,.17315726688855,0,66.49626554697079
8965,46.73000306849779,12,113,.3986809648995156,.5798150567807534,0,84.33234514421264
8966,38.33874763267887,15,51,.4012153521596008,.2258139650939627,0,73.67054849114308
8967,50.40194109840873,7,69,.3863030353077399,.4069375399044273,1,73.23593396217694
8968,31.97516572502625,12,204,.608341494640817,.4320363495324171,0,75.71724206900085
8969,37.51883546233745,13,439,.4491485444492679,.496743221759619,0,79.1029874045671
8970,39.29478129547161,13,121,.6069028654491422,.6139967999886669,1,73.58887021046829
8971,32.39309165842403,7,104,.4658392668105158,.7410433986490139,1,64.76468354572249
8972,45.78529473922696,13,17,.4228519146327858,.4982000789449322,0,74.00938109890797
8973,42.19645626249083,10,139,.2989180867521721,.426338413617087,1,71.37774030287117
8974,45.88991324573043,13,56,.3216576169327962,.1986426448615026,0,75.78887817224415
8975,44.72662904325994,15,171,.2832561836218719,.4058876693418865,1,75.24264799165942
8976,35.41409275866542,10,70,.5000228416927761,.3221740341191656,1,75.61020602565746
8977,29.97772308260364,7,73,.4961859565860936,.4825155858035501,1,69.36553720012881
8978,36.17964563670533,15,55,.4486071846876628,.3780432384893891,0,75.04461037389432
8979,39.75230554014004,16,92,.6096030459231441,.98,1,68.2561249542463
8980,45.20662764772148,12,49,.4742004762337934,.2658108226532722,0,73.65917042494853
8981,43.30305780500417,13,130,.2327586685275048,.0565462814375801,0,71.29119975043619
8982,39.79937362116322,8,262,.6386708203756244,.7769114865430646,0,69.93418740091764
8983,45.93017301376874,11,69,.4491104402586715,.5276782715014834,0,76.37858942563163
8984,33.97608997543234,12,52,.2822054336348071,.3984966466635065,1,73.90830866438597
8985,35.44110996985546,13,206,.495903403372881,.4833765480277665,0,83.69094456003512
8986,23.83556568879962,11,100,.4208298618336299,.5993930078007808,0,70.87867879527006
8987,45.99741025650813,14,187,.4319467962764958,.2986781211268092,0,72.19167988307541
8988,37.78200294206889,13,144,.4728359428182886,.3927751163639425,1,66.59111130684143
8989,42.88184439598988,12,106,.4558657783690567,.6074403779536242,1,69.88113494640652
8990,37.33442792451137,13,50,.5255834871182988,.8079085128127181,1,73.16768650352903
8991,44.4229206425096,11,143,.570793867592319,.561132467254882,0,78.71820701969592
8992,37.86420329537256,17,25,.2767202555841782,.3674151272038431,0,77.94353869601909
8993,48.27257457191746,11,38,.3686851944075751,.5124878345650768,1,73.54563483337235
8994,36.55675640974553,14,130,.3061832927662822,.4986890830931408,1,72.94075035115598
8995,38.76584745035635,10,134,.1628693897270632,.2770543336156305,0,70.23962511068241
8996,41.43032777083075,10,52,.4652073018638005,.6179799909953307,1,71.56124392595711
8997,30.42582921347821,11,93,.2450043814864279,.285134498542885,0,77.74894624087727
8998,33.00290526569011,12,46,.3976048786678428,.6472535345817011,1,68.11034228799338
8999,37.72927115106884,14,92,.5504317335898385,.2965555966843824,0,71.52625388472039
9000,39.06602508892647,9,18,.444250925872509,.5248336418830217,0,72.54848818460702
9001,49.51954211504716,9,44,.289566670699512,.0695671618182124,0,76.12044342996968
9002,31.0668737832213,12,71,.2662039541450489,.4355271699922529,0,75.85467062506972
9003,48.26340664882554,12,185,.5479058657957472,.7130277514788026,1,67.05620584202376
9004,45.53933886039608,12,68,.3457510618033289,.3100343194678007,1,67.79310107641233
9005,42.27179404715314,14,82,.5577882678058138,.6257910037654764,0,77.05362016876239
9006,42.30489988589578,15,163,.3631157135435196,.3557564592981439,0,79.3788018251402
9007,30.55628829599305,13,86,.5428545557071423,.6081317650804465,1,71.90866631749486
9008,39.86273854574308,12,58,.3581467356532952,.2846821570106368,0,78.94898170292129
9009,38.80189366223215,13,64,.4853346867694142,.7667458649239063,1,73.96701417119314
9010,38.94888114162162,14,126,.6537796678617626,.6540212078659556,0,81.02864997354584
9011,43.41460923332806,14,82,.3360975089633446,.3660076180889452,0,75.76986867460205
9012,36.1827670047152,16,182,.3824188678565941,.6640003548452937,0,77.47761260471664
9013,41.56248118541851,15,46,.4417917368038396,.367966841456304,1,71.55197084520547
9014,38.38253549374363,13,44,.6144665304094465,.3463256197021722,0,75.71217233515168
9015,41.38204908882,14,284,.3797473709888775,.2147282639738684,0,76.90278414117758
9016,41.81685521932295,12,72,.3781348618333421,.3162360686089968,0,78.55652082045171
9017,57.15026170409923,16,101,.6779177666998055,.8878139223161692,0,79.9685437370573
9018,49.3687335654855,8,111,.3609344679683342,.1280455042220081,0,73.95966978420766
9019,40.24352550936736,14,77,.3787397469144902,.3261610907384628,0,72.54594680523415
9020,45.52126655321485,11,176,.3390161643460909,.3392788101811844,1,75.58352309361811
9021,32.90667625331669,7,90,.2064422670881332,.2001348080600574,1,67.51681071939633
9022,30.11324063553849,15,50,.4807149458046189,.3549395481563289,0,71.48432074537079
9023,34.74648939419254,10,271,.2904486388618688,.2048054846551455,0,73.03772642318721
9024,42.09459597160113,12,77,.5261532879140025,.6576784999212079,0,75.62006354108198
9025,41.52442234451852,9,24,.3333564999198174,.4723197756527213,0,73.51026153374049
9026,35.16839931667928,14,47,.5016932146708941,.2886170046851135,1,74.51584307467546
9027,34.79450902549686,15,56,.2497814413450974,.321607112823783,1,69.75100297639352
9028,39.44036816256092,12,38,.3800029376724443,.5231232265781898,1,68.43911249640634
9029,32.79288014981,13,42,.4367431302878534,.253893318565813,0,76.76928138659548
9030,33.20908973956051,13,94,.3734752039768571,.4082212794363425,1,69.13368194469125
9031,35.65203281275764,8,170,.4128897694417504,.4284723619015109,1,70.48202197531783
9032,38.6122054538717,14,75,.1878043563858625,.02,0,71.9991967400521
9033,38.03747567579229,13,83,.4774387761534125,.566286582910413,1,71.32878656397529
9034,38.04726209751102,14,33,.5014506540000074,.712875489273781,0,76.72853250503788
9035,34.01903418941062,17,47,.3113360795308848,.0706096919962181,0,71.0272083543003
9036,38.98375044304751,12,103,.4123847430293358,.4303755923323155,0,71.61521103046152
9037,45.74476777061854,12,49,.2984143375220873,.3473727987057698,0,78.73787853939284
9038,47.79781289535411,11,69,.6319866333115169,.5686127856533389,1,68.55402627512386
9039,41.97722035366644,12,183,.4150253533568904,.4081235241370357,1,73.52571662296722
9040,33.30041143690363,13,96,.5116268243796758,.2903216041549427,0,73.50471649714255
9041,40.50420834725211,15,124,.3289822869257852,.4513373919002689,0,74.93134336061195
9042,45.90214727947426,10,86,.4710727228018475,.4296200867141411,1,74.05805302234175
9043,37.06875391811272,10,100,.2590700003958171,.3017549260776075,0,74.41284714240444
9044,32.0282855285882,8,52,.2927535311815298,.1068548741581177,0,72.74044649809275
9045,43.50831300632271,12,63,.4411207877322693,.4467277143733782,0,71.73778740563493
9046,34.496589363148,13,112,.5369495557115124,.7502364036101126,1,75.29627889120576
9047,43.79906906213746,14,237,.4439487972477921,.594271343855977,0,73.88284656819502
9048,47.12868968545319,11,168,.310321034048344,.2047090380279636,0,74.42316266266549
9049,42.9372661899882,17,71,.1346843256546724,.1530695463174256,0,74.61428296764284
9050,43.01823107673453,16,58,.3634797042012899,.4882995022999495,0,71.99898870728178
9051,44.61683994175208,10,124,.6196126325904692,.5161650768047082,1,70.86023862506788
9052,38.44315414084696,16,82,.405602669254752,.2091424511840409,0,79.64077969729976
9053,35.97519563255999,11,44,.4285368978888047,.3304508393076877,0,76.29114521213305
9054,39.04113858546625,6,57,.4018078399463452,.499210095068424,0,66.39515738681311
9055,34.69555727396762,6,130,.6211436325045769,.4151834917988249,0,75.66976904722172
9056,46.57268045892442,8,39,.3802411156961912,.3851950158517112,1,71.2659119139242
9057,42.9000435507475,9,127,.6365334907089387,.5944059957682591,1,68.16090251956
9058,37.46684401341188,11,45,.605057546498752,.517868301963466,0,79.98764998124851
9059,49.23394840769035,11,53,.5202233176562254,.311906260899127,0,65.10777168087499
9060,40.20481561885072,15,30,.3019052314507386,.3945602209485358,0,78.95700351676952
9061,38.24544020626444,13,35,.552287050191383,.4288148199579482,0,74.86495352162315
9062,44.05727128849458,14,441,.6318115446319145,.6204020738117562,1,74.9789456797223
9063,42.70276408611871,12,41,.4382849593580931,.4965627446373894,1,70.65806701930322
9064,34.51451752112157,8,197,.6189803483935922,.6908982508124238,0,68.93673070573494
9065,44.00245848539023,11,37,.390633343731144,.515352552937713,0,74.67204699019473
9066,39.82952849754099,17,78,.3073134461333268,.2368363914489187,0,74.02538404726812
9067,43.59811020799442,17,99,.3451001947892248,.279169991199639,0,80.36838689158324
9068,30.32456042756206,16,36,.5823404379127625,.4776060388128276,1,71.00376034344549
9069,51.13783691504042,9,118,.8165601444886299,.8038924084042153,0,78.70481999309057
9070,41.0956397052131,10,72,.4922410279054471,.4430089122523492,1,71.78948161532753
9071,45.01865433937785,12,37,.3214967856809973,.2299183626340353,0,71.42945436148992
9072,35.32097430769004,15,128,.5243440410668906,.4431362615296617,1,73.12432148315281
9073,51.18005731154619,10,99,.5115181638699436,.4281020696418338,0,75.19307726584839
9074,30.74489726834104,11,65,.2536324874710458,.339240503924202,0,68.2075320164957
9075,40.41041840448306,11,130,.307382014132593,.23437147006479,0,71.10606113791189
9076,55.35617125764711,9,132,.6035284990689733,.4436129379981897,0,74.80327637001668
9077,40.88619344233558,15,311,.3440753639056097,.4773980455161551,0,72.92570267581826
9078,35.91042729511599,10,50,.3839751659438218,.4097549010694889,1,72.65534885893109
9079,34.18792202977694,12,59,.4209413509909507,.2947708141777677,0,70.73460729801643
9080,39.39090098309425,13,87,.525178276576596,.6100917366738117,0,75.6995103771647
9081,46.08600154060382,10,26,.4023475778526683,.4961469115569511,1,71.11285258858389
9082,49.9575840680827,10,103,.4860735630026256,.7334135926273849,1,77.3863805674804
9083,47.59150043255985,16,17,.3927456028446819,.1497034543600561,0,71.21179470180368
9084,32.35544502542604,14,63,.294055418794792,.02,0,79.67983970151789
9085,42.59911961550075,9,33,.6657264523328268,.5164248803354724,1,68.93817167023609
9086,35.07234264054834,11,330,.5363394077044845,.4393420981395981,0,75.80391363065569
9087,40.34279896182818,7,204,.5044059458518944,.4639943971790748,1,58.84141745889602
9088,40.81780200758422,13,57,.5115190689894163,.4851513971325007,1,70.43756190801882
9089,41.11646034737519,11,56,.4739631299884561,.4288988602693877,1,69.55299141151505
9090,35.56013213927231,13,62,.4987595171204354,.5319819682794876,0,72.78211715287318
9091,36.94654299799929,11,155,.3066453036711974,.3292441123599733,0,75.5014192970136
9092,37.40071699863518,12,36,.3262878933262319,.3814803057972225,0,74.8664887258582
9093,41.08555097029464,14,79,.3683338581576416,.2109302158597836,1,70.99094019362512
9094,33.49785124307213,12,93,.6168313236040754,.2404648122894957,0,72.61669386496087
9095,39.73987535331734,16,125,.196810722403895,.2792169385334203,1,70.48806764713046
9096,30.19308737780062,14,257,.3097595836730851,.2512180938490861,1,73.66328122152588
9097,42.13585858486858,16,42,.6292638307098972,.6568367462231857,0,77.72176529137738
9098,42.42533248516772,13,80,.5248184538289528,.3152035450064523,0,76.09931387945463
9099,27.59750262103822,14,74,.3627985645430962,.3840265449145238,0,75.88586005983829
9100,36.67840414866777,9,41,.3458672809476367,.1324893987180771,0,78.9026273744775
9101,40.53853361729098,13,67,.4390164448295328,.7247270472652758,1,67.27439807850899
9102,41.61170430978092,14,73,.5690325482151278,.6871034801027611,0,86.03335682578411
9103,39.15517108217524,7,156,.7340748844121139,.7078719384521892,1,69.67913424674869
9104,46.31519008173029,10,69,.2958621822805856,.1610642245981216,0,70.12457237659606
9105,38.48816855439755,9,55,.6224389869276328,.7737824178840988,1,71.36244591385164
9106,34.23282113857375,11,134,.6456425711728893,.9542924298807333,1,74.04156130574164
9107,38.81176055774186,10,154,.3574914692275691,.3923846660983476,0,68.69565535958714
9108,44.29884377037628,15,90,.5051283369335907,.5720962787709174,0,74.77900923403811
9109,35.33476264054439,14,95,.528539022229081,.4980851760638332,0,73.11874079840494
9110,32.55056800938929,11,279,.4844534648828347,.839196911629688,0,76.16847788201729
9111,44.16746453345583,12,45,.5139002350464119,.2444684636412278,0,78.39665443347553
9112,38.31592864682183,9,76,.367433144773452,.4069145279880276,1,64.39892732945766
9113,44.12893655209658,14,106,.3286390394980417,.2442301049173311,0,74.01972231670214
9114,50.22767679944472,16,109,.5279448940635479,.7426932249001584,0,71.42360550199216
9115,39.81393603647091,12,71,.3528176526008891,.179105761538099,0,76.33006079045579
9116,49.29590457958462,13,87,.310514844320014,.1714841019262507,1,75.61359181947165
9117,35.8165287521816,11,160,.4281575121055494,.5220296490576942,1,75.25444541456307
9118,42.42142441500342,14,64,.318205980779908,.304560296977109,0,78.05396148365836
9119,41.00454251893093,13,31,.5992838154149388,.6164487103502259,0,74.06414887712072
9120,40.20693820358366,14,42,.3182004752165333,.1647237922832468,0,76.90194451414818
9121,41.92264188770272,8,46,.3986126722441679,.2830512903380946,1,71.98074895333299
9122,42.0763211621171,6,102,.6056615438042212,.5845877364083566,1,65.33149095227876
9123,30.45441808505413,10,154,.3424951600460813,.323937503873574,1,65.62704630810926
9124,36.69350387328621,8,124,.4928141192830265,.4098891019131731,0,80.49642514759316
9125,46.78844916380139,14,166,.4286391045575112,.5549484071143287,1,72.71648280410811
9126,36.56774266995274,16,150,.5287858364461934,.4112500989411357,0,72.40060295077721
9127,38.33798434997107,9,282,.7002844923843872,.6824847147540191,0,73.8771613035513
9128,35.56820662708213,10,96,.5583274416556387,.3253351059224381,1,68.53016962736713
9129,32.53187036986235,14,127,.3582940322770491,.3523445037604445,0,78.31563512759261
9130,35.53492914070927,16,97,.350129171399955,.1642729036311406,0,73.44330179413403
9131,39.8025547708981,9,33,.2885698848784777,.0768012325856021,0,72.72038844820777
9132,42.00818519484851,13,34,.4522319211744312,.6341537838023148,0,70.76341140598616
9133,45.12492789961887,14,50,.4115295780155112,.3393348520930564,0,76.72793882116768
9134,28.03220918216535,16,90,.449120180343423,.5311484808435349,0,72.30266547656562
9135,33.21495809204131,12,206,.3867992754233963,.3199714245882909,1,67.02998729657465
9136,43.62189189243736,7,41,.4008751859511165,.5797914951791012,0,71.94545024362313
9137,35.10944854007428,12,363,.3576927017760091,.2837113559620716,0,73.84059288648798
9138,45.59095208772731,12,145,.3868395161649313,.5840171856584948,0,67.92570833670345
9139,38.82864283270203,14,191,.242801352851401,.3020083921877409,0,76.94278107543093
9140,36.61968566709782,10,71,.5107602487158764,.5217145054526954,1,68.47981023593015
9141,41.04235091514454,14,113,.3511394718734082,.7360190598036684,0,79.66814491605652
9142,43.56973117209008,10,37,.4892604523624072,.4692329441602177,0,78.96226585084213
9143,39.64122746616675,12,74,.3322081209760483,.4008908645857022,1,64.87788445928899
9144,42.39306014767475,13,71,.4436031694758013,.5068662318479751,1,71.12519331322378
9145,41.50000690914963,12,84,.429032065816344,.4062936032348136,0,69.97342621390302
9146,34.55598766303225,14,65,.3927518783775548,.3246164745707129,0,75.71684170692268
9147,37.65919564990163,12,98,.4381239424212572,.5937026571705641,0,74.15489604556039
9148,27.50204280388642,6,209,.4549551719757421,.2897469276303268,0,72.93416947440684
9149,42.06626898693696,10,56,.5140209491482149,.5880562140951329,1,75.34351694264416
9150,36.26255166262592,8,324,.5813298966589918,.7872528758463239,0,76.37574198822715
9151,40.56799858059455,11,235,.5032248040331675,.2923390579110671,0,75.18437739226225
9152,44.56794477443763,14,119,.6961580192539559,.3904169189021812,0,74.82999014501256
9153,23.39774474781138,14,228,.2698709411725564,.3681984256310494,0,71.86537090429829
9154,39.33657163975185,12,68,.5892361719305419,.4727581746154995,1,69.99249737008768
9155,45.51888922683806,9,116,.5261205848537985,.5541946124700307,1,65.97909737256569
9156,35.74670945294505,13,47,.4321408700806529,.4426248695145923,0,73.23319081707935
9157,34.38007219562308,12,75,.5084620958799499,.5124939439919788,1,65.52727879745838
9158,46.54079596799391,16,69,.2674051591099111,.2804234230522553,0,73.27979961748609
9159,46.22107436912769,7,213,.6385914953689128,.5983869204934426,1,71.48694726958854
9160,47.53081593461025,8,41,.5632351142000573,.5870417678866497,1,70.50253036270475
9161,39.62902061309811,12,30,.5198137641774575,.3927879463916851,0,75.41978044467685
9162,34.4882507173259,13,69,.2411202631217406,.3639665165504037,0,76.23956802665634
9163,29.60431345517553,10,21,.8217794779442482,.6415905937889678,1,67.64316282033479
9164,42.98029412929481,12,177,.576806166556969,.4252960640981543,1,69.53061864931264
9165,43.13101800035628,16,59,.272037750775483,.4127174698234619,1,70.3338744726701
9166,48.33835875614986,11,271,.4130227203269463,.5198807159483556,1,70.74709065624262
9167,35.28560541233099,13,167,.5737282127895229,.4893736690411256,0,78.83044725361741
9168,43.296966280707,15,27,.1934489486810309,.4273395907443354,0,71.13507180679042
9169,42.89343505817525,13,97,.2594830840194358,.5405942217739411,0,75.34394627476858
9170,43.34593128800181,12,76,.3077071378755238,.521594790798229,1,74.77779823624357
9171,40.55326100621126,9,212,.542043413556079,.6494430751023561,1,73.74018028202245
9172,42.04138132909373,15,32,.5589856352750404,.7251484301054185,1,70.6872017961724
9173,45.31113649245807,14,83,.6353176404551206,.5344694752488094,1,62.42383119207172
9174,48.79548720197127,9,54,.438011503614005,.6352857870023754,0,70.90877727571919
9175,36.00826751781882,13,91,.2766956166436055,.384227868993589,0,78.55237104717641
9176,39.22296562867626,12,32,.4424201852785929,.5037436086267363,1,65.14748957682868
9177,33.33594768204445,13,83,.5534110955823531,.4789646831929791,1,76.53028602686086
9178,37.58622870710484,14,400,.3956485177878873,.1955576594676032,0,72.38177313081314
9179,35.43027461210249,13,94,.4544054090818705,.6584418200617546,1,69.44854734124134
9180,48.15083888357326,9,44,.3168646822535612,.02,0,77.39309301871042
9181,34.52965485399995,14,68,.319936987215893,.3704096767576166,0,80.94823342335621
9182,30.95825599579078,15,72,.5040013468515567,.2329126111532127,0,75.7360256175069
9183,42.59970027245456,15,20,.4413782923663596,.3885535438977019,0,75.99061568649493
9184,44.88793783316686,8,43,.4813579680963921,.4545968027334611,1,70.71353091353468
9185,25.49225721979336,7,189,.4904665685199177,.7553107213599273,1,71.46792702289596
9186,39.01125660072211,9,130,.4571683810665814,.3870029826763166,1,70.80354334644514
9187,40.61415844823829,6,279,.6714291125368125,.5300179936865952,0,76.715198250942
9188,39.33878836446427,10,74,.3445259316807583,.4012978123240473,0,72.60683985454487
9189,36.88212499438158,12,111,.2663096642589565,.3489574084352182,0,75.14554625089851
9190,40.00860778782526,15,78,.5519859300108809,.5610119081516535,1,65.40637215561415
9191,45.28307750839708,14,223,.4652351338486653,.3607762436819665,1,77.17842148941942
9192,49.56352088189966,14,93,.466060045152122,.469396772545505,0,79.1751617390014
9193,37.59941655726105,16,73,.3891271695229068,.4195831696437232,1,78.20635733683316
9194,51.14366114626999,14,45,.522752279059406,.4875071030867854,0,79.81569262065692
9195,47.24649415030485,11,35,.3702176806416914,.4067323876477133,1,68.66553801662678
9196,42.57350940625485,11,190,.1724726817558013,.3179422186917416,0,76.35755317706344
9197,28.18173846531164,11,101,.3579506664014905,.3662371426470258,0,78.18334838145954
9198,36.02133336919476,11,22,.4539207090010274,.499289918270255,1,64.37760303408231
9199,44.46084962546734,10,91,.5313577483145195,.551436138939,1,74.01837069213431
9200,38.76385462233476,17,70,.5133518782900476,.2477090819095282,0,77.17001184494626
9201,30.82937379087269,12,157,.6249242192522357,.744498070744262,1,70.47369045124796
9202,44.8626505158476,11,134,.4792035469865327,.2872142265325642,0,68.49471376398949
9203,32.63847221772966,14,105,.3446096194526453,.3589726140050823,1,75.70883705775535
9204,42.67779891327501,10,90,.4346957141416453,.6027695283192727,1,67.41147603850389
9205,33.87796289681167,14,39,.7175727824931506,.7869052845682354,1,72.25032367958211
9206,49.25562131105269,15,78,.6288354439036259,.4120892508568234,0,74.40192851424342
9207,39.19831259443838,8,156,.4077535686588075,.4040472418191696,0,79.28534969474192
9208,37.7300658828681,15,23,.4656176056820162,.2242303944562188,0,74.75679335998915
9209,43.22033462227081,12,100,.4162341975250088,.5762756697440131,0,72.59435365523116
9210,45.67717599596463,13,127,.351822729640804,.4707487594149611,0,75.47050462048061
9211,38.45504022140798,9,123,.486702190903452,.33223698208556,0,70.33363503669
9212,46.50670853773785,17,86,.2986135961650177,.1868196919322699,0,73.46034494483668
9213,35.16038824588482,11,87,.4359167974485645,.4310883899895765,1,67.98991133068016
9214,33.2919262512417,13,59,.5525035895819481,.4335559452032289,1,69.89625825873621
9215,46.03872285068591,10,84,.5477897575173605,.7518163235374374,1,64.78334637408111
9216,46.1665373081921,14,93,.3797986921793795,.3230759319992366,1,72.44206894159221
9217,40.42142059852552,12,116,.4556594515624716,.3185138852518042,1,65.44169662439931
9218,48.61084263735457,11,184,.395872044111217,.3078076160837557,0,79.2870228206183
9219,40.85896077917038,12,56,.4193842766448578,.4859633423504854,1,74.93363317728881
9220,41.98541740014246,8,53,.5740261018855204,.4427666301062883,1,68.55115585812396
9221,28.90646252881488,7,134,.3458111915202362,.4600557155823033,1,65.7489541435673
9222,36.73661099772107,12,40,.2953056008397831,.0410761002493392,1,70.41008570575691
9223,38.26637957821441,13,57,.5213084010491228,.3837186698453237,0,76.0981630632852
9224,40.65693221243938,13,371,.5658730430552512,.5758915133452757,1,74.35635360737371
9225,46.58700768394919,11,62,.5369989817828714,.4911611913862853,1,78.78285096517077
9226,39.52007975850692,10,89,.628705627968176,.41501541496367,0,71.93621591706925
9227,35.26480828460515,14,102,.4627791298505956,.6098932751352456,1,62.50206601244057
9228,36.51525824714104,15,141,.6150770058681072,.5607127436717745,1,71.21001676718107
9229,41.91386601295214,14,61,.4061561161831533,.634603547911669,0,76.76799802117145
9230,33.99239391594016,9,104,.5737701910035828,.5197321799039848,1,72.8731123871156
9231,43.15490876190573,14,19,.3209118239370554,.5485327143562437,1,68.10720716835888
9232,44.11899553167872,12,23,.4424832311461344,.4451920620200316,1,70.52692067704902
9233,45.78192145420935,13,97,.4745280767797982,.6202755452318507,0,76.11433669870183
9234,43.92814870611526,14,205,.5451715846691089,.5807563284504655,1,76.36109980287318
9235,31.07216049093632,12,184,.3437730163068758,.3162121176788468,1,70.17210670696274
9236,39.27048309941712,13,40,.5053298754992476,.7627194144960462,0,72.35464189685855
9237,29.75776897953769,10,23,.4172443402875047,.3138873211240683,0,71.78012257551163
9238,25.37997873965394,15,181,.6869491902493157,.5478605881795647,1,72.12822287408795
9239,35.37289430722642,8,51,.4188518859203219,.5194541815550539,1,66.09577740242827
9240,40.39070270826194,14,83,.5999888422136692,.5469675031174528,0,68.55409366900449
9241,37.64107609706593,15,143,.4582695080310605,.6964097589545295,0,79.35873575597179
9242,49.08152183363153,14,140,.536948733557555,.3505564578455334,1,68.46673447482672
9243,39.80727325149945,11,33,.4127053182008735,.4998945065194644,1,74.67966925908426
9244,43.27241237607359,11,179,.3808277232710084,.4121837603950793,0,76.72178647204241
9245,40.26603501377513,16,87,.4766133636585931,.6439079788910491,0,75.06005343508835
9246,42.62315865485573,15,34,.4764429672407844,.6514793193374699,0,73.38131786488216
9247,32.82062595437193,14,130,.7218786519035081,.6960965604737519,1,70.12979142274027
9248,28.60149979703922,11,83,.3788036873484483,.489224628053421,1,74.09166558162454
9249,39.95124466759066,14,81,.3492443061413609,.2664046592594657,1,73.09677162037298
9250,27.01075553496467,13,70,.3061250312015967,.4171911241189032,1,72.78266942307009
9251,30.00292676835863,15,101,.5536310445533944,.4482568388756812,1,68.60717010731798
9252,36.45253151335365,8,52,.4439467922245098,.5273153775083198,0,75.69904979790009
9253,37.2616250286325,10,289,.676912410250219,.7672072446866958,0,77.96083570954984
9254,40.83489888163528,14,38,.2470081646647506,.0620572298452894,0,69.02860044684256
9255,48.81980418196075,9,106,.5278976869106534,.2818580697650451,0,79.93077083206701
9256,35.79649184205454,13,50,.6148039361776638,.7894954211568298,1,69.33703706058849
9257,33.91948703848607,11,129,.2175372909171323,.3641088466912821,0,77.12934162869821
9258,38.39169665880084,8,59,.3019169187164941,.263296620776667,1,73.47080692436475
9259,50.25852449505504,14,41,.5702267242643557,.5008178464888848,1,67.54417719161133
9260,46.88504080770748,13,47,.5683276614978702,.4967794704194666,1,71.73648599390816
9261,36.53279230243884,12,191,.36697766217334,.3077674718963018,0,69.8940835530686
9262,38.52098307764021,16,49,.4614264329218081,.3222745188823035,0,79.80062375697717
9263,40.25208454214398,14,206,.2051479062625906,.2272497896338698,0,73.65549381198616
9264,39.06923676853422,15,157,.4383621560077657,.3077180484958573,0,79.11828694293791
9265,48.22994389097552,8,152,.4564509243676762,.3970807704948064,0,75.84048596746651
9266,47.5826183041944,10,57,.5505716458531116,.2917448102049895,1,69.89359023772595
9267,44.2074910875964,14,61,.608852683183129,.6706102348331417,1,71.47224569072057
9268,42.78780962229484,14,121,.5032558396650754,.6597943782907929,1,74.11636342277569
9269,38.46210225238478,13,60,.4337030754721736,.5432436497962027,0,78.2245636896574
9270,49.7128027604716,11,206,.3877805662640367,.5573810642917754,1,70.08583958134867
9271,41.8790774151236,6,243,.4198477691936286,.387644778039604,0,74.52939777086019
9272,49.95671692202765,12,100,.6328411068709924,.638821107029239,1,73.04263649484326
9273,38.52733256601698,9,175,.4542899565251875,.4543151798017143,1,63.04962774469219
9274,28.92249877925762,12,46,.4802941452994814,.5180304871727792,0,82.81664922910271
9275,50.3938922057941,12,104,.3783273925969584,.5417849206664136,1,73.20410602820608
9276,47.67155106138296,17,104,.4046137274649221,.6024383386293304,0,76.81444892256209
9277,36.70732888763875,10,304,.5301754364942637,.4403739008611082,0,78.48989772427926
9278,34.45114996975853,13,255,.6109662587617858,.6212571772374808,0,79.34057881162974
9279,44.80172476967592,12,70,.5595868350727169,.6418433323836522,1,70.94103139870803
9280,38.18015703075272,9,93,.5279378309335226,.5045667436338037,0,74.01547431494868
9281,34.84575334277154,12,76,.4912795182328931,.3684360594165005,1,72.63823825569881
9282,38.87514519675851,16,283,.4088701660539129,.4299969149573326,0,70.59962231835738
9283,33.6785444404498,12,185,.4096573063872175,.3658840621387954,1,70.86532636355544
9284,30.68668023661754,8,42,.3241931603577143,.2251028595227064,0,69.31251072927245
9285,40.18518775281064,13,120,.5721012579648331,.85778128621198,1,67.39877660777493
9286,43.71190428757627,14,64,.5089410633939574,.5433792173517558,1,70.6763037232146
9287,43.85709940464939,11,223,.518445738085633,.6750485866255522,0,69.51320573726329
9288,36.02800908754188,9,273,.4634560791804924,.5264213648181785,1,73.43295512377307
9289,32.13444872224205,10,76,.5533270426566825,.4544449974618895,1,61.83014637850008
9290,38.79815153032434,9,96,.4771714798633943,.446730734684001,0,71.14340512234308
9291,26.76118812608136,10,63,.2958930154212666,.5086616742889728,0,73.420128827054
9292,37.8467667766448,9,49,.3749943875599286,.1855089560306525,0,77.18242794010983
9293,41.58792179025537,10,53,.5004253368516721,.3913601593316264,0,73.89672155501661
9294,42.7741961880669,18,129,.357419836266004,.0790346724924582,0,77.21418305437494
9295,29.21082078448815,12,100,.5304017849647447,.5433923114502009,1,68.28545365957611
9296,40.95713026964241,12,155,.6341641157555069,.5327114407186059,0,70.70596837436837
9297,36.71701273438926,8,106,.5741512499587544,.4582675558163193,1,70.11298118981215
9298,44.60551969013542,9,236,.4217734365485897,.2920770961864043,1,74.05108735292998
9299,50.11364298866062,11,53,.423736710434113,.3928916074818856,0,77.33877793641901
9300,36.79736853555985,13,162,.651188318251675,.5615589043688276,1,70.82618246614528
9301,32.09172374253091,14,87,.5097505116143668,.6163253867821767,1,70.16807580689293
9302,39.2714643441704,9,103,.4463487517413637,.1759345952319538,1,63.97954689802751
9303,29.4396411075163,11,91,.4891985516322148,.5159187964458881,1,70.95506083498343
9304,30.90378443663773,13,33,.4284528473865598,.3828106738134267,0,77.77180168275157
9305,37.68911163324042,11,53,.2813372518009021,.0435418611932838,0,69.15169667166802
9306,26.62558705533904,14,22,.3395718522345569,.1310995791256411,0,72.79223338702371
9307,38.88626483170999,14,49,.4505906248512052,.3864887263273781,1,72.39831172029474
9308,37.81171301294604,13,300,.4643553901612991,.3339040512758115,0,77.12832064454649
9309,40.61230778010106,10,163,.4204576968935202,.3176996675817589,0,79.43855004556504
9310,56.67598675831961,11,51,.5846375952036171,.6728918376334654,1,72.15231536155554
9311,48.63766542884606,14,65,.3935549263827794,.5973822952469138,1,67.38944663010037
9312,33.72524885936792,13,154,.2988493565612829,.4682623936238147,0,71.91114517201861
9313,35.54976861945904,16,207,.3912177834111927,.3290407146824519,0,78.29688597258946
9314,45.00097150788547,12,194,.256503593896576,.4056199230135126,0,71.29257547561113
9315,35.40839044846503,9,67,.3326118645733637,.4709939026872371,0,71.94168805435845
9316,40.24221659217596,13,74,.4079822043505141,.3692240417716153,0,78.76401038979924
9317,26.01612412887972,10,42,.5759540820696578,.4786014315708293,0,70.28773540722489
9318,31.54719853246439,13,67,.5047654970606716,.4283521975933882,1,69.35068413892779
9319,41.13445056726653,13,50,.4231568224572604,.4753575710998526,0,77.4624443249906
9320,44.63289843305844,12,127,.2399945055989617,.1247011935512447,0,76.58869264538656
9321,32.15966106356744,18,22,.3972551223904603,.2816647249207661,0,77.27643267945226
9322,47.0703305533558,10,121,.3743477274914234,.38047936363274,0,74.83756469568792
9323,32.84177906084923,13,114,.4987839039966928,.2915475406831288,0,72.36299115894452
9324,35.61992459894636,14,128,.4005518632948676,.2853902880792947,0,73.43276667194357
9325,38.91114146955925,10,80,.3317899888659562,.6512889908992081,0,71.00049817867756
9326,31.85420292069696,11,91,.2393929755794665,.2501628094552105,0,66.89619366247516
9327,40.59172726998003,15,425,.3126312351249144,.2421929864174829,0,79.81720032407918
9328,41.86346404100006,13,218,.3944919036637979,.2643279942185963,1,66.82466644764683
9329,38.60629469097992,12,28,.473107364432647,.4788873670291975,1,69.91062049406862
9330,44.93213525181811,14,82,.4189818132358132,.3255527987563934,0,71.81072276205155
9331,38.51470542673457,11,291,.6890559175444739,.5283596533973977,1,69.89046025490551
9332,37.75664633237423,13,54,.5425704988897483,.6877589106963709,1,74.54977059179322
9333,48.13176824818665,10,50,.3879046284553322,.3480759898982945,1,72.10339357265296
9334,46.16315127009498,14,79,.3822848266273624,.5354738750461534,0,76.11271055389899
9335,54.95259133145437,13,123,.5444306544349973,.3055398173393499,0,76.03457892955221
9336,48.00613920917488,11,46,.302168087669209,.259772408823484,0,73.00127524030864
9337,37.85310785602015,9,197,.4983232313657942,.5942305041001902,0,81.85881994406604
9338,44.55884796154845,11,128,.5304559712083595,.5316481137508888,1,73.50029015492682
9339,41.14616180020148,19,241,.5810767849407745,.5526040450114567,0,78.38700744878881
9340,44.28754212710083,16,68,.4609545867192885,.3627188645205314,0,77.00855740503994
9341,36.27756351559366,15,121,.3968041318837404,.4267180840731573,1,67.88784356110594
9342,39.3007347328338,12,71,.5157335814440083,.553079686750289,0,80.68887684937884
9343,36.88050371124876,12,110,.6247240791554703,.4081872383682655,1,74.77329097399365
9344,35.1513093182695,9,156,.6316300214187567,.4821763915573323,0,76.46972749135708
9345,49.64325145932255,11,68,.4164733676446153,.2795765672788388,1,70.6340680688597
9346,40.3260291212361,15,66,.4837549495550909,.6738870373367128,0,71.35563893628101
9347,42.80364661997258,16,152,.6831180468031527,.7909907118018493,0,71.51042675038053
9348,34.90848997591004,13,65,.6313862955840108,.6424803892744737,1,72.38704895102097
9349,44.7901936549593,6,112,.2802101292169477,.2707289316893217,0,78.53143443338381
9350,50.81275442411058,17,27,.460169443991257,.4389132671708955,0,69.79589730528244
9351,52.67915523712131,10,121,.4086690989472458,.5428875532991656,0,75.47023090510982
9352,52.10030111160876,16,46,.5286564656854769,.4138645734993679,1,70.22086523832127
9353,34.70121743179404,13,32,.4111410161563241,.7481427588652845,0,78.58710065104741
9354,42.89326666249069,15,69,.4234102553183787,.7600417460252155,0,78.93836239929598
9355,29.82011139428451,11,177,.7324903418973645,.7530280132179544,0,73.95994945684714
9356,42.41035937713905,12,98,.2745800416165142,.2914465786617467,0,73.79871730656838
9357,44.2205761911417,15,31,.520742653414908,.4058827703408287,1,70.67302122244759
9358,41.19235041729082,11,100,.2606286041062804,.02,0,72.92473343919566
9359,32.22387059607729,13,119,.3685860930417046,.184190020831958,0,77.50099660103521
9360,37.824497964498,12,51,.3130816064365461,.0882683252567554,0,74.62193530888435
9361,43.79700728870003,15,113,.5819349053846135,.7987035972656769,1,79.57158309359615
9362,45.80420863848741,15,11,.4162718458963389,.2083012443475983,0,73.36665553721865
9363,32.59745122384258,9,64,.3944799359983746,.3462387504569809,0,74.97491119455937
9364,32.4166377480581,9,93,.4405713675671638,.6494163713533054,0,73.36582623653679
9365,36.35289800098814,11,45,.493664768639473,.6032248606547679,1,71.15700058723579
9366,41.03832618238828,18,35,.4287448599314421,.2193496535057726,0,74.31743147469243
9367,37.54398563753912,12,111,.3694769701995528,.1348365961178199,0,68.50310465112598
9368,48.68002308072732,10,79,.4538203983450278,.3732213297232621,0,74.03181554930096
9369,43.88250548402935,13,131,.4158607351310711,.3646586987984637,1,73.1844440219287
9370,34.67985057379584,9,69,.4312154729364091,.4651457544010555,0,69.21820636366805
9371,36.3629210997229,19,153,.5240353387870511,.5680239648725147,1,74.56597146135928
9372,22.66805132008855,12,213,.5262667580085877,.6357569152759723,0,73.41846606764057
9373,32.66784201461554,14,57,.3905312365009187,.5093828352382618,1,76.47951095073211
9374,47.94664861983794,12,17,.5523208756646403,.6588384973404371,1,66.67524313720166
9375,39.88480662126836,13,68,.2070634082632766,.02,0,76.62438409152178
9376,35.93863057324415,9,261,.4598839675719963,.7674818391777558,0,74.58503527762889
9377,28.4539176515007,14,55,.4590880696115394,.4369087382289574,0,73.0429092549311
9378,32.32824763873537,13,63,.4355881867005617,.4410302282398024,1,73.05559945271793
9379,31.33282549029452,12,91,.2416796856327716,.4067465875252231,1,69.05323907689137
9380,32.6491962407919,12,103,.4265471704984429,.3680399823136223,0,76.59222679132468
9381,33.16379472864091,17,71,.4813504859648231,.5397554115609349,0,84.00448510222594
9382,37.8830527518817,9,103,.5570503631493608,.6176533230089329,0,77.32287448569643
9383,46.31989902647199,16,101,.348826713283502,.2624953656777855,1,65.77084788340011
9384,40.11614922392619,14,76,.5414741096811315,.831383379695641,0,76.42016980849493
9385,39.56851878394291,6,232,.5538720615222822,.4942388779735885,1,64.19711322008138
9386,46.94496791760578,13,90,.6666430173946263,.4884015152789207,1,71.74867199635165
9387,37.02890811538935,10,33,.4237164911562065,.5271938615901048,0,73.66268915170548
9388,39.53297841329744,14,94,.412124381020174,.2066253039294534,0,73.36814214425621
9389,46.82910192898469,9,198,.3467343142945922,.2807409783411382,0,75.04366312317021
9390,51.78826799865419,12,78,.3823876881014175,.328574072661516,0,71.13826082789913
9391,33.92885784005996,12,129,.6119002458826583,.469741449450393,1,70.42079026606213
9392,32.38982252627897,9,129,.4567029543735949,.6414285517140678,1,68.03411651455153
9393,33.95169847678452,16,58,.2864137163715225,.3773866555491031,1,69.63924839782655
9394,47.14126886060555,16,90,.4541902828269331,.4674179351697603,1,73.29639737628334
9395,45.34141688434218,14,169,.4165537166150395,.537487159688707,0,73.68202667956696
9396,36.4423164637196,11,19,.4033909953387426,.4978433381419234,0,71.63782171224686
9397,36.35308030558311,12,176,.646076305854028,.5767491468676289,1,73.21712426285659
9398,37.56085944510234,10,39,.2218689879660837,.335817845686281,0,72.54634350304585
9399,39.57619492716162,11,15,.6563418892338526,.5591246096792295,0,71.5425727031848
9400,42.92587186318632,13,56,.6082493586764002,.6114501736389742,1,68.05938914701758
9401,40.38575261725669,10,186,.6314056353503178,.5098512364877292,0,77.34892828524571
9402,48.71573755110266,15,258,.5847404326278738,.4689822969678338,0,79.62803190040619
9403,44.26520685535941,13,70,.5971766165347693,.7224755552970135,0,81.54205643866015
9404,32.61859417082174,15,53,.4451006953840199,.1467236318181567,0,70.99598259232965
9405,38.93798452314894,16,71,.4785746195181316,.3407712256393627,0,76.82958496677595
9406,38.84739596374581,13,250,.348696933304683,.5737103945160247,0,77.0400506059253
9407,32.58504341916426,10,139,.5110795091604661,.4124108829634863,0,70.94399804827108
9408,40.59389302496581,16,85,.5045317825023693,.3197299508897108,0,78.79550457240146
9409,44.76027138751085,13,142,.3483729262570912,.3536822907763964,0,75.16379546261899
9410,40.25463652253812,7,39,.5762277174289998,.4829380440421461,1,69.09561164673117
9411,31.3440953482211,9,67,.2249723591993472,.02,0,73.56660492124702
9412,26.16201761332105,9,79,.5250993082985494,.3413148283820227,1,65.87661478902348
9413,46.34931425206013,13,135,.398030472556926,.1436811633380448,0,75.72622527085301
9414,42.73247302301989,13,55,.2398805228742454,.3062852047529666,0,70.20125076290726
9415,48.05955541038421,12,29,.5946457034948494,.6847968797009268,1,71.68148533132262
9416,43.64469685455758,13,45,.480395282027172,.4510442775294163,1,71.24955323443321
9417,46.22227128369462,12,82,.2474638781593928,.1789879366633677,0,72.53202117671078
9418,37.31632190004785,10,26,.4985598547913695,.2658161140645754,0,75.62082769365469
9419,37.09778832146411,12,27,.2837405011934231,.2694019657664636,0,74.22751778501961
9420,30.18604727564172,11,119,.4302975819664965,.445147728292452,1,65.20098825390943
9421,39.70414561306783,15,22,.456432029253339,.3864821859837599,0,71.82793518314023
9422,46.60357071252809,13,286,.3615599816297318,.4872219285064543,0,77.75640554861241
9423,29.97248271396214,16,124,.4169408854768127,.440062160053274,0,80.19102805613683
9424,39.31326769077507,9,182,.3109338482698601,.3914686427852547,1,69.29672475091419
9425,41.01565602427129,13,43,.5261506723108104,.4573748552375108,0,71.67924470526633
9426,39.24690098445393,11,39,.588853718409565,.4970996282830103,1,66.78732691309395
9427,42.86306175125445,11,79,.1763160626300302,.2773196758984378,1,71.4157152685717
9428,46.55317170309593,10,51,.4857115351924889,.6156748696787293,1,68.69123451424389
9429,41.7607331629989,11,42,.3739783046626713,.5078030330582272,0,68.74223026052091
9430,37.29496503395373,11,61,.3607413725177455,.4526184476165996,1,69.61705246550623
9431,51.80092444849549,11,80,.4716266154680699,.3928809421434116,1,67.56357188725306
9432,34.74581492595557,13,68,.5013690174174188,.6930685987981197,1,71.46718884554289
9433,45.72768519597074,12,18,.4032790132429082,.382166146018816,1,74.44909956301893
9434,52.21902007209877,13,32,.3250844105425711,.4177876836367177,1,66.10108988559476
9435,33.52793411776933,14,85,.3623856769705777,.2764932715074033,0,72.27189972985646
9436,41.3715914270261,9,88,.5109425537230701,.5406174515589109,0,75.11369184309079
9437,44.19314448884518,13,249,.3255122907281022,.6489266369847844,0,75.41185448869062
9438,50.27341990348842,13,296,.6087206014941088,.4172203511443967,0,71.51943134205955
9439,34.96251552504642,12,123,.3364382197060146,.4803475659158585,1,72.20067822850464
9440,42.94226775144075,14,329,.491582235564093,.3734550320269649,1,73.2780821342046
9441,39.97471624749367,14,73,.5967375782363049,.5601643614310149,1,70.43805155912308
9442,36.29343485505448,17,71,.5811701022098883,.4573064252722779,1,81.19104231398485
9443,49.77537672575768,10,170,.4183419486296543,.5831502553655729,0,73.31115476399735
9444,44.4556476099301,10,53,.4447001621313098,.3247270398067479,0,70.7212354496525
9445,47.09575852149385,14,20,.3275694346217826,.2424504131777074,0,75.09116498129109
9446,37.02823982264871,9,79,.4246754320937968,.3661126985444236,0,74.78032544018419
9447,35.93287610182834,10,150,.6703563173816932,.551943517971958,1,74.3935131914812
9448,42.8449921934662,10,72,.2833305621257854,.1829201640861471,0,68.6106054522994
9449,36.68981870337629,14,49,.463255512544527,.5266327566965273,0,76.23983193051413
9450,39.38885064797967,13,87,.5255874482920883,.3608581821585037,0,73.1640149138823
9451,37.35061717581146,14,171,.5854024535673081,.7307730715759786,0,75.57294043632012
9452,41.08572539352988,14,117,.3953980102434577,.318883384211045,0,76.07957695092726
9453,44.01885769241066,15,68,.4904698441538433,.4938779421105619,1,74.32408431725435
9454,43.02474989948566,14,93,.3829033768454816,.4419090088276707,0,74.72627216597169
9455,38.99305740301561,7,122,.4806637298790647,.2723769527786633,0,72.49356456081483
9456,50.17752199703156,14,132,.3798390282035036,.3772345732119611,1,67.23582713283172
9457,36.47983615723206,12,234,.4300492906931622,.2179634179771444,1,71.63659606773804
9458,38.73459873372823,12,94,.3539207711242179,.4590038106937755,1,70.12601727815836
9459,50.6776232360464,9,115,.1741851045416152,.1425919860024687,0,74.86408290304446
9460,44.47006642600133,13,64,.5558104338107147,.6384910967558372,1,81.27483167871341
9461,48.88958777645989,15,427,.2325891398700323,.4179113108217705,0,80.17296115301041
9462,32.39693650837444,17,136,.4012624538479427,.5322841860616003,0,76.50701789040791
9463,50.29252162958036,12,37,.4857227435741437,.4403794135672041,1,64.44435473600645
9464,36.7212289093931,15,160,.3558412192224444,.4533123107135117,1,68.91088485137264
9465,29.3032224881367,15,23,.4075009809805997,.4587946821514863,0,78.02080299763907
9466,33.63561338475007,9,179,.40678753279111,.4048508808210559,0,76.56071135621482
9467,49.56672244037946,10,156,.4059239024203559,.3293171481397738,0,75.31115307068187
9468,45.38075092786357,14,88,.4310071513456009,.2858832870606464,0,74.21416046354453
9469,31.13677991458333,12,75,.4466535946242255,.5336658726500355,0,69.9803470701009
9470,47.20068578115869,11,93,.4550483710435931,.8008331271390657,1,76.35531367765935
9471,43.65064437698396,16,48,.418125384204985,.6206407671868787,0,76.5912636116369
9472,50.46336477689145,10,76,.5157096609006265,.6796606774978629,1,67.39620878452902
9473,44.06794758276359,16,207,.5586034605025233,.7603729616984184,1,69.65938082036051
9474,39.11450253964505,10,97,.4460238011802626,.7005694036810406,1,68.36512448826694
9475,40.27257854394367,14,60,.3572407627264145,.5582199565240025,0,78.27722360364605
9476,40.24999648326585,12,251,.3219026466562271,.4548435050710609,0,77.40673954519238
9477,40.23673790614136,10,39,.5944400755023747,.5039992990611214,0,73.80498592981813
9478,36.0578412782774,12,49,.4761519910740996,.6689959149674729,1,66.53347779362699
9479,39.23979344863582,14,193,.5187509662607195,.4105008717415018,0,72.43425163004055
9480,34.13636787808657,10,58,.3459266441860442,.3323080010221202,0,77.21382868216644
9481,25.86545017032904,11,33,.2934801401442702,.0988181086911585,0,72.20250380962274
9482,34.93495984351448,16,194,.6926830590393566,.6810777541922,1,70.20435344657808
9483,38.77859830739774,14,273,.4188591625117928,.3017624022182373,1,68.20394583180446
9484,38.49522060586284,12,111,.5088237112108391,.6147067336979579,1,75.03448408737781
9485,46.47433470017214,12,61,.4847470853345466,.6075108208874445,0,72.71841555438382
9486,40.03482899344815,11,253,.3177346142152581,.2797817668710146,0,74.15166082836843
9487,47.266494312773,8,89,.4573418573848321,.3835136457297009,1,66.51503150379949
9488,36.61445262597464,15,31,.3399567502337129,.4802761712261223,0,72.15492536329019
9489,37.25470869168369,17,58,.4174017884141242,.4659926237446924,0,75.21158974517246
9490,46.69873823302349,13,66,.4023726418610316,.5444768174733818,1,66.29674456880232
9491,29.34302169948884,13,27,.471914299125029,.5175170082369386,0,71.90674735538069
9492,37.28935252058083,12,115,.3383117699438696,.1813045250992631,1,76.97321372335347
9493,48.06077910287024,6,204,.3183558319256011,.4408991070897831,0,71.78532971234159
9494,34.80007908814368,11,58,.3261812222722658,.5066299518356603,1,68.55136831578115
9495,41.47522220161106,7,30,.6985095833787981,.7816659166090929,1,70.78115028708416
9496,38.46719444322525,9,263,.6479898389066142,.5849734257671039,1,71.69083644295507
9497,56.19522866354048,9,86,.5065478131287582,.448447878081125,1,72.9812720922059
9498,36.48593675125873,11,90,.6945910449008093,.7967828433205307,0,77.6747436068223
9499,57.41351153033969,14,12,.7427475266560315,.98,0,74.2793032051985
9500,36.38047109964626,14,75,.3576150289791066,.4710384973873922,0,78.82184765385033
9501,43.21273324937378,8,102,.6138338957891238,.6225238749626718,1,66.26217255586563
9502,40.7412182903729,9,94,.6312625916756556,.5143330712197741,1,67.60841171392826
9503,35.43648083710477,13,66,.5473629003728574,.6587658910347386,0,83.55022414438275
9504,38.27354037123047,10,292,.3532720557610144,.351665674114469,0,77.80574768881866
9505,33.22697111056156,14,173,.3858593756528642,.2995422014433401,0,74.6373798747864
9506,41.40417626360803,13,69,.6080175024286602,.2721385702720143,0,75.8113006620747
9507,36.41863632430029,15,52,.7553494390881548,.98,1,69.90557535246435
9508,40.60870893100461,9,130,.4601673103691326,.4328963264311059,0,71.38564667634857
9509,37.72579478411249,11,126,.4127301946403061,.4656334589386236,0,74.86178943019671
9510,47.0934762989429,10,215,.3464488961533231,.1551576151507896,0,72.85368546976262
9511,40.06355703834894,16,49,.5625778303475693,.3976266941482939,0,76.0613789357415
9512,44.63051316534921,11,158,.3985242783894973,.2818641704840181,0,75.6868757262567
9513,31.07193442337702,15,162,.5168516983848265,.5962267937243217,1,71.19889192892364
9514,36.18603728483726,12,146,.2392490976947435,.0345264656547177,0,72.48470390620957
9515,37.58259533457998,14,78,.3560109606090258,.8283054823934128,1,72.54167523160014
9516,42.70389265103167,14,87,.4687815732866779,.4877480009962531,0,74.92782328299609
9517,37.64160372557264,11,85,.2317598894164118,.3104570166452426,0,82.87392672468039
9518,50.70898255611256,13,64,.5763370150962119,.5846458888632547,1,71.29148929689124
9519,36.38987286072578,14,50,.6294981775606964,.7334279716690654,1,68.20245047604745
9520,31.95022153976067,8,83,.4255948792245006,.3892909601452942,1,68.00177975401991
9521,46.35705488422116,9,47,.349566038561106,.3863802243268832,0,73.47769846241977
9522,40.71288523647045,9,29,.4483896116516955,.4354419173887291,0,76.73786044099371
9523,37.75990959361949,15,87,.4364826684608212,.4643981632105447,1,70.7661451815646
9524,36.62457760078544,10,79,.4961411128295895,.3848064376481384,1,66.01996758488167
9525,38.1238646087926,13,170,.4507244047390374,.3764788610125804,0,71.32551614190304
9526,44.46398785883336,10,141,.3809895626716132,.3380940628387796,0,71.17108700733218
9527,40.77901837096288,10,125,.5395646283612994,.5269921670694151,1,67.88626657563479
9528,43.98026491569139,12,66,.3526447047239387,.2029849104514017,1,62.68213739111501
9529,31.90742279901901,13,85,.2779288944153444,.4204464435010765,1,74.27795693416117
9530,31.77439144542535,10,194,.3630637116729536,.1000634871865144,0,74.96573444446049
9531,30.73830517326662,13,103,.416916016272774,.3906178426783765,0,71.9443672203022
9532,43.21449614069661,15,33,.3884646082418444,.2773411894413304,1,72.35295922894613
9533,42.09781945014262,9,85,.2394742509262383,.253709125247267,0,78.57499749110445
9534,41.61372284432969,16,45,.4176402265117915,.2544540010342318,0,69.68928342586244
9535,35.29459892309469,14,55,.5184606713863792,.5850015822598444,1,72.27205379284354
9536,34.95551169533653,10,255,.5253361169838269,.5317319962380285,0,79.44018959173377
9537,34.00699252537615,13,171,.3847310273939916,.2032463890104507,0,78.16968701823789
9538,44.13008407785927,8,26,.4833430174105873,.2984425718228826,0,75.92952056747374
9539,40.59547996881997,11,100,.592894001515971,.583916460203823,1,69.36257687870589
9540,38.34196773287655,11,99,.4317805344898815,.4675256841830097,1,76.56549325903717
9541,37.74541050896529,12,62,.3830056964601569,.3556385137994292,0,68.65182935693061
9542,32.03384445975887,15,156,.2575035966397693,.3311036603608478,0,68.25567355105733
9543,43.45078262349389,10,54,.643776810944564,.7194643359901775,0,76.53879640050305
9544,38.49949419532609,13,98,.6055476610291347,.4500697675576455,0,79.09514899139151
9545,47.66354362209399,12,59,.4447573971161249,.5119178293531836,1,66.31258532519728
9546,39.77014686085311,10,55,.2549615929565408,.1799172881874683,0,75.39922361733308
9547,42.5026922756369,11,162,.1462171068265138,.1084325580474606,1,64.4005555871321
9548,38.98500686811129,9,139,.456709431690896,.2043983849908182,0,71.26957972528736
9549,34.51999516504081,14,83,.3990156960143488,.6705652707408656,1,72.14603952776174
9550,33.32267345762513,12,101,.3593791959386453,.6019772456381247,1,64.51537548237047
9551,44.4258223868378,17,96,.4820505641704888,.6102450724803059,0,74.18967808773488
9552,44.20841189425232,12,112,.3148065852530006,.0326446896889521,0,71.30821937439616
9553,41.46379061879953,15,49,.2039000867443344,.1259614612008406,0,67.58304477368888
9554,39.66673453238803,14,73,.340572962755144,.3157442882857227,0,81.09779899448532
9555,40.20495480926479,13,42,.3648083084107116,.348916710181418,1,78.15358889554741
9556,45.70575562377314,10,37,.3609151591291136,.1702753736558267,1,63.46428590401445
9557,47.86699159648616,11,49,.5175360023078901,.6581483933528995,0,72.51550384101836
9558,40.24632872699691,14,72,.4416511657021334,.4145279959374751,1,68.01205556451286
9559,56.52366296681991,10,70,.5575008640331734,.5310765315479338,1,67.49145427358768
9560,37.01116758400041,13,123,.4007867450006654,.3533489326959405,0,70.12570995525451
9561,37.57460230146341,11,59,.3875292044695504,.360672838369107,0,77.86941642646686
9562,39.41466791154131,12,294,.5333964902066647,.3191204511953429,0,75.43238490797431
9563,38.10313573798652,9,234,.2469458459649114,.2738479816242614,1,67.22522881335991
9564,41.78046122363542,8,51,.5681250930700735,.4439228594869344,1,76.48499021269438
9565,48.73171192489127,9,132,.4841746252182525,.3335337042151336,0,74.75363289904392
9566,29.70875031655634,12,34,.4371949133903251,.02,0,70.92950517975072
9567,33.61060852480051,11,203,.3620554350323137,.5312190521355797,0,72.77575170323928
9568,27.4246323632927,11,99,.51321644818492,.4868827360890738,1,76.95058511577821
9569,47.7511540054729,14,81,.6054104863320733,.6666359004972899,1,66.00137862658393
9570,42.97384458097318,8,47,.5991465731903642,.7989460254383878,0,77.06491824736952
9571,46.48238767820801,10,148,.6052810457833493,.4324525674714341,0,74.2313296933518
9572,30.66087360674405,12,128,.3257742787243474,.1412653535222071,0,73.64877629634897
9573,34.54404613056266,11,64,.2412975821042841,.2540866847211943,0,70.81204812851487
9574,35.4229355667199,17,45,.4957907664006542,.5301465898638857,1,71.20169100243619
9575,31.49277792054188,10,179,.6488516067408532,.5179322228964538,1,70.53663221644268
9576,46.89477534669314,12,32,.5426134920735205,.5381022397509511,1,75.3000234080038
9577,47.2762313800846,12,151,.4065557216387826,.4164030386070867,1,69.30050380653893
9578,42.98157673273496,9,191,.3954798225648391,.1475127132744459,0,73.63682971805791
9579,31.54134818238919,9,111,.48443921226665,.7303686806056534,1,65.49092765389868
9580,46.74413132627153,15,52,.2650700634407686,.3545933283122112,1,72.58563517395955
9581,32.87133587298595,11,130,.390699608890673,.5026898921547388,0,72.61617258287944
9582,43.62427374810764,12,137,.3548186533388406,.5462802102705864,0,78.35737617585329
9583,37.87791167900114,8,432,.4035592956954384,.501918829550795,1,65.97784388195916
9584,43.67047416003374,15,27,.2515361252443619,.3135507569578145,0,77.46074479824097
9585,37.78759192994107,11,127,.4689907184934536,.6744986551334275,0,72.85731699399592
9586,42.76759147273449,13,71,.4550094312743999,.4579011432240417,0,81.80388800230637
9587,37.3978902279583,12,114,.3293075664388872,.3181251653900203,0,78.80931582247037
9588,47.35756851412113,11,126,.4423649873853591,.1758768673678082,0,78.56224748754217
9589,34.59347105818269,15,150,.440922003057546,.6086722596888762,0,78.1665351834064
9590,36.22757130142535,10,202,.7272596527056566,.7360079579302272,1,73.59405013706404
9591,40.14832268630218,12,30,.5004030005459961,.4942906238869509,0,71.11944600897996
9592,34.3159322544808,11,115,.4926652180666622,.4890945371715441,0,76.56416674817213
9593,39.07701784246883,11,194,.3925170850456897,.7829000944281139,1,73.4082025946493
9594,38.85037424137349,16,50,.4808774194950625,.6665027365012176,0,76.26930631583329
9595,29.01623782761903,15,193,.4719674412729455,.3063247053345105,1,78.88794790416434
9596,47.87769342231381,7,133,.2351490077235102,.2323938410882449,0,69.70801153419458
9597,40.94576229341236,12,35,.3078782008386272,.4488867390484352,0,76.89786322375006
9598,40.62179317928242,12,110,.5925317811768122,.6859238216535518,0,74.66399475441959
9599,43.50146410955875,13,122,.4469391318586285,.6803340492465656,0,79.38179472543433
9600,47.07460082162579,14,22,.4946867513583834,.5403005942002825,1,70.47350921878459
9601,52.45595517197589,12,179,.3301172747591858,.2915126671329707,0,78.82057240940721
9602,31.96920595717518,13,26,.4846816879283617,.6219273701232965,1,76.38473906639064
9603,44.81642410719692,11,85,.4043153991895213,.5846301211860123,1,66.2422857815492
9604,48.66012584395116,13,148,.5406415048573905,.5556069432880889,1,65.96793104893341
9605,43.20289033714153,14,86,.5713778089028754,.5225862755713542,0,76.06583183826032
9606,54.30956069391362,12,72,.2896007228665572,.2992979017039307,0,76.89910768454801
9607,42.6130705678668,15,80,.4343204359716561,.4340462835306169,1,64.02882634647845
9608,44.43091481589008,8,131,.5714786754197971,.5149898016790686,1,71.40998375700659
9609,40.27411908055566,13,55,.4267763914891338,.2343996037900145,0,74.67033650156947
9610,34.44290016633433,16,46,.4754725336748132,.2208395644733474,0,75.89050475304106
9611,31.16938992723369,13,159,.3694084170385512,.1320886860935199,0,76.62988417987142
9612,34.31832896283282,12,64,.4874064070036465,.5688692325908864,1,72.10024618778195
9613,35.60403383359305,10,56,.4798639595174986,.6030269449618836,1,67.54598771108125
9614,29.32464727425963,14,61,.4277986163355348,.3946015432044101,0,75.24034191767217
9615,46.99648809820226,16,206,.6350587144077369,.6172970419665533,1,62.45922572300857
9616,46.10914105336061,13,47,.4417557858678109,.2222721521261291,0,73.13709022873842
9617,32.20578227275211,15,65,.4945936134997201,.532792583134325,0,78.24760126152019
9618,40.00700355202989,14,94,.6262218250766853,.699162131431132,0,78.19241934929998
9619,29.09885763856892,11,127,.3861431523611525,.6254316639678132,1,67.60795387528086
9620,37.34302355591205,11,32,.4097197997406024,.4191176876124983,1,76.42206618540303
9621,39.66578409883737,19,36,.6306621677426968,.6034189915037108,1,69.19567552163728
9622,29.44218990726251,13,445,.5864798469772712,.4947423994359091,1,78.82211726672824
9623,39.45100281820235,17,419,.6837537801618871,.98,1,76.41595006164313
9624,45.78528494426308,10,40,.85,.98,0,76.89835767938359
9625,43.31648528590497,10,54,.5128558174319784,.2844251199742168,1,70.4362443447054
9626,36.85737983121009,9,95,.6219726864992721,.7553901503265666,1,77.79052285605925
9627,38.32614035222074,12,107,.4317015001198775,.2638292112947114,0,72.79119458786431
9628,42.91039595728969,11,111,.7081526616230249,.8377616096841459,1,67.77856241237828
9629,46.87313580785356,11,181,.2950704314306399,.0309235801262862,0,70.32516436855471
9630,34.42343476648652,12,31,.558199933131457,.6654608710178224,1,74.9068350313327
9631,28.78922124814034,11,65,.5180802187308712,.3241489087032879,0,70.00984868315474
9632,32.91306832861875,15,133,.47235711814604,.5614498324881056,0,76.68317406708654
9633,37.23892794292048,11,101,.4004799314116912,.2484124887639922,1,65.37412341287973
9634,35.35457069033244,13,77,.7246834012678909,.5942504007475313,1,72.40843011056386
9635,43.57345892521924,7,296,.3767916845286425,.2065723901750328,0,71.27005606954818
9636,48.28495407522006,13,58,.5249285298730786,.7003184777070592,1,68.37497294742762
9637,42.17745461294633,12,101,.3537998485330028,.2787663095116427,1,66.43572856918657
9638,35.03827023518279,9,128,.5739718212537888,.5276432229276491,0,72.91253810655049
9639,56.37670487299933,14,104,.237695060644148,.2878590499219246,0,76.61308829060694
9640,42.93227817847184,10,111,.4723726431288328,.4792222892318549,1,68.79049413766414
9641,47.69297365322443,9,287,.7101985973280431,.7352958339838296,1,70.38888999095755
9642,36.40766817155026,13,105,.4618162909120315,.4338219055180794,0,82.74755853498799
9643,30.62898766506182,9,123,.4279964345034939,.4205782869398324,1,66.58302122979096
9644,42.47921352497221,14,31,.3446816576360362,.1691356837442662,0,74.81053726576863
9645,47.46589146160672,12,35,.5252220427164296,.4536171385836083,1,69.74172679928176
9646,44.57499083912433,12,114,.3024468537612385,.2413229770585131,0,66.91874995304406
9647,43.55509172044002,12,59,.576645469488693,.8460864933191845,1,71.8054214056349
9648,42.29325655774458,11,23,.4104037476947211,.3804020898840919,0,79.13392459533007
9649,48.89269016126597,10,92,.5569531051038544,.5373856856175072,0,75.84494255496773
9650,39.60152137002252,10,191,.3094282862086256,.2094866953538162,1,68.64660278924987
9651,41.27486656215282,13,123,.4376772479002265,.7052583858683257,0,82.60377568004513
9652,39.15666787292399,9,73,.4583390238279245,.5759905266205994,0,77.11176846291417
9653,33.42198027319764,15,46,.359155114818968,.1953779341394787,0,81.14078482032265
9654,39.6810005423363,16,55,.3948857534495792,.4153693915401728,1,69.29998687801969
9655,42.40151558650659,13,58,.5050001142462619,.2878983442915113,1,72.46790220455151
9656,38.99972348239588,12,82,.4693539347709867,.6688648095905921,1,65.61162752048816
9657,41.37146303341147,13,29,.3968605825363162,.0736309247490115,0,74.41509181060201
9658,39.44268634259984,7,173,.4114569228512702,.3276791033495851,0,77.61581707960319
9659,40.08486871340094,9,17,.5310035669071836,.7387788820179113,0,63.99041544289913
9660,35.20786618257645,14,64,.4643440235021206,.7416378539113999,1,69.24810555951558
9661,41.19949256924063,12,74,.5388905810409063,.6401106120993012,1,65.3609927368833
9662,56.46842764971686,10,110,.3957168230415777,.4690138636471571,0,65.72683583814127
9663,43.97114072142381,11,103,.4447341283567015,.5417233517652227,1,70.97110523211124
9664,46.01091703567865,11,65,.44881350698551,.5095186576547457,1,68.55799870385164
9665,42.0487547960609,13,168,.1498903898933154,.1097736695462991,0,74.28519616274033
9666,36.22081142486687,12,35,.5825913602145394,.5316079016210253,0,79.934924590639
9667,39.71621906391788,11,138,.4881356336943429,.2996250114753765,1,74.42633294191465
9668,39.37432060803925,11,127,.4233676873028154,.4642896261438253,1,70.83275752012517
9669,36.34824923429777,12,136,.3942107817641626,.3120475988177573,1,65.63436584820347
9670,40.25948017870832,12,80,.5393660394673423,.4275545017393927,1,70.23157127251719
9671,35.75397802110982,16,69,.2516299573191209,.3213473263444385,0,77.37342945570425
9672,41.72868026414866,10,281,.3829348399690158,.1077367287871843,0,75.61339430924373
9673,36.50336994242707,8,103,.3731879256564457,.4785249839058554,0,79.20913891276423
9674,35.0027777565785,13,48,.2414063335345273,.326343758414668,1,69.17268401903446
9675,40.83828973876847,10,103,.169156939347513,.3565730249260524,0,71.95409891942492
9676,40.54972235454952,14,38,.445406315034485,.2897705225929045,1,68.23179776020075
9677,39.86352115851837,12,75,.3524652321002154,.3641588763989331,0,79.40809864713559
9678,55.38525580540951,13,118,.4352535471590165,.3669475108605169,0,77.78516738324674
9679,33.93852607878058,10,59,.4512405237856743,.4928794784553254,0,81.16103818963634
9680,46.98858289844367,14,146,.4487538782485633,.2227919476172793,1,71.29067848729953
9681,38.51308529325421,14,173,.3615914871891326,.6225270706211423,0,81.94654649570121
9682,43.98276489492815,9,108,.6411478956828585,.558046549897801,1,65.32046066243932
9683,39.21221330673863,16,46,.4399576769031197,.2938706845232634,0,78.56731209463918
9684,39.33424134664934,13,56,.584204935709558,.5239522416475791,0,72.8804770175463
9685,34.15966429339919,14,83,.5594261164549141,.3083616790322961,0,74.78479581177911
9686,33.29936263874826,11,54,.3714356960909324,.2978821336750219,0,67.85893535111592
9687,43.26597997229217,13,55,.5097960951962222,.494073018078407,1,65.2888975646007
9688,35.53476827568377,10,100,.3402614574643996,.3179964102112756,0,67.01669479005673
9689,40.73742425815524,10,112,.4087391681178041,.4635696734735539,0,72.6434988139119
9690,32.99705020742934,8,75,.6699671804160872,.7508978257643126,0,72.42728331193544
9691,38.77667288385287,11,109,.1578045979405508,.3284106309466051,1,74.62968554760843
9692,39.78290234120261,14,152,.4708007246394846,.536307851306012,1,70.41949041334895
9693,40.58494800273175,11,31,.5234405480562923,.5246431598716366,1,68.45988821466239
9694,43.73307178835412,12,86,.2634836754116382,.5228958633413699,0,68.76055610888875
9695,44.91859052565822,10,115,.4607884245930408,.2228656951260726,0,76.33505150947389
9696,49.30331435226636,11,76,.097781734288825,.0899671099110798,1,66.43600256883167
9697,41.84113847522043,10,112,.4485483319344004,.6928628783667392,0,77.70463278200883
9698,30.25104066137262,9,32,.3839660524733023,.3849644191535737,0,76.00775157367852
9699,35.72240095904959,17,50,.4490939140184789,.1930461246567146,1,68.63685153074981
9700,33.01973123759231,10,98,.6208163205193091,.5463560174814283,1,70.8016501376126
9701,30.75452573843602,10,66,.3671183721687539,.4850715078739619,1,77.18618984603941
9702,43.10768660033454,12,86,.4763940156251056,.4267973714607857,0,73.77962073759903
9703,43.0718931764679,13,78,.4170883242885487,.4468754736704597,1,71.01861449056123
9704,35.36381429305535,8,178,.4261762673116931,.2721437652163123,0,73.01418472636755
9705,35.10811225279626,10,172,.3561024389704314,.423579931288649,0,72.2449956118737
9706,44.70412428453357,10,49,.2834659087776588,.26630997998935,1,66.30231490012608
9707,39.07277954954009,13,110,.4017344204647676,.6426534965487608,0,74.88823420942784
9708,43.36259043550899,10,31,.677739030132021,.603173098590523,0,72.76155720946748
9709,40.67334748459005,15,125,.3793588293333847,.3051088073002174,1,65.82770325845649
9710,45.67368259695949,12,136,.2604643579403674,.5663019262401368,1,70.31718547777731
9711,38.54279384841295,9,57,.2282911333935254,.091382319567313,0,76.41429108560472
9712,39.34132537486151,15,182,.1948016265794076,.12677906926482,0,71.05702464652123
9713,40.77166844475619,12,160,.5092485860376489,.3130952040306901,1,74.84784886620447
9714,29.18988721516043,12,100,.7205625189407352,.8217084705044182,0,72.7954606192118
9715,44.54334764265732,11,90,.4658901508703958,.5182499301300094,1,64.34812398790883
9716,31.50119485965391,9,103,.4300184689199021,.3253877958094443,0,76.61549733310797
9717,35.00756413183611,12,39,.5205130605617677,.4820873500447782,0,77.34702351072681
9718,47.30599762782268,11,20,.1515417331075363,.02,0,70.94957708192749
9719,24.6192355335877,12,84,.339102021425842,.5111176082595639,0,71.92956634489757
9720,42.62682982210521,15,85,.3596594464484894,.3930403527541294,0,78.22024595179259
9721,34.52204754924148,17,148,.5054407349031163,.4853121607015181,0,81.25230370123001
9722,43.97625662560922,15,152,.5737628836507485,.3967638304852225,0,76.70361850736934
9723,33.30387991506546,13,152,.5649172558599859,.4478871515935273,1,68.34316395688786
9724,38.26823425454883,15,44,.5403008115961004,.6831985519025447,0,77.82237357458204
9725,44.32345595414983,16,155,.4033801861651522,.2544574770937689,0,78.91220497135465
9726,47.52907766795181,14,36,.4356510564401145,.4408637051477198,0,82.62079311774875
9727,29.649291078576,11,90,.4044126060783692,.2637296892821775,1,75.35926568166688
9728,44.62441106260219,12,150,.3397947365987448,.2444421934686557,0,74.85146392990849
9729,36.48069791144624,9,191,.5889794092573729,.6152802376893105,0,68.1529071762633
9730,33.42345554451958,13,208,.4606070064621134,.2895402320551351,0,74.86717410046309
9731,38.03677375163915,13,153,.3255003514765976,.3087260667385499,0,77.89374878385487
9732,35.56084256499327,11,631,.5426975802422572,.5327499108444008,1,70.29554015916536
9733,38.8308510718614,15,282,.672828886431685,.6578166653249951,1,76.43324983160808
9734,43.78316619271211,11,43,.4536110367369913,.3368923866138066,1,70.47321450568035
9735,33.81993651394203,12,264,.5567642743213898,.3783969815520167,0,72.47726094135184
9736,36.76186439737569,20,37,.5187738340597103,.7313404162608439,1,78.80380527121206
9737,33.39038002646033,7,53,.3379969780820747,.3567480357832218,1,71.12591627459182
9738,39.45550070021892,6,74,.6277126018094202,.7322243073825232,1,76.31905323121528
9739,43.80672440969789,13,220,.4989458024813552,.4743178402549049,0,77.9116991798976
9740,47.19618928547986,11,31,.3298273173067711,.2970596660225377,0,76.10895093865931
9741,39.2918496092144,13,75,.3065276571662737,.0823779774222693,0,71.79360925600245
9742,31.59554882525975,13,121,.4091527411850967,.5168999498500338,0,77.31608820566601
9743,40.62824904875139,8,167,.6263088283053244,.7650648863607672,1,66.60282770620236
9744,39.02643350621392,8,126,.4420440682159256,.4626479018250088,1,64.1427751702178
9745,40.26388688064282,6,79,.1981505013574461,.296521320278596,1,71.41895962711232
9746,35.16471042056487,13,60,.5817235200477682,.5175329838966349,1,75.0741362693571
9747,38.56059839324459,15,131,.4210021519763616,.6055108210700917,0,70.3539850396636
9748,44.80129320671202,12,65,.5500363124616293,.8064644447444893,1,73.17320634540114
9749,32.04186927901547,10,67,.4794742635368885,.4974480777280993,0,79.82287341637893
9750,41.19791931134841,15,46,.3814167753325915,.7275549628912543,1,70.52323885990006
9751,29.1302945906519,12,135,.5219620823149265,.5004787720016663,0,74.71180491542452
9752,49.27833841552616,11,83,.5636436155869671,.3972008192070485,0,71.01392429703955
9753,33.13024114248584,18,316,.4298488510423619,.6556728835910941,1,71.76487078862009
9754,36.9340298464009,14,35,.5312964074119222,.6962338509915197,0,77.59004291166593
9755,42.07885978806988,11,65,.7008050451503758,.8543187844709252,1,68.09783241163858
9756,32.57031298613292,14,107,.2357171237808192,.2807551801909327,0,73.92107398922231
9757,45.85019324208899,12,72,.3771308172625211,.8419253782871667,1,71.35666045957188
9758,39.4607373786958,14,175,.5010532690238829,.3126719118273079,1,73.62064152825687
9759,39.77192817373472,13,103,.2159087867790553,.0319049234008568,0,85.48708702226392
9760,38.38447984838638,10,59,.4262753286675109,.3021344144742619,1,69.80142176444222
9761,53.10578830806695,8,27,.281489484966634,.0910323419607696,0,76.06466715615997
9762,39.09868698444442,13,18,.4577292529820792,.4023324531067151,1,77.83827944023074
9763,46.64517531807947,7,132,.4968340060888607,.3929885352775195,1,63.88710978346278
9764,53.94978651545883,11,154,.3622119438018958,.2645134995497335,0,73.20401352508286
9765,45.5211577010103,13,67,.5195859743084862,.5901102830503947,1,73.66590991760849
9766,45.27822619787113,15,303,.3849593737502104,.1554344175424256,0,72.57029148172376
9767,26.82538225693688,11,128,.3792463852142655,.2948631010846258,1,74.18814108707706
9768,26.20504502519428,11,146,.4471634232733815,.3549333624010492,0,74.50851260336619
9769,31.89157892221212,9,15,.3561404863391855,.3029181659833192,1,67.46362054876849
9770,30.14781281324293,11,41,.4071733498558824,.4102283893501012,0,73.39657445688658
9771,45.22530720668554,11,141,.3899799595340018,.261017722614966,0,72.97480372440377
9772,35.74147862421174,10,471,.5547272620926966,.5640461533927228,1,73.8966310462859
9773,31.56388450616203,12,134,.5263066777046559,.4685051463934183,0,69.18180652076434
9774,36.97286149244545,11,161,.3165561159315584,.1307563264253963,0,73.56781159740024
9775,40.69232034885616,8,165,.4617547741794464,.5122249428873494,1,69.42308988375565
9776,42.58179021433797,9,85,.3697371173488869,.5211413422348575,1,69.36090599136155
9777,37.52889646771296,14,60,.5798347923150268,.7274187917407805,1,71.59534712110332
9778,47.17562511171018,9,108,.4745130272442495,.3281278692515704,1,67.04131842035136
9779,46.46579996003533,10,61,.4649916499562722,.5064189429178779,0,75.44337237602495
9780,36.53279912672635,17,15,.5328288997245165,.4041285082336668,1,71.06233235095398
9781,42.12883639183843,12,230,.3566199335650502,.3544771244173374,1,68.43497399735497
9782,48.9850580348382,10,36,.5078225389566408,.2994471573541981,0,76.64329369997566
9783,35.38588134552427,11,124,.3276808614026653,.3169597441174191,1,69.00561288106277
9784,43.03577833561254,13,39,.5571068702851155,.7451288173584758,1,67.94826464320774
9785,36.11101557560047,11,34,.6689331948290699,.9083081821911909,1,71.52992144021519
9786,38.38832582611305,13,132,.5139405753156899,.2328442737182673,0,74.18627265746538
9787,46.7331805939263,14,95,.2765697523198991,.3274199130090207,0,77.11706391297062
9788,31.77391063421615,15,173,.3902282629543354,.3339421501295384,0,77.79982577114519
9789,32.51746241087022,9,112,.5195322315557738,.5793804897752427,0,81.8977630027736
9790,49.01004052257188,14,59,.6102725934172517,.568520525365665,0,76.95432523927586
9791,46.64536062326782,14,98,.7184216803365195,.7455173772187119,0,74.32601571831889
9792,35.06517169908366,11,54,.3686556431818284,.180831049994774,0,68.52964945805807
9793,34.51604930957271,11,351,.3903453548051577,.498590060558497,0,67.18854529671309
9794,40.03073785801161,11,277,.4791265900183894,.3414432838814925,1,68.70423587071404
9795,37.92228424247288,11,145,.4836326922342539,.3590517212665189,0,75.26590293661987
9796,43.40113582873528,7,88,.4450556058326869,.7355986449520504,1,71.66343449905564
9797,41.21991512720917,14,93,.396370118374028,.3787662347648802,0,70.99673521692102
9798,41.99890893433482,11,137,.4487681563155774,.4680970635271152,1,69.009425242291
9799,33.80510424322705,13,168,.5832265663028421,.5579117297092873,0,73.36429345164981
9800,58.30943260152469,6,58,.7077018066735812,.5437868205826416,1,68.87868121833827
9801,49.48043892734704,6,22,.3639917350778833,.5338330966673078,1,69.13496039443262
9802,44.20225287170993,12,30,.4228150803653433,.5309841564812785,1,67.19440322932323
9803,34.3810507586,8,101,.3296880782861114,.5731155687386201,0,69.84046186416457
9804,33.21405098730661,9,59,.2148561946391432,.4395739906356286,0,76.48804169527561
9805,44.65066464770808,15,91,.2611284508737816,.3201315991662758,0,84.18613716335902
9806,46.29899940244574,14,42,.53829274528216,.5340639168340667,1,74.78915079695238
9807,30.35250135579988,12,103,.3935787585449652,.4655227488428635,0,86.7623615583684
9808,37.7466285681932,13,66,.6516422543055851,.7704219669109901,1,75.55794091139734
9809,30.30366438992368,11,243,.4898441024326523,.5688796251239879,0,72.26209902993594
9810,28.58362960007122,9,38,.3215567926873355,.3492873515997905,0,66.4207631541087
9811,52.97093658377393,17,78,.3910352523530627,.21580728846981,0,78.23282528944397
9812,39.6281547218247,12,55,.369808921319387,.3525833905861057,0,75.07930136482375
9813,53.40923307242046,12,155,.5511379762895856,.4573481972724415,0,78.64906150681733
9814,40.85200411590494,15,109,.2097225775134808,.069724745101867,0,82.18530760341994
9815,35.11833125886225,10,284,.6151725868116299,.675990798595933,1,65.10791273221217
9816,43.93577294416951,14,46,.5095091664107995,.405785462040916,0,70.6780461602897
9817,36.07036736113204,9,180,.4014111337951023,.3047916148469351,1,66.70502912692947
9818,36.9395017320058,8,130,.4295475906013353,.5185042126361991,0,72.54385647779179
9819,43.16793699670086,12,75,.416344117319467,.3469139842751698,1,69.3718379186808
9820,45.15709705968837,15,163,.4842604913521101,.61906232603742,1,72.38073012893399
9821,32.54997224531459,16,35,.3710211080180073,.2739903920161478,1,73.4169065989027
9822,34.33373330733325,13,300,.50755726859192,.523390254983906,1,75.00699778481344
9823,46.41472543573283,11,30,.5824790986258757,.5134951780632563,1,69.15118420118398
9824,48.67968527818341,12,27,.2041117442540884,.313562806543526,1,67.81723282396612
9825,40.4921596736086,10,132,.3537045829237824,.3324354683564968,1,69.43905528549237
9826,40.22909782353862,9,63,.5448295675276406,.553721916119185,0,75.80121729963859
9827,38.73117010997701,11,100,.5280386425273063,.5154460979197278,1,67.30600612543029
9828,42.6915006847162,11,17,.4098309265583567,.3679605051369905,0,72.43571950666113
9829,46.71475801812961,17,142,.5265324211031515,.65933216692776,0,76.59481825338375
9830,35.64919152792481,10,112,.4905884207101167,.7156036933188309,0,75.64612692268285
9831,36.87877691416401,16,102,.5492231810102081,.350019995803716,0,78.89332249094137
9832,43.01853948627969,12,259,.2624776275369728,.4258927042325004,0,76.63311266750414
9833,42.09999611210515,12,84,.4139576217854682,.4655435833945298,0,73.62226542889094
9834,38.95510278069322,17,123,.4110062785778675,.3210623222506311,0,80.29147022002806
9835,50.02278236425163,12,55,.5808185534551887,.6057587688296779,1,62.81046235625826
9836,40.05727025121508,15,77,.5208662578528522,.5076163849656952,0,69.72433813155689
9837,30.25861129652329,12,39,.285892726883066,.3421887718712761,0,80.30822874892398
9838,34.81743148830369,12,116,.2927704688014202,.4173025379020349,0,79.711873036615
9839,42.80065741622047,12,279,.583421264350366,.6076045098891337,0,72.5793337764577
9840,35.92097764300402,8,108,.400479645867416,.3777502681450939,0,71.34084924397875
9841,35.08164888120103,14,157,.651374048327803,.6966032967045663,0,76.66461710383476
9842,36.75013344467205,12,193,.4617552061276782,.2547961064705263,0,68.08692644727248
9843,41.47485012443389,14,82,.3491388332821337,.2995093446918292,0,68.76637512441454
9844,48.92921968610445,11,300,.225318596805555,.3395449476966177,1,71.36508117838088
9845,44.3086304332707,7,91,.6993073225945849,.8450786250225881,1,70.08478298503925
9846,39.0297722330851,12,52,.3761067711022151,.1524385306717253,1,67.41172567960093
9847,43.73333844940792,8,130,.4802182061763097,.7290336689043966,1,69.33685790354446
9848,44.38297473171967,13,29,.2286312108941508,.0858072023564106,0,67.93291136878197
9849,42.7487450675984,13,57,.462997668957126,.4986381312767137,0,72.92350780476234
9850,44.74353462350685,12,360,.4855872355165031,.5859738633037767,1,72.04521568134254
9851,42.74810561846159,11,208,.4625609559346588,.2719505038274277,1,64.03959201243993
9852,53.99151950860966,13,250,.435737716035913,.6209357586530455,0,72.97625262075672
9853,40.78896763957879,17,202,.4296190967072765,.5242616156019784,1,71.33600915958083
9854,38.23403146501035,14,87,.3020918504914707,.4278255556738773,1,67.62996435395178
9855,42.56033110400319,10,125,.4837981994660296,.5281373388064371,0,75.18575140284157
9856,37.96634768897009,14,61,.4321477321069993,.4238402786402923,1,69.39174390542244
9857,27.96891769251621,12,43,.5407300116459114,.6180575488121326,1,69.44868185637368
9858,45.51653728498965,11,99,.4126747081632128,.3644749828287163,0,77.98864065048654
9859,37.51320112598825,12,429,.2353469564618806,.1324908754259891,0,74.93277450637981
9860,32.81946237514049,12,169,.3661205177408043,.2870858458732986,0,72.60072116325203
9861,49.44941516500604,19,143,.5664733245087595,.5696681691450936,0,75.52594678917582
9862,40.60311916215753,17,177,.5848096126804756,.8182051400638684,0,77.98476493172257
9863,53.6101616857356,9,55,.3122240610755296,.2873083205669745,0,69.00181399497045
9864,49.81390219706397,14,215,.4715460148763924,.3023279176512674,1,73.45768348732794
9865,42.06071826303904,11,39,.3548893339591589,.1412200115635935,0,72.88846173575512
9866,38.38460775035952,16,77,.4034829315721924,.3676437213845154,0,75.01082669398551
9867,49.53220627318113,16,93,.450357894179883,.3725442745709875,1,61.19631059491693
9868,37.26526083287906,15,64,.432486220354744,.4082651775957897,1,71.37457604960728
9869,45.62871718537725,7,38,.4481898315927734,.5848998699123652,0,73.60369499248172
9870,44.89212734439917,13,153,.3458389431675413,.4437750035547424,0,68.14817492570937
9871,46.81172546798929,11,27,.4308085811982112,.5423566938605743,0,71.25375083803034
9872,39.46049245571338,12,107,.4329834054028049,.2780999125985251,1,75.19535980903281
9873,39.74369703426881,12,63,.3557367834147852,.7043445539510185,1,70.94313814232271
9874,39.41397901042283,12,146,.6629536868197282,.5672149937689133,1,66.70266918307836
9875,44.31072804525928,9,40,.5386464478896204,.7330811843953891,0,74.52786135480395
9876,53.78684798804576,9,242,.5033100517715943,.6606365697271067,0,71.11895053103416
9877,23.15482146213656,11,81,.4892783415330579,.5376217168302689,0,78.24978455519027
9878,42.27623870371004,10,81,.4610839716434442,.6059068981884167,1,70.66245029695051
9879,31.85312602143568,17,38,.5312084329788275,.2328678887892381,1,74.65731180792002
9880,40.64495495301042,10,128,.3596904130755202,.3242869531172318,1,68.97921812377795
9881,34.38666705519856,14,124,.5865720891353665,.4117812404295939,0,73.31860041939188
9882,32.54303839024693,9,198,.56482935389057,.3998384895675494,1,70.63035707863231
9883,40.1814863258411,16,108,.5269218393052911,.5026657757501188,0,80.11212065133107
9884,41.19454625937814,15,158,.2252039626784874,.0264944916852007,0,75.9653349834208
9885,39.11599143454687,14,44,.3194595451551117,.2927885909695495,0,70.90064508011463
9886,39.47454061122023,10,101,.4998341893108902,.2184805335819439,0,77.17550937362884
9887,47.00086170692392,12,64,.4239189231968323,.4128823763375397,1,66.95729147217787
9888,44.4590045284659,11,215,.3542661883740535,.1222542117405839,1,71.70170568622842
9889,37.00710408876586,14,165,.3359750244840422,.5583669114551448,0,72.44734794214976
9890,32.48136022657447,12,72,.448995658060272,.4379863600775707,0,79.08034999418923
9891,35.37919041043482,9,109,.1669366750580271,.0797839975520683,1,75.91174784942616
9892,34.35847132600436,12,220,.4514468204096625,.4108023419704246,0,71.68776921862606
9893,39.68170625884249,8,96,.6186445091792452,.8468391272584791,1,70.10937880330148
9894,42.87456523440681,12,56,.3878741135244148,.426240843867986,0,78.21072297501341
9895,40.09053630992891,14,75,.6389412818697067,.5736920021845698,0,82.58670104892003
9896,45.52911599207129,10,130,.4216710908565919,.4184788358104963,1,71.07600182012612
9897,37.86221005415162,15,17,.3545839183224418,.3093857993410957,1,73.41260240246768
9898,30.59715719228127,9,222,.2658545948348713,.1760172436536865,0,76.06524579597568
9899,33.57651799373773,12,62,.6335633135275645,.572181337298453,1,71.12491185320017
9900,42.93359552552846,12,31,.3246608990502203,.4506386211371607,0,72.4630228009174
9901,37.49462498828022,13,93,.5127598091366364,.4901767279419017,0,76.63588285857367
9902,41.48281979964517,13,22,.3469004972112073,.2181684384375932,0,71.75942059567004
9903,43.37058140674385,13,107,.4449163662234185,.4281529118031226,0,75.39151989869126
9904,43.47120140752158,9,54,.2860779265958948,.3945393358057028,0,73.72088179802587
9905,44.91763869335567,15,60,.3837007128701342,.3238203985994135,1,71.93188764173448
9906,45.14678464823071,12,127,.34426917056003,.218512538498854,0,73.42450654793376
9907,42.87373890342043,11,212,.610043167917927,.5394076407022496,1,68.40771970980919
9908,37.27337401947944,10,33,.3695865740706669,.308641901414756,0,73.96243090470794
9909,44.59599807621745,10,69,.3256699465588137,.4228869167512155,1,74.87476731370644
9910,42.63462437292486,12,104,.3929116214817178,.323753058294059,1,63.68691880303134
9911,30.66827778566048,14,175,.2167128766397211,.3386444318859038,0,69.59863395430168
9912,33.62453468710408,16,149,.3075382266960353,.2652285490454544,0,65.4489040871055
9913,29.84284148705717,17,32,.524763950709488,.5973823281328644,1,70.595935691205
9914,30.06739974384417,12,99,.5304777868298567,.7172654657107802,1,70.0858995487628
9915,32.1547189777454,9,93,.3423268232681662,.2558718601283074,1,71.23807079277366
9916,61.12787297146814,9,165,.5793670505042614,.7223520918665881,1,72.73046521546932
9917,45.46440022498097,12,53,.2709167339614168,.2304888117632955,0,76.71343514300779
9918,44.54661278242602,15,51,.4290366908315088,.7583193661190637,1,76.15024611951738
9919,40.52100386732255,6,117,.5387922303162868,.447626861285871,0,73.36804641278435
9920,31.08252814114359,11,88,.5785996538181503,.7330992638047757,0,77.34352013459892
9921,37.43768656293444,11,58,.4143599662734183,.4223131009485758,0,71.33778881124171
9922,43.63622172876603,12,132,.4529719906413774,.5876001137586726,1,66.83872781362662
9923,48.77448003348061,12,66,.4331215473382198,.4473316982698514,1,73.77464998602829
9924,30.82501241221755,8,110,.4711573473934434,.4535737922766588,0,74.98372791483783
9925,48.20182372533135,9,164,.4881231952994549,.6790679241290897,1,69.84212910640971
9926,45.38579659285865,12,260,.4468577647196967,.553980143191396,0,73.50834993736136
9927,31.22439724483304,12,131,.5457405215751076,.3964372261578786,0,70.85700554000287
9928,43.33979542465575,12,124,.3760242508517839,.4665479851526387,1,68.89051281655172
9929,42.25400418725805,17,41,.4380218670270482,.3653982961912838,0,81.11903717260812
9930,37.98529179989279,12,39,.5904741258736086,.7235117697464132,1,72.95280358978887
9931,29.13188498473705,12,291,.3594934998642422,.4592054165184921,1,72.9745182634974
9932,43.87882882216562,12,111,.6495352560116536,.8668586132054429,1,72.56742643942077
9933,45.04737460730605,9,47,.3218340014708861,.235013274414294,1,71.50992307962434
9934,42.62960194833069,12,67,.540057669218345,.5704279676744846,0,78.01221759131269
9935,42.5059663425552,16,62,.3947593856317954,.3993170676951455,1,68.84780514144941
9936,31.67406073328464,11,60,.4506359462646663,.5958211635657293,1,71.86550071727099
9937,43.13233582637157,11,104,.5225452532313811,.5961291113930859,1,73.11664150131689
9938,44.08919006009073,10,215,.3998732416019795,.2717884240356009,0,71.79797290949857
9939,30.46306870323494,12,122,.6719280741118729,.8852158789782361,1,66.17132577054448
9940,38.21075723961661,12,106,.3941907147264664,.461138803957871,1,77.94597061709166
9941,47.00933936062418,17,37,.3556342083808735,.2511578148769167,0,69.44202359175924
9942,30.83848796270965,10,214,.3254533012385545,.1804554757856883,0,80.93444411857047
9943,43.19092672803811,10,37,.3883471305231626,.519842203171223,0,76.38932903122605
9944,39.52144852398138,12,515,.3591461609363121,.4094081443830424,1,71.71061995406706
9945,49.37984393699487,16,56,.4964475009472998,.4025054625445101,0,77.75974711427384
9946,37.41639231718094,13,85,.5441400975074837,.7613003179763872,1,69.33666531402494
9947,51.62223818339349,10,102,.3186139385155686,.1280473046742302,0,71.90710742107173
9948,34.39848338811337,7,141,.5941573286723489,.4714668302034686,0,72.90121926302335
9949,40.39178601942543,13,37,.6583040160307527,.5229172288585556,0,74.47084882997153
9950,37.27081720126957,13,207,.5706770768757963,.5998966133721748,0,76.84368446483496
9951,46.58796072271449,9,115,.4105860812087019,.4421612782196176,0,73.61980715858327
9952,44.07975239316418,15,86,.3639554311055971,.4295642268217528,0,73.30229236109749
9953,38.52617540786613,11,98,.5015855313730267,.5935586116510658,0,81.40759859747808
9954,41.37853629701164,11,50,.5777610427959552,.6332333860752242,0,75.9175522653626
9955,41.5296910728034,14,125,.456310852260391,.4783597586019397,0,73.13056557259253
9956,32.92393148234502,11,77,.4142958551752587,.4053903479788439,0,70.91652230375568
9957,41.73910714698158,15,185,.652221716822506,.703258020690986,1,79.12192541708785
9958,44.63448935920717,13,184,.4320348782403426,.4453437104320131,1,67.64756831313406
9959,41.45131069318111,15,154,.2712200448107019,.0389545833688372,0,72.78302354598073
9960,36.03958605194548,12,295,.5579186362038856,.3077524559043321,0,71.70816226489352
9961,34.35102086902013,13,94,.5638565368444857,.4191576856022272,0,75.32856364215829
9962,44.00058304046978,10,224,.6191196108904782,.9581162438623103,1,70.1512029733743
9963,45.94072193351064,12,144,.3566919102135049,.315864169953346,1,68.54095643432373
9964,32.98669137361733,10,30,.6160539516263497,.775036804392788,1,65.44206364397591
9965,39.61469433389406,12,52,.4141737833502095,.5923771647531877,1,76.00157657576446
9966,52.8060728599397,12,215,.4401973705749876,.5562422215032121,0,76.60691810336625
9967,44.62113073962488,15,120,.4829628429130189,.5626249498605941,1,69.46591377989543
9968,33.32487085722872,9,210,.6305564253200683,.6441873119929553,1,66.86623269807124
9969,36.02950589883141,10,49,.5407072909072215,.5224006585357999,1,72.76770120873044
9970,39.73116428405222,11,82,.6819405777345959,.5671587459483797,0,74.17537277258585
9971,47.92256047331829,12,100,.4138830187667229,.3414496967786068,0,71.81020580533372
9972,48.30460269639026,13,118,.4624477083692278,.2819117772021392,0,79.20676718440244
9973,38.47123094363836,12,204,.6452283602041795,.6360020834505288,0,71.64663168377463
9974,46.20157743867831,18,57,.4625246015129157,.618948517461813,1,68.30936798039976
9975,40.51709174318123,14,90,.5435418689419195,.4085338196661979,0,76.15699607232528
9976,41.97580597472256,14,71,.5655482704441487,.6352110147125356,1,70.77981106855457
9977,36.18984850054601,9,183,.5362440370420236,.9066251335346508,1,76.90622092924136
9978,37.51527869323631,17,111,.5981404863889578,.7672127215592509,0,78.32620413918656
9979,35.75266606554932,15,84,.4601459389179015,.2846417282174837,0,72.25100197795709
9980,51.20195495496073,12,330,.4690494601771385,.4635503254306879,1,81.47477178768524
9981,44.10926928605264,10,68,.2533112961325876,.3614709007175944,1,65.79787314671073
9982,38.4040505558706,12,233,.4456421672317521,.6735014640340665,0,75.2536359150871
9983,38.58348082362989,12,31,.3141396928117797,.4296260480845087,1,64.45135612110036
9984,51.7556280469652,6,216,.3658929205824322,.1500548011291502,1,65.28427372713223
9985,51.44491102702761,12,71,.3646535885244345,.3307269582753518,0,77.78390138785068
9986,45.74622741281961,11,82,.2349662064166335,.109306567900942,0,72.22530023287777
9987,39.18362205641497,10,26,.4236386766020255,.5461088571971593,1,69.24639910368099
9988,39.26002583910855,9,35,.4574588093141278,.2390366911284494,1,68.19892936724555
9989,42.71088243653698,17,21,.425426775610424,.3618205576724854,0,77.63400593467594
9990,41.79134326068715,10,74,.5822830465629253,.7625044602679441,1,65.38601720850936
9991,36.86324885721331,16,123,.3467379369725039,.3354710583328541,1,69.99489828477297
9992,34.0849325402033,10,62,.2601047790757057,.0445758412688193,0,73.83794954253045
9993,33.77188711214175,13,162,.585266806524657,.7193252774495369,1,67.77879925032336
9994,26.02767736097293,12,85,.1956667771078897,.3568312950472342,1,68.33744640942646
9995,40.07613367718174,9,140,.4356194910356296,.3736851150906105,1,69.81784248130602
9996,34.24357916240223,13,241,.5148844849778158,.6882658030281338,1,69.93833384172297
9997,34.732335828764,11,97,.2974578058428222,.2822544086083311,0,78.71122367746212
9998,33.78367161186191,14,203,.6022398429878191,.5495788506509048,1,69.14832635749411
9999,45.50947684196215,16,46,.5402357191508018,.6089039442723538,1,68.86892096035011
10000,38.86877034848548,12,257,.3643427107333553,.4595437015574521,1,72.61275325440356
10001,40.79266521185175,13,37,.7408467606420883,.8018500637015379,0,78.87211532609817
10002,44.20174546692942,13,174,.243434141230024,.188687443699235,0,79.01384613930952
10003,33.70294550656885,16,227,.3924845947775938,.4878363394879675,1,78.61259357623753
10004,35.53663931290004,14,38,.1196137879785355,.02,0,74.68757940680352
10005,34.03578347650968,13,106,.5787889938878585,.4297798129329826,0,72.54693874988574
10006,31.65362357642739,13,63,.3427614599402768,.3947552457590312,0,73.46556981506714
10007,37.32180234605069,15,29,.4772962931321705,.4622315355035631,0,71.04458179399251
10008,41.52027215629023,12,92,.5143785579965784,.4283725081609979,0,72.79256179374966
10009,46.15836813733821,13,67,.6583449752577066,.6015694234856237,1,75.44889365178088
10010,28.07413164973327,13,9,.4564850191110573,.2661512931401239,0,74.96715706953542
10011,50.51074012874738,8,33,.4118116146981767,.5121841325380139,0,66.12663815632534
10012,42.63307597814303,10,79,.4761164731350712,.3567994673121288,1,67.61240345396097
10013,46.16300590723701,15,64,.3508021672999458,.2734518621408436,0,77.11647966620762
10014,47.54815603053549,14,116,.08,.0282139571415766,1,70.95355352618979
10015,40.17316290605498,11,156,.6330437077044192,.8044139524337164,1,74.03621706454419
10016,38.1029887501135,10,26,.6597776859587504,.7108452380519156,1,69.41480461502876
10017,29.74320692683174,14,64,.3993816143944687,.329983316468473,1,74.69612153480497
10018,32.37943319630138,11,75,.433043673295979,.5196472656717315,1,68.8411899908474
10019,41.20569844345518,14,57,.6704470692123385,.7777297220680047,1,72.29233363406045
10020,34.68340702040715,13,173,.3326387552098584,.4438543874979449,1,72.90586682492105
10021,50.54023869260163,14,70,.3931318321663457,.2374812222579889,1,73.25646185281776
10022,32.45106009621234,11,269,.4633073864736066,.5206611436254796,0,71.73365590795356
10023,32.92698309777587,10,74,.5949291594148987,.7735104746191668,1,70.64168649389796
10024,29.65276249457564,13,79,.4257001438843392,.4788584305881093,0,74.82459532563574
10025,40.53249624817067,13,27,.2687258555274267,.3061357197859233,1,71.41118393688808
10026,37.19536824584902,13,58,.5963008117725461,.704897931552138,1,78.51689707969901
10027,47.63494929595417,11,325,.2955154864831219,.2461311235705376,1,73.49856912733635
10028,37.5277193156967,15,21,.5632682452554834,.4052237032758661,1,74.99657497802819
10029,38.40660071283755,13,45,.5151734959165005,.7639654164516264,0,70.26228556170408
10030,43.56904368927761,11,48,.3293315472350314,.2605873270957875,1,67.3189320166976
10031,45.60410561391765,14,35,.5329745172483317,.7475271552757563,0,76.62994306387523
10032,35.53685689813622,12,88,.5278364642480032,.7142154616882963,1,76.4391810221482
10033,40.8831388419386,11,364,.4562066459786259,.4783536547627754,0,74.46380420892081
10034,40.64054848899858,13,213,.3785855187679562,.1805096969170752,0,78.80580268143154
10035,43.54128400889106,11,88,.6783116196362446,.454558871705362,1,72.21133808009317
10036,45.6039043588956,14,37,.3878338331425518,.4985007194421993,0,75.58430780279808
10037,48.8308036439346,12,79,.5290566152028328,.8476930005652442,1,73.88998296766012
10038,47.29418881406089,12,215,.4716226394083052,.5999092792516727,1,67.16648644093118
10039,36.44610841114072,12,29,.5662118765965727,.5341205793410573,0,79.59177635811299
10040,34.85792580614014,11,185,.5506318782385037,.5417274824188979,1,63.56320025751941
10041,37.93193342428756,10,48,.3937604245985297,.1846157138870003,0,74.19817813040031
10042,39.73279935926139,9,82,.4122860404132518,.4814901507641247,1,69.10392449691008
10043,42.16490368444577,15,90,.2915273744190724,.2936031264650484,0,77.59832252847555
10044,40.50716436691312,12,236,.6115424612627128,.4839797954751355,0,74.09830188532591
10045,46.60512977640814,13,124,.2207407105002703,.1339578002667597,0,77.08885518646078
10046,51.9725308545312,13,96,.3935528695824715,.3312017487229866,0,78.13882339002619
10047,45.99359843106724,14,82,.4249336222667355,.3391871601650203,0,76.24767561766198
10048,49.69528630003659,14,150,.4536517638449391,.3655685018743201,1,67.71022918925763
10049,36.71744274243188,14,59,.5611041786500481,.5961871203164409,0,81.69996687430799
10050,40.53228120149475,9,51,.5132472319386375,.4404284681105687,1,68.98179610488774
10051,47.07560844471757,10,221,.5507953879634011,.4806745132952783,1,68.44380494058761
10052,39.00792782371848,11,31,.404678211512888,.4170619848472703,1,70.24254483645855
10053,40.70378705436388,14,215,.368256351777993,.3724490384544558,1,70.7324793095176
10054,35.9967235519002,12,93,.3333928517266253,.4141395002966551,0,70.00710014028722
10055,37.95292124432031,14,86,.3722383295226775,.341533456492325,0,78.59769603027088
10056,56.09731221508981,12,122,.7338160502120521,.6830330528513088,1,69.69388372235997
10057,41.00650898928344,10,108,.4513780005717184,.5484448767769367,0,72.06863168037246
10058,26.60944612496646,15,138,.4506150567926993,.4677681098928177,0,73.9951786225927
10059,31.88202760442264,16,18,.4702543440083289,.6256233905304203,0,75.19565956389734
10060,43.21514219256051,10,56,.6897444750873396,.7652796208750655,1,70.12528800740485
10061,41.38696547108009,14,75,.6209009365353247,.6047635569171148,1,72.78066577520005
10062,40.42300345114329,15,41,.4176054211218898,.3746834319496564,0,80.55215693334542
10063,45.49092914279788,13,29,.3492146208258721,.4461778763886518,1,69.11540479156446
10064,37.87628714551115,12,72,.397042676934939,.5325569045133399,1,61.56016948247157
10065,23.35409657212779,13,16,.4944323897480162,.4298963470874079,0,73.41124102042107
10066,48.84717557901159,15,113,.6142712860815197,.7843843409252791,1,74.67030286813478
10067,38.27259481885164,9,252,.5085034525659502,.4750367189667659,0,75.88306586540855
10068,33.93726880230749,14,52,.5417503095414018,.5568089961348233,0,72.29258292449605
10069,26.45619563620813,15,132,.3918390435841875,.2903225836120544,1,71.39964393170054
10070,39.9268724276533,13,145,.463124832425195,.4320897795158623,0,77.04823727308758
10071,42.26371857930317,15,53,.4312002559072573,.3930559764972289,1,71.03420162613008
10072,41.3893762782202,16,118,.4301053568590331,.5591526204181612,1,74.57320354029689
10073,50.17140456027742,11,30,.5077917871433444,.5998294802078252,1,68.33596942445969
10074,49.33086691341207,13,81,.592178530172969,.3079817667311273,0,74.93848691093716
10075,45.04028498991792,10,127,.2715960571654076,.2699045684966799,0,66.93955695771558
10076,36.76446756763953,10,407,.5962817191551347,.7456000341977257,1,70.27382018931922
10077,35.71160890865148,7,61,.4103200052211337,.179044505124446,0,71.09575877037273
10078,41.80817440446459,15,136,.3066898375531598,.5881116329404934,1,72.46137525534046
10079,35.57530927391166,14,124,.2817883370018442,.3806655738263919,1,73.25396687296838
10080,28.02672014580092,10,46,.5865011385626465,.6622861366888938,1,70.3098604252755
10081,34.45547261169401,11,143,.4025544723423456,.5249617481456589,0,69.12823257400379
10082,42.93813928481644,7,87,.4897519458629488,.2188051453138454,0,73.6439044910137
10083,36.24582513708151,11,30,.5531588157918316,.5705724968651608,0,82.56840809624995
10084,39.86568662681342,15,1557,.6510287710449838,.6654159072299275,0,76.78374020501676
10085,31.51723536947443,14,108,.3712911775481668,.3537031713165719,0,73.04551147386647
10086,40.14499080852251,7,36,.4583256040211606,.4730550304579257,0,71.35252103634032
10087,38.56250372545394,15,28,.429666587898863,.4479576495823556,1,70.83198060548783
10088,43.83053856375294,9,148,.3453797274931322,.2380697019081478,0,75.81423434410071
10089,35.41801972956761,13,33,.8279869765419812,.7013819053568073,1,70.4429155354851
10090,34.29910563153123,9,53,.3454238827591947,.4727452164101554,1,73.47944983856915
10091,43.07157450897318,12,152,.4289431784758498,.4219877084865497,1,73.23263231974651
10092,45.02223941902673,10,118,.5280627570602429,.5772057044392306,0,68.92693065002199
10093,34.85616861876549,15,37,.2603732641430511,.2514850722228764,1,65.78614718140723
10094,45.28327070795346,13,205,.4928226354700145,.426886413476718,0,73.78545678967433
10095,37.88138095052467,9,108,.5376870496473913,.5154133815312396,0,74.6294132328313
10096,43.95549190964995,12,171,.5008232204840821,.5755444315426508,1,73.77279666424658
10097,51.50482248942151,12,92,.3908993085974752,.597747601025949,1,74.41043688861498
10098,48.0246943005484,8,261,.5027612884815162,.5325418297733979,1,74.39148648381813
10099,50.19078516070677,15,140,.5705073129444683,.3412549784326614,0,70.25400219591775
10100,39.22814179062331,13,88,.1437106661711849,.1316338058793782,1,69.32818490929526
10101,38.33702232012148,12,49,.488154331680927,.5744911168913434,1,69.82315059432372
10102,37.46714278687944,15,168,.4428093946197639,.6000875964572531,1,74.67595143555991
10103,37.91076010968235,13,45,.3838066312596722,.5198172749072777,1,73.07357958064729
10104,31.5735516652103,15,42,.389262052265731,.3011543653963937,1,71.66492276414789
10105,47.45588585647132,14,73,.4110534534031562,.362760569690487,1,69.54427556761364
10106,40.81001959783946,11,64,.4935017130226436,.7191980741749739,1,76.34905969415605
10107,39.81081685896478,13,100,.5031702192707873,.6078129729887328,1,69.55153219851704
10108,34.69964900845707,12,145,.3358165716553472,.3087391232009871,1,75.89277963136428
10109,50.57405877604106,10,144,.4822493798083262,.4929796538782054,1,66.61565470069817
10110,42.76590159332883,13,27,.6084639328966129,.5531486503862579,1,73.99061821468665
10111,38.21400910734979,15,141,.6064177362309131,.6108696461748788,1,61.26964924938569
10112,33.5398919762363,9,176,.2140757904159286,.1402607579443987,1,64.74382073699446
10113,43.34861619835281,15,61,.3924546462073253,.5344149584638119,0,72.8811263855748
10114,30.03142133264793,11,65,.5023576318437881,.5635534882736192,1,71.36870616234995
10115,36.41917667466051,6,158,.5976440859151773,.5968305300711579,0,77.68770970770348
10116,30.47024601491887,12,145,.3887804419699581,.3762615531245245,0,69.70915088038755
10117,44.6362501090001,12,80,.5328382184767394,.5969041223182519,1,76.18281373203894
10118,33.49193798415729,13,54,.3711725059623561,.233359500634417,0,72.28684608313451
10119,46.98458008512539,10,134,.5088271010522314,.4608972793694368,0,72.2550336394424
10120,34.56227560903854,11,37,.5015038110374136,.405912010660872,0,68.00552507320339
10121,44.31535385361302,11,36,.3241845038047392,.2302812406209033,0,77.82209286091381
10122,42.47614323741341,12,284,.5918065294727735,.4309923559757305,1,70.134691328177
10123,33.41961441171351,12,161,.4536324915504418,.4485162702457979,0,82.62800715126659
10124,43.49441415898559,16,444,.5636166514426387,.6649458699125685,1,72.70161710261931
10125,37.71370406813581,9,86,.4953420690064545,.6276077105473473,1,69.53907884047858
10126,35.69147127183199,8,92,.6159921868364343,.6743802562546605,0,80.14030428144292
10127,34.90769791372053,9,152,.7078094382094937,.6457330455927649,1,68.34611112707631
10128,33.88751916210902,14,152,.45247013411884,.3080981487133654,0,71.21245031425269
10129,39.12275881377264,12,78,.5310201521789972,.5166164006211662,1,71.92302997224215
10130,35.59480475489619,14,62,.4981202624352613,.4754613679114491,1,62.65968603254996
10131,40.58635383731399,14,51,.6114047704775671,.6966988871190716,0,73.50474629503428
10132,35.14579907876583,11,63,.5984342538695274,.3791084234404453,0,68.10061705106072
10133,47.63670440649351,12,33,.3841501913376307,.3763462589840482,0,75.12009677168031
10134,22.51789246271677,12,114,.5592030765559073,.337541007264358,0,82.53924988682857
10135,46.94970172151906,10,66,.3934202560035495,.4132273207028746,0,73.59586591579901
10136,26.00032695674802,8,91,.3550552443767012,.3907773733982577,0,69.69980522757733
10137,35.0670379602216,14,204,.2708355699991865,.0303610124634421,1,70.88341519275603
10138,41.99134652559221,10,111,.6665785271999933,.8538557770387423,0,74.52095342078199
10139,34.54025452801664,13,55,.4189317787336484,.4962151945822318,0,81.35268169030134
10140,42.30331258161161,17,70,.5396627935032613,.6742962585125747,1,79.83654213972613
10141,39.6591523120856,9,66,.1812356936842941,.160949455738009,1,63.94933675360428
10142,38.39891539539505,8,23,.3620409972593123,.4643854377384899,0,73.700359063191
10143,44.87273663486886,16,99,.4765867541270615,.3850900565689479,1,71.49827839535163
10144,57.37824072206208,9,376,.3936713847255739,.2245449770489172,0,72.04590984013375
10145,48.4280590257389,10,79,.4462457126685461,.4458016794735232,0,71.59691528544242
10146,32.68339157010017,15,249,.6402768566457337,.6365706167415237,0,74.3825712397495
10147,34.85388373817168,15,38,.2754332248716052,.3197824760386361,1,73.15533135934903
10148,34.82548051292796,12,81,.7105674950849143,.6704136350298101,0,73.19573486613709
10149,44.15329946699241,8,22,.4211479391035992,.3499954858874421,0,77.24391283002326
10150,46.24583800562277,16,96,.5130428586232303,.4851501317881136,1,75.72755571098349
10151,42.9733542923004,14,114,.5819109432449679,.5994763135639142,0,74.2878755954694
10152,41.63863247260563,13,40,.4433949592715439,.2942482460186276,1,74.31301773982992
10153,42.49292607410683,15,44,.451000016180501,.5117187720825375,0,74.73965594996027
10154,44.35269621080712,7,21,.6437318909828827,.7088177384744622,1,72.51098767702783
10155,56.14724423265761,16,73,.284578944865036,.1229759707161636,0,71.22124093072691
10156,35.98538815239736,17,53,.448195803668169,.5376717502257581,0,72.13234286672996
10157,44.34922433264348,14,69,.3972480106510936,.3851404521102831,0,80.11772279315269
10158,45.69106967176919,10,144,.4047829920554982,.563486910311802,1,67.51625239520889
10159,41.40358112215485,12,170,.2628070782227752,.1360493019207691,0,73.59398487046741
10160,44.58511238971696,11,51,.4093573517561868,.560629929407185,1,79.43199289692382
10161,47.67884527921314,10,38,.5033156273333421,.354893076513475,0,76.65010849298899
10162,40.95146085047573,12,162,.5024934121215263,.6387987867138234,0,70.65963222550199
10163,48.9174300490777,9,157,.594416176398231,.7572373994607997,1,72.45861591692724
10164,36.65848406448954,11,117,.4667365352432831,.4306310021591198,1,70.74976475404713
10165,38.37797836151021,14,135,.2536214727164044,.4274738602404076,0,75.00491235181688
10166,45.23177616468333,8,143,.4672819693711739,.0564786039648033,0,70.00576773751669
10167,37.80237338228604,14,85,.3879247939994945,.5735160969315236,0,76.65223494203812
10168,42.75652212293591,15,121,.5043992043503551,.6348376605690019,0,79.29854610117745
10169,39.58897859200636,10,127,.5157335574488314,.228166681342503,0,76.30122624107059
10170,54.53749496243892,18,152,.5802240132526723,.6831004766173897,1,72.60012757227372
10171,41.50102306452492,13,32,.5899966393370218,.4611020098905355,0,79.73593626096547
10172,32.9915629174421,12,96,.4244495230360089,.4769412609313756,0,67.22211321952463
10173,37.8835795617479,10,46,.4508083607544643,.5724691881126434,1,69.28383465911861
10174,36.03616864363798,11,77,.3569914696813934,.4146052980342637,0,70.23327638923718
10175,37.97277842677439,18,55,.4507302773556633,.7223580797078706,1,65.87581762068869
10176,46.75121254387757,11,101,.5004972242709754,.6447837663621274,1,68.83552090589711
10177,43.61572189277237,12,16,.6025671023166093,.391746803219307,0,79.1914646703559
10178,29.24098499212536,8,63,.6541516800751502,.6061266228701974,1,63.81392531531436
10179,40.06212267454205,12,256,.5169489138599483,.5324230932395735,1,66.27077998610648
10180,38.86622537842127,14,54,.3908888025111832,.7054034983097965,1,80.59500333513529
10181,42.63812574228303,11,160,.5385819489056389,.522341491194922,0,70.60774581531533
10182,38.36450694950626,13,87,.3082274526405884,.2762456515585736,0,73.72440694574176
10183,40.50928102348475,11,68,.3530747567754964,.2656126849858552,0,73.91707969443159
10184,35.60595691382349,14,155,.413938263753133,.4670817737462348,1,72.63754516875012
10185,35.83952053352971,15,195,.7795118439141375,.5614219799708394,0,70.47147237871216
10186,39.58695778113315,11,49,.6188751675272888,.6220392723005499,0,70.83112177988646
10187,36.63089290369182,13,200,.6285511873046936,.5439752366263341,1,64.95344386316825
10188,38.90804769967872,8,70,.3934824604964267,.1887533805465917,1,67.76847732937283
10189,47.30710354488148,14,71,.4673544757820802,.3926512261804082,1,69.73935559902546
10190,36.85870938691438,6,104,.5403103825369472,.4842763757051561,1,71.29684151460459
10191,44.04877703527915,13,266,.1771820434515214,.271689706502684,1,68.99386068365897
10192,34.08309330857518,10,39,.4995197083235576,.5015156808067169,1,68.18547972083238
10193,34.20669682982361,16,33,.406665752447696,.4386561116369835,1,72.25162039335848
10194,37.16887314568132,11,163,.6391346877928686,.751858056632335,1,68.47625870858934
10195,25.627874440364,11,81,.2603286582333428,.3137466411270461,0,78.05276601193519
10196,33.86147922195349,14,189,.456444479785972,.3601559560444542,0,77.06570613689685
10197,39.56412860516448,11,299,.5436136959317047,.8223471948497334,0,75.468028379784
10198,32.80956938476395,13,81,.4549793592897756,.5273463184040463,1,64.67265322276805
10199,39.62991120006964,11,192,.233881088933982,.1813082525614317,0,75.19753291597181
10200,40.18181806213287,8,32,.3598443948580807,.3358613754094993,0,74.027445490112
10201,47.48758188784191,10,55,.4573211332635578,.6266316224571458,1,73.26400866582352
10202,44.92172029072216,13,82,.6142139360907102,.643045823715454,1,74.42702992707422
10203,34.6160768177687,10,103,.483914565912834,.5030938727079484,1,68.52505320223092
10204,40.84035700155483,8,54,.4874480747468086,.4273966228133515,1,65.65233887846027
10205,44.63937198740286,9,92,.5266586171884862,.6313938464849637,1,68.02054879229051
10206,39.07878284546159,12,41,.5329883793755638,.5928811037923249,1,66.44057936485285
10207,45.12578857306042,10,195,.4830028979766433,.5991848975301716,1,72.18616327400986
10208,34.34097448660685,13,120,.2774797654503308,.090523527404328,0,71.04783277164724
10209,32.90908287450546,10,54,.6242590654606159,.6085308470524385,1,72.43299820536363
10210,33.83443502622125,13,51,.2950296069917659,.184066065834474,1,66.60302929880586
10211,44.26265055221681,11,59,.3959307210450483,.2467970536407064,0,70.67341469286113
10212,48.2581822624181,8,61,.3436759508876858,.2172324165662973,0,67.39924081229404
10213,43.56718957855053,11,63,.5323348705812629,.4982950970172412,1,76.00250906226118
10214,35.89724376437173,8,83,.4987054470097985,.3770144085993306,0,67.3045312880476
10215,24.88089047344113,12,54,.3688699678699582,.1558405842165459,1,69.40734954445968
10216,36.93763940643127,10,67,.4941821608169116,.5756774393092888,1,69.44754534240273
10217,35.36469663773057,10,245,.5542581193961627,.3967736491076631,1,65.19066240271482
10218,46.98664732826921,14,154,.3472731577872804,.3697300207237578,0,73.22029898012136
10219,36.57025641389387,9,105,.5430670661303689,.8266902647650978,1,69.07112305775159
10220,45.85849698559598,14,176,.4593440988709465,.3648201411782288,0,76.12736748340606
10221,43.816887912128,12,203,.467347519512616,.3580936125603314,0,78.82470064702119
10222,48.76974462459573,19,49,.4318380250131588,.3993632349047159,1,70.77444655237346
10223,39.23280397643012,13,127,.6002365640968798,.6081994029980681,0,75.35486264691255
10224,41.91496161362527,10,200,.6571482084708571,.8541470571479926,1,74.58288712964206
10225,45.8985564765378,15,62,.4073288331023758,.1862821946629297,0,76.6998990051126
10226,39.94912466706334,14,272,.4490919947302472,.4133175271910861,1,71.4869712243634
10227,38.8193896025059,11,147,.3883504213009646,.4035949613981257,0,75.30455997442415
10228,34.74532059862712,10,62,.4987575040470216,.2134215380411904,1,65.53429010474393
10229,46.95304369423228,11,174,.4423647771709295,.5689021129295709,1,68.78102517166732
10230,45.71826918551967,13,639,.5037865059920055,.3934718423133736,1,75.44618171051502
10231,39.62635189519846,9,135,.4168379800531503,.1252498895338807,1,72.83358181567748
10232,41.65740754338002,10,173,.3106918017693752,.2283083414368177,0,70.46198370376827
10233,41.13025718855124,13,177,.3666652488148534,.336984775956807,0,73.55056595076826
10234,38.47504416072719,14,111,.1754739414341718,.0722654911415389,0,76.83206015076945
10235,37.00253496594087,14,230,.5510894992900879,.8791254594143252,1,70.31928417054333
10236,33.7435974947882,12,185,.3351880422994809,.3144396357834242,0,73.75801041827964
10237,29.58489748092615,14,338,.3381763685432235,.5990511196002177,1,68.63814142357883
10238,28.92693801449435,10,67,.4067046354134735,.2541968907802296,0,75.27689491707606
10239,40.61795147666839,7,122,.417919521195931,.5426184495323451,1,70.72760035218386
10240,46.74222156740682,15,81,.4067006573042505,.564505513681083,1,71.8254568102
10241,37.82279194875601,13,85,.3096618760873233,.2419312086957746,0,75.9541936850428
10242,43.98549669906749,12,74,.5079381235581596,.4382291597003679,0,76.38287630274209
10243,39.94750366380205,13,144,.5964313824984283,.6333535446907085,1,70.22010368212439
10244,42.40652876041049,12,24,.1690581751524406,.1463849280875363,0,78.91822943350871
10245,40.52455006492423,15,99,.4824071082497544,.3553248909862651,0,71.6961605926752
10246,36.42017337520408,10,71,.4083557029400887,.2766767233478613,1,66.1384690491749
10247,34.9141550203688,11,24,.6098228258506353,.5045814253950068,1,75.89447788714732
10248,27.88503585990113,11,66,.405833210615626,.4241069503218657,0,69.95056957719807
10249,35.485161888939,10,211,.3533227511455066,.3443103502306311,0,74.22110417797383
10250,47.63851339108916,11,53,.3811405653011046,.673254166518485,0,73.70385263264987
10251,43.26396538645167,16,120,.5608761627532438,.4990228692452479,1,71.78488712998966
10252,44.66081459446791,16,78,.4150555857218313,.4058618137072733,1,73.72215274444704
10253,47.48014448218719,12,101,.2188798032614658,.4063579403331351,1,67.50427988861017
10254,36.80510933331124,10,76,.6072964140447326,.6278203523921909,1,69.83804720061958
10255,29.04398090167876,11,111,.6615975892355344,.7513300384370654,1,71.11705732391547
10256,30.20157601447178,14,21,.2066090307669227,.1967652964674673,1,69.31024787336779
10257,52.82630280747417,13,73,.502324964440914,.3614586827753953,0,69.07823518602505
10258,54.88170147484477,10,48,.4540896092911718,.5063604432266988,0,74.55803234441954
10259,43.08250977165569,12,173,.4375096009290644,.6681548058391726,1,72.49482856482766
10260,40.92134668248144,13,227,.5483509326544875,.4504702842355671,0,72.62286937943277
10261,37.07990842152461,11,209,.3812159776342509,.5827071668551445,1,66.97184906612894
10262,43.34450700404778,11,71,.4740224513653787,.7346943870008326,0,79.7249419620848
10263,38.02984662832169,11,259,.5335960990426991,.526116265355341,1,69.58825032657225
10264,43.70354719015283,15,90,.544970668000461,.3784992547034979,1,68.94907246439824
10265,42.37712187427467,15,20,.6205256282624361,.696416355452451,1,67.46004953193587
10266,45.6504329690186,16,22,.6483083986433156,.98,1,77.93922028924484
10267,39.11768625814086,12,205,.3360938918006101,.408352795063599,0,71.29658154081267
10268,44.34227551043436,10,43,.4638421626061691,.3470605847991901,1,66.73762413912458
10269,40.77865101443995,12,57,.5483325234154057,.5227353286025953,1,70.65115441765603
10270,45.35271324715084,13,119,.4896405177677053,.4613585940183494,0,75.63459778204823
10271,38.88044019223624,16,80,.4494904406080145,.3683582801320545,0,77.89935455966614
10272,38.17225323305551,13,249,.3741813442631272,.5576278889818364,1,76.63733570179613
10273,34.44775659041818,15,38,.4150626702630952,.3553316229113262,0,75.64247254880372
10274,29.59418240051393,9,151,.3543608236028273,.3661591647892493,0,70.76441181424036
10275,38.03570642817899,16,164,.418302201985441,.3193043795267974,0,73.08315625726522
10276,39.56005914986905,11,337,.4647841289986114,.6482894056438968,1,78.32923777419323
10277,34.37215242994539,10,54,.3195240144313662,.4585959915663779,1,62.71690529898982
10278,41.94480218730259,13,48,.4834446633625381,.6150834001258239,0,73.10913822828414
10279,40.9743433561334,13,64,.4550987624593721,.2664093168617211,0,71.01575967067077
10280,27.77839678852742,10,37,.4257446817102306,.4107136171041466,0,71.67959876217394
10281,40.83338884061901,12,96,.4323593161583624,.3532502542270969,0,72.94909206424207
10282,36.27513487601181,12,377,.5259780034516546,.6350949312314217,0,78.19591824122614
10283,40.52132964336425,10,129,.3690226631536983,.3614723930366535,0,69.58946497012319
10284,42.392492095999,12,50,.4142006041309882,.3872536575228513,0,73.75130872509902
10285,32.92662805145733,10,166,.5450229817015442,.243477313151601,0,73.30774182350606
10286,33.94719477873721,15,59,.3702732519555534,.3521717021991232,0,76.73562104791489
10287,41.71454268410504,10,115,.470062947282762,.5658348639810405,1,67.05165682906394
10288,44.70036889021188,14,214,.3658031039755418,.2082782728333149,0,74.53155630666906
10289,41.10451034628105,13,261,.470740558540052,.3008419142686561,0,78.33202026664721
10290,39.13935335992255,7,126,.6281096871523305,.685215520995502,1,73.76277805190283
10291,36.47636338270459,14,135,.3903825902376623,.3474336224459607,0,74.49895930962539
10292,41.83913376829599,14,161,.4604392911590875,.3409093796964328,0,71.55423288662044
10293,33.08411436899032,7,77,.4867384764516726,.3896440341678288,1,73.02472994350622
10294,34.04860623003439,9,118,.7776031145901445,.6271114356681873,0,74.23075517173129
10295,30.98388367394765,15,299,.4263300903327658,.447859814413382,0,75.99921785853456
10296,43.62857908752571,7,76,.3406878776873243,.3233205734223796,1,62.63422720489685
10297,30.17269957186227,10,88,.525213331230447,.5314397137200298,1,69.67706453954406
10298,32.2946518360278,9,194,.4129744028439588,.3500470319648403,1,66.43560876440985
10299,39.78475794536688,17,173,.4395871522598129,.5322580842391902,1,78.94259146710506
10300,31.2017833233804,13,123,.4450633146012758,.4768224225409465,1,69.83584655293582
10301,35.53227482961245,11,212,.3980513236958887,.3356396120145872,0,73.92696326257365
10302,28.78100737707299,16,216,.4631098411184286,.3921420961363833,1,71.87101464641808
10303,52.86138464846528,16,240,.2298770028821209,.2364371425678174,0,75.81378861225043
10304,44.29293349087687,10,161,.401323717838836,.3470647812879999,0,76.60006097629687
10305,53.51078859880319,8,239,.5600323493718435,.5146547796442329,0,75.17161721035224
10306,43.28238951826454,9,64,.5686164375276203,.2486310879963211,1,64.6538921156647
10307,36.74275712949371,12,112,.3107505860790257,.3230945556810012,0,83.61470588402433
10308,41.10454827570966,10,188,.2808848011250687,.5311265437644712,1,69.99907623064828
10309,40.34790221448473,15,81,.3866843533570613,.2079476917526321,0,74.7128062554396
10310,32.9035765243748,10,59,.2672161359414394,.229094423166326,0,71.53598782307287
10311,39.05855461939531,12,91,.5555852754737525,.5000150254275437,1,76.00693368704503
10312,47.86793161714353,11,126,.4703885303990272,.675657136054944,1,69.29310943264322
10313,32.65846047081117,13,33,.2071286336647666,.3002593891420953,1,66.28937980558538
10314,37.95389994403418,13,31,.6119577790597258,.507914411783012,1,71.73372467041966
10315,43.85041047214172,10,89,.2823493745710476,.2446056272602829,0,77.71988879514704
10316,35.51813629132844,11,46,.6754757925490015,.4828291669661527,0,73.96344986143421
10317,39.50781043162142,11,166,.375514220218301,.451173092593449,0,66.79619302900672
10318,32.27810926995048,8,133,.6520362206595332,.6426788903037757,0,83.28188475594673
10319,41.14477196134469,13,28,.3500888931980792,.3785854718728286,0,69.29901209754037
10320,41.66296869769637,12,49,.3173080977381593,.1207812395037775,0,71.41744278361861
10321,41.73944839653524,9,90,.6088674404959283,.48694548191818,0,71.58944503511373
10322,41.00487169333849,9,52,.6348451991014044,.521707372014821,1,73.57870110859662
10323,45.36804069658804,15,198,.3895660395553698,.3537751727530138,1,71.11289522928287
10324,25.98683215535432,13,99,.4549228762925819,.7509155716168376,1,73.27226279796761
10325,42.9301752268397,11,221,.3812087697270712,.3106637109863866,0,72.33520120365846
10326,32.40058862613415,14,36,.2941220158836768,.2576234143838212,0,73.32380189885167
10327,32.47786241959442,11,45,.5031359327734166,.6998214238698777,0,74.66078385695104
10328,51.86979065213042,14,64,.3649533190954882,.3135272686031956,0,77.84098128861592
10329,48.68982335898154,12,60,.5812347744444022,.4341907306530346,1,72.18240285981643
10330,44.07749385968526,13,530,.5030369938289281,.4611156294258398,0,69.77347156906117
10331,40.1995431028438,13,99,.3646600419330505,.1067170739960817,0,75.89333131321442
10332,31.77439576096639,16,212,.2349015753731675,.227257446333216,0,74.6397346348264
10333,34.21058790103197,15,108,.3433026016109386,.2870050383332323,0,68.78642136202382
10334,32.15349657599917,12,63,.5320496714479572,.3553015757395135,0,76.8828572918835
10335,50.06536875239786,11,40,.2925354780144137,.4379306215703557,0,72.08542305215941
10336,35.84971557547112,12,95,.3152592687990967,.2468464826810668,0,80.52904280091646
10337,29.80245819607288,15,55,.3035252092179922,.4256230811553743,1,68.79915741267645
10338,44.72165118065762,12,41,.5026111572157216,.3780425522529313,0,70.66844812695545
10339,35.90923298539278,11,116,.5413199454344048,.5655909099828857,1,70.61166711109654
10340,38.46784714182738,13,194,.2026164680350862,.1498223805016314,0,73.75035247649463
10341,43.04524851232522,11,134,.4195862012680784,.5136301433436962,1,74.2310089467508
10342,44.94282522718655,10,16,.6511906818700879,.7787505188493913,1,66.14852223951576
10343,35.85175190398068,14,160,.3043345485616142,.2499746455157014,0,71.78975968841172
10344,39.67890878926406,11,57,.3633771494949758,.4125431360943914,0,70.51700261064606
10345,46.06480653269215,16,55,.4226392195915641,.5133017361360206,1,71.59505519623454
10346,50.8028572455133,13,68,.525853219899569,.6526032099366581,1,73.84304044081908
10347,43.83277943168638,11,66,.2187105365538543,.1292351917409116,1,75.12667070539374
10348,37.87751039913164,10,165,.3574968539619136,.3472671489291541,0,66.94693924547808
10349,41.94172952928392,12,345,.4519882726765548,.2196078319017645,0,75.57964760144273
10350,37.60828261464584,11,147,.6790676257823448,.6623257194011871,1,71.26060311770722
10351,43.89707447848922,12,138,.4205368911931677,.5629017202765565,0,77.25288670832494
10352,42.5554837417824,9,116,.3740548634197504,.2509440360741574,1,72.0455699302827
10353,31.66236728120681,10,111,.5583877083671982,.5191186494910661,0,70.43572799072882
10354,40.12154196776358,9,69,.5001541562282116,.4709410054531175,1,75.64972556327318
10355,38.40628809388506,8,147,.2919504904471421,.2603034875062409,0,73.96588634555047
10356,39.11425133323377,13,59,.6015601862209692,.4500311440517014,0,81.78398026579488
10357,43.917417306841,11,91,.4630148174249652,.7484349153382275,0,73.99265004699785
10358,48.43208767157562,6,239,.4012063604410994,.3909032020026178,1,70.72220729520973
10359,34.38278534097078,12,97,.5272015953134206,.4175694109765811,0,78.38132611697387
10360,37.40536461620905,10,95,.3766141695469187,.4377896325751586,1,68.96770781406312
10361,45.83613277716778,9,82,.6414542225622848,.7397308340881483,1,71.38724682629844
10362,34.62921540608588,16,123,.2993018424903309,.2430427318850822,0,72.14994224361493
10363,59.21117338002071,13,315,.5737151475974387,.8109022466275533,1,76.18045985018979
10364,31.5931144007369,12,110,.5034647019756249,.4338073616045904,0,76.47140417565375
10365,41.05029729060724,13,100,.5931792955368511,.6242768685871274,1,73.1151528851078
10366,44.84657909272691,9,105,.1543340531799629,.0716794325942322,0,73.18230709018277
10367,40.5522269488903,12,36,.5994623008073974,.5696296562713558,0,77.52158678073951
10368,43.8705217056695,12,81,.5146243339735199,.436659032305868,1,65.95733641173432
10369,37.37295879588586,14,64,.347246967448368,.6316852036100716,1,75.40862512405893
10370,34.71911020136618,13,90,.3333279498624965,.3513354963904606,0,73.47224271256979
10371,38.31067027283537,14,79,.3749578855799375,.236089942933568,0,74.90634898093455
10372,38.89194647415926,14,113,.6075900062521626,.6324438065495925,0,74.42801330520612
10373,48.65836247487688,16,59,.6137463494413296,.785421078434865,1,70.42995138480569
10374,34.38389354925224,13,133,.4605652758830732,.7879453418586639,0,72.93242886950858
10375,41.15762113070788,11,173,.4636255451791619,.4865950938777145,0,74.47237205522275
10376,42.23677209123485,11,73,.449214273152196,.317257458144955,1,74.85601408663314
10377,32.02467964233088,12,74,.4527415462072925,.5895625776537103,1,65.04359417660612
10378,39.0969792622704,8,45,.5315200774205376,.6187602649929499,1,68.6357510882256
10379,36.62931031767645,11,113,.5605541700214683,.6371877530303831,0,74.60887271294185
10380,42.1248140861894,9,61,.4844621684682665,.4760796466341022,0,77.45720842937934
10381,50.54137401938166,9,39,.4081573796636131,.4128640173956495,1,65.5378061581735
10382,37.48115177046562,8,116,.4764366056591168,.121080945898466,0,73.87799217121038
10383,38.7854904140247,12,31,.5467656680599409,.3506741518346564,0,82.41611321508314
10384,36.70291959108459,10,114,.5012885188962234,.2972926953172992,1,76.1561781563569
10385,37.94866376961891,14,192,.2963219602998564,.2349948699672184,1,71.64148116956969
10386,43.72099158570981,10,146,.3973962585721524,.5895752618482211,1,67.0420129344466
10387,39.62651959667529,9,67,.6235374822486242,.5637390374201551,0,74.18396323214932
10388,34.93253887963618,6,39,.4714601007812183,.4237294961246286,0,66.26935420334941
10389,39.72080117048505,10,87,.4430336724240095,.6430309824075298,0,75.00517935732162
10390,43.04593620427205,9,55,.4116512631179161,.3456671593203974,1,70.50891201266141
10391,41.36324856452759,10,248,.2011430658776752,.02,0,71.50412349883752
10392,40.24034584027613,14,174,.2616984738260844,.1754491773628208,0,70.25051149066415
10393,37.34631298325387,12,107,.2686387161745536,.4275500915162588,1,67.90820984236028
10394,44.66323380326853,13,189,.3575485663205689,.3335718911959063,1,71.18386288431037
10395,47.00931359488021,6,117,.456172048456499,.4390287264037855,0,75.59812884430721
10396,47.40681437018211,10,36,.5720815175353483,.7306429659429317,1,70.88226299629812
10397,34.76312177841353,9,83,.5680031889359289,.5119815376256877,1,68.8040965029938
10398,39.96458090519142,13,183,.3733108512083774,.425266671483476,1,72.52850601815976
10399,27.06128894623414,14,58,.2480865274628138,.2993828507830353,1,68.22113291316869
10400,38.97558621559667,9,59,.6038486111533827,.3825394127388788,0,73.48109058426266
10401,41.08532434404331,14,112,.4408098462799279,.5709803265012623,0,81.58112607421585
10402,32.33435848955122,8,10,.4773028803305669,.6566078810718572,1,73.99836807698054
10403,37.61387203843044,15,84,.4025337533702931,.3423895768956905,1,73.90528192994284
10404,39.34140857521054,14,113,.5253339685450484,.6108587703468052,1,68.22139128071603
10405,46.40856843245024,7,201,.4841583150002564,.6062401650070932,1,67.41374508550859
10406,45.44645779514255,12,86,.3697873839529844,.3329219353046679,1,65.51409203577566
10407,47.81561613530542,15,315,.4859660918332246,.4695219189516513,1,76.05214748066111
10408,33.78060419811754,14,85,.5479059257674114,.4883489505024657,0,73.97439370721972
10409,42.62658676832599,14,123,.6671365141258542,.5582739806250483,1,69.40832185085182
10410,39.07702108423364,13,65,.6559947244703339,.7345063709155653,1,75.68379737825354
10411,42.4146367420544,16,124,.2990488127266454,.4081595100726187,1,77.00605450492594
10412,38.01863974678926,15,367,.4769634259192272,.1335109987545978,0,70.19860011863484
10413,33.87952818234619,14,310,.5137841954003829,.6321957770009773,1,77.21859849983746
10414,33.47291328944998,11,39,.4581827085950572,.3930283511220907,1,68.03677420801186
10415,45.5246148072284,11,97,.4676048664019767,.4251764177936048,1,69.92989854760481
10416,39.68403484221004,16,180,.313713681493291,.1259003254286853,0,76.43968367583663
10417,40.45446094812969,12,263,.5185274034596588,.2968908967551293,0,76.53640182385904
10418,42.31810738749309,11,86,.3920822738716502,.500380796746432,1,70.68851719057831
10419,39.02750760676867,10,103,.5825446173208881,.6473426980087031,1,70.53218556256125
10420,39.62003880788035,11,42,.5678699510579545,.6320964282016853,0,75.22857331511047
10421,44.65848321314862,10,345,.3109665901140697,.3115993624044207,0,73.1918749611763
10422,37.3742266089377,8,76,.3905518422536957,.515311347586934,1,74.24742746830402
10423,31.167539925063,14,44,.3704085580246682,.2228326784534172,0,73.93316739483518
10424,33.45009562447863,14,136,.5873944894815599,.6096015252825556,1,74.98830779528821
10425,30.04143425423511,13,156,.2762618871002059,.1565020835612697,0,84.57863352332639
10426,40.61307304353761,12,41,.5591555112847322,.5258947469100376,0,74.95361553946832
10427,48.10602898599024,13,30,.3888158540018184,.4947896569642968,0,74.26694622240655
10428,50.88641469226553,9,108,.2736532164241298,.5254097394202202,0,76.34787213137348
10429,47.26546641924928,10,56,.5146356389347398,.3019331444053255,1,63.1820918833901
10430,47.89730773116935,15,152,.4969374255905438,.6710954609050331,0,80.7732067948247
10431,44.16811308201184,11,66,.6300022889433639,.6253758315437825,0,73.34254217415548
10432,35.48363697806985,10,38,.5379572985617695,.6066758057592224,0,72.23541894689164
10433,43.35311546897752,15,48,.6651744040849833,.7755470156048334,1,64.86682007856827
10434,35.66276196681942,11,34,.4578930468530295,.4497217096765054,0,74.74741520416228
10435,40.28380918909931,9,228,.4010144983293227,.4046929123104778,0,67.7315888659268
10436,29.50588495671843,14,81,.5463787895141153,.6588223287008055,1,70.93078529337647
10437,43.6248506672779,11,176,.3687489316580607,.0916421995418915,0,75.25229018434074
10438,43.63646552824803,9,89,.31726009959268,.2887192675679255,0,74.53551959135481
10439,35.06423153796799,9,191,.5043213280837032,.5646095868563297,1,75.25191184476374
10440,45.05091137531526,17,146,.4228358457659324,.2815632554928155,0,74.11743184700914
10441,47.56371405764334,11,211,.3686813892637803,.5512465105133304,1,72.82172944005454
10442,39.442764712225,12,48,.6018108218998077,.5804024504633104,1,68.63836170130897
10443,37.58631149905383,8,131,.4136187105682095,.3368640404931537,1,69.9058974580709
10444,48.50857543538856,10,130,.5302633757685479,.5369598338253163,1,76.49408870545989
10445,45.99245046927096,10,61,.2159901974604985,.4823806638796271,0,75.24485675455441
10446,35.12318381178761,7,711,.4917438592340575,.627689358979691,1,66.88932401963848
10447,41.55736412074835,11,74,.390277765017377,.2509944948325827,0,82.57706260547984
10448,41.50558645394023,16,243,.3032272262745168,.3797707459226853,0,73.8377136213209
10449,43.56025888064246,14,49,.2852045156788024,.5686778239703614,1,74.120622743719
10450,38.39754934606917,14,206,.3511313264398446,.2513360241135797,0,71.61514166864676
10451,44.06475986709945,12,236,.4628711115153433,.4076617655828933,1,75.26678443523498
10452,43.17920533953831,9,43,.3124082037535288,.3010129507996023,0,72.34929482127092
10453,34.52315585875429,14,99,.5688390234366411,.5100718202486928,0,75.04334320169872
10454,34.2607435590388,13,93,.4267204873697579,.4671326538575207,1,67.33436276271466
10455,41.95937751686726,11,29,.5669065151422258,.6531090254178905,1,67.60359088542621
10456,49.12614606751583,10,142,.4208469702076182,.628920414014951,1,71.28797277032467
10457,46.39832342815554,16,167,.4199991070080501,.3641432793854845,0,77.23786777839081
10458,44.20616777620624,10,905,.6492183157741231,.4761213642957768,1,77.34177252384096
10459,51.78504619459522,14,99,.4565312557832223,.3545835014262985,0,73.30879275186069
10460,41.66856432811586,9,50,.3883838018110032,.3459245860381137,1,66.658636680043
10461,36.14694536101229,12,89,.455013938117285,.5104893194265319,0,74.59088647903832
10462,29.40716557549331,17,93,.384140277476128,.5130020087817666,1,79.71654540980346
10463,43.62636591438823,11,63,.2418541015021804,.5654800864024659,0,75.1933606378451
10464,44.72337879300902,7,39,.532135730469054,.613507104442601,1,75.03454209427036
10465,36.29377309941664,11,98,.4178729709957648,.0666014757613789,0,74.37995010251835
10466,41.57243743823019,13,121,.3938510819142659,.2700384167524729,1,70.27939225665538
10467,41.21227364598188,15,57,.4854269552873688,.4960782574206137,0,73.63700971426857
10468,45.32718437269645,8,85,.4842756401215571,.4014764024256882,0,75.57604525472459
10469,38.54444029877463,13,70,.5260235032414065,.4576566574331351,0,74.46565038787909
10470,45.64525209061101,18,44,.3761527729738575,.6318819746210648,0,72.12430652893116
10471,46.69404633770871,14,104,.2163389048345266,.3639365429195436,0,76.45975591408437
10472,41.10697542794271,13,136,.3058570004100324,.3741576613506402,0,70.05781976442651
10473,39.57374740935234,14,167,.3530424467839204,.3343251161284421,0,75.0380004391216
10474,47.60054957545466,12,44,.2349107083939267,.2012989807078487,0,70.48540998821953
10475,38.52873629953781,8,232,.2562997598568873,.2953330978152504,0,73.74119868230773
10476,27.65748270517184,12,155,.4789197178152771,.6176788804778122,1,73.40591564407481
10477,41.35726451109387,10,74,.5584731722896558,.3992462423644833,0,74.67193946482438
10478,39.15546101245548,12,97,.4950859286226418,.2400672537066504,1,77.85496888623318
10479,44.67494711011301,14,46,.4613025491149055,.4545427924759335,1,73.84656554953612
10480,34.5702284019948,10,45,.4303499491522809,.4630003627422938,1,69.45971486122497
10481,46.7411572999122,14,116,.4514397778446228,.4306757124595396,0,76.07741307728506
10482,36.85579849987565,10,141,.3305159067882314,.4025580608185104,0,78.08913780431052
10483,44.97447882286269,9,39,.6667047503707573,.6766173427392773,1,68.5254252288117
10484,33.94007921271239,11,54,.4236613385521223,.5035731575200877,1,73.15775453499946
10485,34.97262671517321,10,102,.6451510130830009,.6052432573504984,1,65.79533039898814
10486,37.26852999418129,8,134,.560951585113822,.5500604668971318,1,69.65621336486777
10487,42.1927905025476,11,114,.5111329692642187,.5653417815387156,1,69.8658506131603
10488,42.14342863771947,10,43,.6843238418475006,.7010523328746745,1,69.08387096539484
10489,34.72093250497566,12,123,.6320820228668916,.4443934006167836,1,72.85503450773921
10490,40.92787937443138,10,319,.2090937803270378,.1617980393486165,0,74.23495265612827
10491,30.70810603166154,11,130,.4589982196173186,.721407657439235,0,81.3154719592668
10492,49.20890546994082,13,42,.5496573017380553,.4176279949946801,1,73.56873770884016
10493,37.16934756135633,6,41,.3237526401393514,.3351812208663453,0,70.93728516535012
10494,43.70625601884615,13,178,.3224531536115653,.05380665764842,0,77.79599279806688
10495,44.12769324940628,15,182,.4113888077066962,.5285266701564918,0,76.90327397674719
10496,43.08809618310251,14,79,.4308883206974797,.6259243987416458,1,67.02787303266662
10497,39.16603770477686,10,144,.3743105669624696,.2802692930518236,1,70.08356255490327
10498,33.19907177375779,12,146,.5397299245100468,.2689331931130964,0,68.18602087198504
10499,43.73974815511951,14,298,.5383932906603873,.5638408329153233,1,65.03340482916323
10500,36.91206363785213,11,201,.4787664999777925,.6100968556160964,0,77.1040338487275
10501,25.23455128581991,10,100,.4588136405935914,.4808024394054282,1,69.82464860055101
10502,34.04481376575977,9,94,.4016639710666371,.4370740274745423,0,75.87498583126202
10503,36.76902368438871,6,38,.5489061450535084,.5164753584293632,1,73.73368861155267
10504,31.65957649493269,9,133,.5070993010806608,.1985130278442034,0,73.64855324166768
10505,38.00413421326167,12,46,.3489083517357642,.4980374113176014,1,73.02138191488568
10506,53.07919027523423,18,141,.431272097137595,.6750045542961589,1,75.65329820093302
10507,33.46488418959376,9,60,.3600654230912227,.180734259662206,0,71.90548739783554
10508,41.94669000531036,14,137,.4281070038811566,.4032786986817425,0,75.44567597698766
10509,41.49037149747484,16,103,.3573430692540426,.250314543257511,0,76.0911406776445
10510,47.08788931390252,8,206,.3887824530177135,.429621876971575,1,69.84888757012246
10511,40.65281306266218,9,149,.4365356180823352,.502613158706934,1,77.62676511724395
10512,40.37856081645845,14,126,.3130529969482831,.2771967347966087,1,68.40839924446078
10513,49.63084516556739,14,68,.2578686795960938,.0536079353225261,0,77.20287336649287
10514,45.84611149231427,16,43,.5703084899991677,.4655586710820185,0,75.63666549075677
10515,43.73172707421618,11,120,.4376674079024158,.5094876436073831,0,73.57223003641428
10516,54.34162020725384,14,96,.5059433672450557,.4890986440130267,0,76.07080907799939
10517,40.16635983646216,11,309,.4530459445119172,.3734950184592808,0,72.99997357415909
10518,35.81302988174318,16,72,.5829751608111438,.4518033711578109,1,71.44869681976019
10519,40.38198216410535,11,41,.5144883250043604,.5740319380952819,1,73.28597318500998
10520,36.2235633297953,8,68,.7190274269939732,.710492810660373,1,73.62556799213657
10521,41.08634962100346,13,101,.5646211091651729,.2643518210922397,0,70.36740990284854
10522,28.7663973410399,18,137,.3384452427022751,.4973682652575099,0,75.84029715321215
10523,42.80123561591896,13,88,.7538632974744106,.5484861587013509,1,69.60189167722866
10524,39.46991318959073,11,130,.5897016100988484,.4900205923884831,1,78.18036872244961
10525,48.66451636358332,11,276,.4142753832536242,.43130422298408,1,70.25040277977068
10526,53.23067069198649,8,87,.4481966583539411,.53156865170998,1,63.22443645519286
10527,40.14889840941262,14,35,.4618251941985744,.2867952299365336,0,76.36038411920839
10528,42.05864057876697,14,48,.5389183192101881,.2928759590067236,1,68.80487549213576
10529,36.05382955879195,12,48,.4647795144749053,.6862604389800571,0,71.14018226238542
10530,30.21494742897934,8,158,.5078550204043533,.5244721411309893,1,67.31333051017633
10531,39.80185419944757,15,22,.4193173479705379,.3907809206250336,1,75.49994683693768
10532,39.04454451406809,17,114,.574120086159928,.6290969736264366,0,70.62933502593084
10533,37.47682247453833,11,138,.5529459526954623,.261857558823181,0,77.85331575740784
10534,40.97684593207397,13,319,.4336700889547516,.5646459645988327,0,69.93986419519294
10535,49.45992427691407,12,73,.5026035517652109,.5810112780017189,1,66.93936544707785
10536,42.24945349985329,11,139,.5568844935789585,.6650490985167339,1,69.66467797509597
10537,37.82184081090331,15,57,.5027655251365939,.6548987056722857,1,75.97884065108504
10538,44.63024240173061,9,430,.5450131493759257,.7538499133180843,1,61.4775147877064
10539,46.47912625323072,17,134,.4933069770652326,.7722764463040117,1,74.85673326963234
10540,40.54867007125087,11,36,.6330713736420754,.6580740497038292,1,74.56822296953742
10541,39.09784630672794,11,83,.4291359863610131,.4054846405693147,1,67.11586712181403
10542,45.6535316069713,13,236,.2912278976660037,.1808145674731607,1,64.11411724832989
10543,45.67046391273017,13,30,.4430964259628655,.702605319794555,0,77.97152699110738
10544,43.72581878388205,10,94,.598730216887368,.7414234173203111,1,74.37435348330109
10545,43.85881730699391,11,70,.4870607040793177,.6073998422433464,1,70.27163904163271
10546,36.3528366532376,9,77,.6655721035453731,.5365216780554252,1,77.87988730907885
10547,33.48626019698258,10,151,.5454718471154328,.4372342107465479,0,69.92841758369539
10548,51.92644911710399,14,142,.5563067621942689,.6228462555597987,1,69.69245574258609
10549,43.68841456834972,12,186,.4384411863767577,.5637643038049525,1,71.87681969030915
10550,50.52206308242444,11,46,.4609592493029649,.6607872700897277,1,69.22515045217614
10551,32.85468657989851,12,84,.4528143101406222,.472572669292987,1,72.06504591269839
10552,38.06243089516688,12,81,.4037566331133983,.4637397626131155,0,72.75859898960221
10553,41.66541495401023,9,13,.5360004003050867,.4593140717443701,1,71.68306858089505
10554,39.23185046365032,8,186,.38109371065213,.5002853212648033,1,63.43146451522939
10555,36.66665116822973,12,51,.5786771066102199,.456667853984292,0,75.08329904169977
10556,48.74972092692524,9,151,.4589947902917492,.4974282555216297,0,71.16353693601607
10557,44.54194443536181,14,103,.4496235110674622,.5349652409860288,0,73.11148112531254
10558,40.48965237263734,12,121,.7241881943793864,.745876812183886,1,70.81746798858538
10559,46.48851550203685,9,48,.3373647330758743,.543452920072628,1,69.88131500900286
10560,36.65694740525393,16,369,.4416117607181897,.2586692142906257,0,74.50651815243366
10561,53.56848494328413,13,230,.5794884098154145,.7724588395199201,0,70.9442863731894
10562,42.90289053091117,9,155,.4814920993331149,.5479946631179489,1,68.80006014013381
10563,43.31428534559489,16,243,.5577794062626504,.5774807439238652,1,75.03089634298564
10564,45.3909689298679,11,196,.2497829257682425,.3169249906361196,0,70.51428482652528
10565,30.59494381466524,9,36,.5656901103544717,.5131636948609075,1,64.235884586599
10566,34.6727726308174,16,69,.3130348550344221,.6517203865297645,0,78.88971880555889
10567,46.30321392221038,14,177,.4583007844234824,.4063288019263859,0,76.34095401288339
10568,37.52796545749415,11,96,.6528036480048592,.5487881211404547,1,73.26068447984859
10569,42.68585651696811,9,147,.5124935679084537,.6868522719095597,1,72.39678586564904
10570,38.02509618111721,8,74,.311667646749261,.3556540654443308,0,75.52581643330744
10571,35.73293793844942,11,95,.2777042550511725,.1781325272821103,1,72.04996613943156
10572,47.3465338405497,7,65,.3330293342058817,.1604428886602503,0,74.83983660390797
10573,35.66292999456071,10,68,.5757408689478525,.4167769721628577,0,70.26215587555713
10574,30.85695703439625,11,94,.4645059621852607,.3790998392804106,1,67.77221879479897
10575,28.56240139831223,9,860,.3493397352546063,.2709863452337659,0,78.67589999264038
10576,45.97231115667772,12,55,.5034963947056563,.4439857200143573,1,70.06785808994267
10577,40.84288827054254,12,71,.2300332116999125,.4066149243205505,0,66.26727545918206
10578,39.39481620066869,12,122,.3542074614310795,.5747249003119691,1,76.84213381491158
10579,36.92660785130293,10,225,.4990751429265398,.7099307562417575,1,76.8687025716077
10580,46.84256177762213,13,67,.3776611577986895,.6807194566061437,1,72.89405988584573
10581,50.79215726934109,12,92,.3929853615914081,.4222373383282558,0,77.93071495031393
10582,43.76183186599717,10,62,.3618465042956414,.5978718099629757,1,66.05833715105562
10583,46.45587305699392,8,30,.5461825679720855,.3573098065184332,0,69.12296398411662
10584,39.5320949766701,13,51,.5313810298604738,.8378428114566773,1,69.25392525694836
10585,43.22680943566331,13,112,.5647633811602982,.3357978483912117,1,68.41583294421102
10586,45.49186605812368,16,80,.4934499281917508,.5415165322973152,1,70.57648019999134
10587,34.79630229106056,15,37,.5680876220982483,.4658496939227291,1,73.33594766479732
10588,42.70781302194354,14,146,.5418834028064581,.712014655522701,1,73.08208421666606
10589,43.82172260048171,6,107,.3307465111108306,.2174564133861073,1,77.04019644427632
10590,32.26829052688606,12,57,.3980800562023997,.3190215155958113,0,73.59929885533886
10591,36.51020484867256,14,143,.4452799860842082,.5869425436193272,1,67.59158448896915
10592,39.31727039929198,12,107,.3833158003302365,.0733514051662881,0,76.01398281699103
10593,55.23124769282478,12,54,.4226644883450306,.4135829104395746,0,77.04333796344322
10594,40.43622733866511,14,85,.5292832582454695,.3284673099201513,0,77.19001411687712
10595,30.0121123613048,11,64,.4744253415767262,.1006655903215722,1,68.50309137574402
10596,42.84690949897836,8,58,.509063607815846,.5952420872513294,1,70.44782666633449
10597,39.98282284972128,10,345,.4166305932751443,.2982079051945257,1,62.95900064753742
10598,40.50891885757661,11,42,.60191206478967,.5654367559541376,1,73.95426952183701
10599,48.21378147419983,10,463,.4400670912136836,.3163408026566039,1,69.57325737460873
10600,38.97332999055021,10,96,.4054276560463152,.234691314839534,1,72.92323295427065
10601,41.37708504641817,11,79,.4351132266631737,.6433890904674517,0,76.58656413627584
10602,51.87978770548901,11,150,.560675344128462,.7561469219432881,1,70.54741621154159
10603,41.95139000295489,10,152,.3935399398714536,.1268960610764349,0,68.11608191609831
10604,36.14028414638685,12,129,.3694169585720348,.4210894723549964,1,64.94977934912829
10605,45.05634756801439,17,35,.2772351133316687,.02,0,76.92576334693504
10606,37.75375760882226,12,47,.4000738253315986,.3910745314394556,0,72.61847945044295
10607,33.0232245168816,12,123,.4021927872828904,.1911280086811412,0,74.55571521022188
10608,36.58610033059051,18,155,.2736597346046225,.146911033938819,1,69.73719642322042
10609,36.77188231163973,13,125,.4754244609583922,.6981987954579596,0,73.38969198645749
10610,43.08878434852139,11,143,.3184038248337479,.3606910581830491,0,74.33311728952388
10611,36.82059305989549,9,74,.4437606271533813,.5753237014655841,1,73.94437764305384
10612,43.49884613650936,10,158,.6988134288855679,.617251862593751,1,67.55394144597531
10613,34.24149398030347,12,107,.3578507353096279,.2111486372954679,1,68.2517790118268
10614,31.75929356089921,9,86,.600015850191183,.5387882775119032,1,74.81552116951157
10615,36.71974417113266,11,49,.5178367389339299,.7423847656916082,0,69.04392397809934
10616,36.79914172206468,18,53,.3445512454736434,.29221343709222,0,75.68013598070507
10617,34.02685247521782,13,650,.430073367727826,.3923228778186061,0,76.89370805085159
10618,49.85768116409605,15,36,.4250561628738784,.6202581922548743,1,68.0869775198065
10619,34.46321811479519,13,195,.6513995411845723,.4834265418383475,0,75.64707302368845
10620,37.16513558491742,14,126,.2547662849195366,.204905018303916,0,69.79606806835075
10621,45.85435293178125,17,41,.4719549697992596,.4321803497728933,0,77.77456995599184
10622,51.76390071533744,9,275,.408881185761951,.4472955050097053,0,75.13791047425192
10623,45.19541096106646,17,98,.4651583380217127,.5290068995353289,0,71.89442831575876
10624,37.75641396271017,11,99,.3302261017698909,.3439525759913869,0,73.9859118681026
10625,44.0805377688508,13,103,.3327538871435736,.1732017264471437,0,78.59642200438789
10626,23.32394947308139,12,36,.2947058311608819,.2894942548202277,0,75.60504275042099
10627,34.08544546334858,8,80,.4870352745430844,.5039060626425044,1,70.15599532116924
10628,36.96960385619943,15,73,.52200780919586,.4164593903289688,1,65.24090574383571
10629,54.90794416441837,12,84,.6109677562591032,.4895675445378324,1,70.15262355832219
10630,38.19099130237271,13,95,.4544335296854707,.7061315181245489,1,75.03781912056289
10631,29.94779943637865,11,172,.5627111119027919,.4652905742001254,0,77.4318088134581
10632,39.54270457912438,16,239,.3894913534469185,.6352560307409758,1,69.89130789069829
10633,37.75051981498095,13,88,.629353994121978,.7636455043888793,0,68.14797631384047
10634,34.68740626420011,13,100,.394977109006281,.6058620598543183,0,82.58190306784152
10635,37.5544921858501,11,68,.2396609498674521,.2502013693417922,0,74.72618212075874
10636,41.83721898339962,14,164,.3752809476183862,.476117463919911,1,70.59321647342388
10637,37.03888404944219,9,321,.4604946857765422,.3194506009465887,0,70.88403047151864
10638,31.28899463533816,12,85,.5490941414021381,.5846042956070092,1,67.66950546471135
10639,40.04940404693022,14,167,.4429274599504937,.4632004755632171,0,78.66646169342997
10640,38.10953279522966,16,253,.2506918985593002,.350578062678611,0,75.58220666166577
10641,43.17786175001129,10,101,.5193562017020823,.4165049492389397,0,74.46271561933891
10642,46.59895768680265,11,74,.5566557570572096,.5656653164344334,0,73.33561978525626
10643,35.10659816382724,14,28,.6659333356062304,.7643517362775244,0,76.61132446183333
10644,39.92716275577155,15,95,.5076497888687522,.5525527977591159,0,71.59124028240741
10645,39.97878351473278,12,93,.5066064047510839,.580250913085627,1,68.80642911058213
10646,45.56326175109208,8,66,.3648989457949071,.1997605757738956,0,78.80536678487914
10647,35.06088559187387,12,216,.6452955627870974,.8762250130200149,1,72.42096535971376
10648,36.12695767031269,11,73,.448442635943227,.2838878835228702,1,75.89766538983599
10649,47.34776794764641,12,187,.486808869260821,.3811526354581811,1,73.61823356940207
10650,39.53920978786229,9,66,.5672442467145519,.6031721143257103,1,75.67237563308476
10651,34.70124857453887,11,53,.6357646667492716,.5671628991697835,0,77.92146589062325
10652,41.90186948751066,12,94,.3563478961713482,.394806703104183,1,69.47328062822763
10653,39.59893260330634,12,432,.2932880386178522,.2412281410457385,0,73.92696356351679
10654,41.25253482336917,11,132,.5305893034655312,.7803495703971768,0,74.79300862833819
10655,55.09773543604958,10,238,.3947006449006212,.2865103027065894,0,75.05903861990748
10656,45.65697229514114,15,107,.3986873859929749,.429535387162819,0,73.87020836603645
10657,50.05574722139114,13,77,.4371847138636303,.4738834806221427,1,71.43123596830473
10658,46.6289380408933,14,45,.4193523337957771,.4810313469875339,0,77.15709436963974
10659,34.7065776215464,10,330,.6135150575149153,.7507006641513105,1,69.56480436469523
10660,36.8035797177706,13,95,.3113863075020008,.02,0,76.75301065823686
10661,37.25695834509251,12,88,.4646619780401513,.4288835341528492,1,65.14673502125181
10662,47.15536895886562,13,82,.419553626276066,.2708614224673559,0,82.16133083226899
10663,38.81663033688608,6,77,.7272460370891393,.5989363028861169,0,72.9131341327037
10664,45.3003979983846,11,39,.4412754314430234,.2317587271343121,0,73.02193789838825
10665,37.76748875388088,10,173,.5290573087017001,.7342747522389759,1,69.38104081056876
10666,51.82846705865754,9,44,.5593943926009308,.6183229355906756,1,68.4893027661541
10667,35.9481109064474,13,107,.5651666249098668,.6467764528069688,1,71.46735710781086
10668,48.74245446557856,12,83,.2518700480839619,.5098117081275088,0,73.51689488777004
10669,29.65043243885355,7,124,.4797826652994272,.6041903732432247,0,75.44006056295018
10670,48.23637340023883,11,253,.3562774929800038,.4432652871063227,1,70.33916663742428
10671,46.22261756265501,10,55,.4605123207770307,.5999911597666192,0,76.94390917691715
10672,44.92801089037997,14,201,.4264174715815015,.4301289327609936,1,74.97033459643251
10673,47.89662993859618,14,58,.5377239651011696,.6203286928895976,0,79.51837174654422
10674,38.91130190177338,7,168,.6151127465161979,.4046318619030693,0,72.91082224529504
10675,38.35754746682187,13,32,.3348684382892964,.4146913707660962,1,75.48941049580645
10676,42.84120833042348,13,139,.3002400822586663,.2403314193965621,0,76.89010323171041
10677,42.42727487823522,10,71,.5689141554148919,.5626861026389539,0,80.2862636456375
10678,36.54181217064779,16,206,.3604165748945174,.5064850061213991,1,68.8080429364541
10679,53.03364191888234,9,200,.3827633806558697,.4167977360265256,0,69.27927857682484
10680,31.54338280281279,8,33,.467534005037222,.6858054658754935,1,67.62521796182445
10681,50.27776198636509,18,32,.370980364856635,.3794654106506501,0,86.04903311798053
10682,27.6964742329221,12,144,.5952348971496302,.6779827166392038,1,74.0189216316473
10683,49.58955032904957,14,117,.5669089654717319,.3116696870537425,1,72.70240540139039
10684,38.92462317126459,13,68,.4562030846985709,.584891976694609,1,72.47087780790602
10685,36.81943832471541,12,94,.3132853461648065,.4419928779052864,0,75.06738119096327
10686,36.00469471172937,12,82,.5530269643560042,.268620849608636,0,70.64225954517802
10687,36.40700096874006,14,70,.4605883849609576,.6302776878374644,1,65.89591441262209
10688,39.75860797686491,18,130,.492109149258474,.4129755029230393,0,73.09264768462289
10689,33.41812465474634,10,112,.3498564260597609,.4792597932935994,1,72.93863018406252
10690,29.03405596310253,12,67,.2834302132705595,.2178599097528953,1,65.35857724733464
10691,24.5676073487243,10,59,.4884033114955775,.5372134137792913,1,69.8946670107737
10692,23.74184761272687,10,151,.4040392847217936,.2295129115229865,0,77.16107509609088
10693,38.64592029090554,8,38,.3098180212875796,.2590526200344402,1,70.0072848979202
10694,26.66204775734813,12,96,.5071477056439307,.3550633375607889,0,74.24503588607857
10695,41.95228370206666,16,185,.3131131488133127,.3212761712223564,1,66.72660423307264
10696,38.8049739798853,13,152,.6429295415272966,.7867098200756639,1,68.44394926287467
10697,42.53728719760651,10,74,.5259265397569609,.6388228287031823,0,70.78954120498473
10698,41.89164764633794,10,82,.4097814044211435,.1900746255466434,0,74.19041438097167
10699,43.38533471897958,14,493,.6000027601537731,.6746486879245146,1,73.21537683149458
10700,41.13735231889389,10,181,.6295259297500154,.578053933546408,1,69.4381213278013
10701,27.58288932493701,14,42,.5041246558033666,.5695347307712579,1,71.00065714568495
10702,35.78552868007665,12,62,.2552381950194837,.5395612915862636,0,77.35360372242458
10703,47.0709303263292,8,79,.3552606116174187,.2951736886279767,1,70.91445154552991
10704,51.58216779635863,13,99,.5051583232101658,.3434640010795655,1,65.341123392665
10705,34.3050573981128,10,79,.5108622761096786,.500768439690907,0,78.78521642590735
10706,53.34573164255373,13,189,.4512049736711272,.6555795618610366,0,77.33419992268878
10707,34.0581751269206,9,120,.3524361320572955,.2975421211014908,0,72.37637660337521
10708,37.06138696396732,13,64,.4220622761315742,.5299999920652649,1,68.9700888598491
10709,47.72893522867973,11,92,.5002012930560003,.2477378611934352,1,67.16853162884208
10710,49.86452166225526,6,102,.2240573364215622,.2460884291285552,0,75.96294594701921
10711,24.00283250052138,10,67,.4870239128914747,.2193117954546258,1,66.55165789188531
10712,42.39740635923217,9,116,.5064300999689378,.5934863673783015,0,77.27853330501698
10713,28.46158762487422,12,63,.4140901672495957,.4603623576594026,1,63.15464327649096
10714,41.47970930416371,13,92,.4304383740312025,.4873645386238801,1,70.75518933072642
10715,52.07407766593775,12,173,.3323887599414809,.3198386538977014,1,68.47139514851335
10716,49.59206011085615,9,143,.1270022108096924,.1083330924985478,0,78.55159502938733
10717,36.73637684298032,6,29,.6152124185383716,.6701801751507449,1,70.48359778822083
10718,35.34946934910406,15,73,.3586302928284898,.515322848904299,0,73.6022865273563
10719,32.43115413928674,10,64,.4041100260271661,.2360894056471119,0,70.42371272285777
10720,41.39166519172179,16,92,.3903570446919019,.401089124678818,0,74.6135986779645
10721,42.13352644366461,10,76,.6803531097893247,.6649494484022104,1,68.82545189395705
10722,31.44702984882066,12,238,.6069077436346201,.4832168687636608,1,73.38408866635046
10723,47.04297825230613,6,62,.3460778618948828,.4176757720099298,0,74.18149602828495
10724,42.65583365348624,13,76,.2720882862018351,.1281934913891042,0,75.50738601998692
10725,39.03972057796499,7,158,.2166952652658582,.1722215869489906,1,66.93024298592832
10726,35.52311917436368,17,55,.4750064769225977,.7400512248134039,1,75.32132696611508
10727,40.48494370990137,15,223,.5250492836294758,.3773948448491766,0,77.62924773151742
10728,39.23156432165758,13,267,.5397206263870102,.426251994917544,1,67.60654166501983
10729,43.88668666191572,12,90,.85,.8330516353624113,1,70.96465173366984
10730,43.52740097518445,15,67,.4875128713570831,.4168747642481206,1,69.94861847533936
10731,40.77733401165668,8,188,.3747326258033198,.2866920641389136,0,69.16402556931385
10732,35.48060511984026,12,17,.4508358086818358,.4142691371416203,0,76.34438509144026
10733,42.48584323056788,10,37,.3944472870661601,.02,0,77.08462185561609
10734,41.06072024758169,12,47,.5245072415240934,.5432966204215121,1,68.21308602297748
10735,37.72995052629521,11,59,.4224384371676994,.3697487165017445,1,72.83443863093943
10736,35.63933674895399,17,50,.5164306778442497,.6990116974264412,0,82.64023774914635
10737,42.32676675568322,14,112,.5382996742673989,.5878817173820529,1,77.15813007663088
10738,39.00436674388648,13,128,.5877103522988255,.6140356797663675,1,71.53448006329111
10739,37.19937501423711,15,89,.3207696910478907,.219314625871706,0,82.17056811325922
10740,46.97779755425181,13,420,.3471366319992688,.1784521815107807,0,78.70786336835351
10741,38.69937098812813,14,70,.4536879502421405,.2542962383737171,0,74.34042907056939
10742,37.80182662955346,16,54,.4696664466438303,.4852122939470266,1,73.43461113028098
10743,33.36938329067014,11,28,.4820458838255528,.1809672784254985,0,73.22333947419915
10744,44.83132523295385,10,96,.5357425739873131,.5176311739878506,1,68.59107266367187
10745,46.53123399704448,12,28,.4219100360557127,.4039985769503143,1,69.15050606240835
10746,36.61163706008369,10,75,.3780079849480049,.4749275576685599,0,72.83927189757694
10747,34.39723431163877,7,175,.4237042393684703,.3219802638136808,1,70.7878998681207
10748,34.2433386527354,13,120,.4909710389085108,.5630004321687643,1,77.03108385139309
10749,40.51890212439859,13,93,.3108552403414573,.02,0,76.73733139624295
10750,32.87587286770234,14,136,.4158292285405975,.5265850362710142,0,81.58848368336466
10751,34.85520546617799,15,140,.46533428556365,.5062551871411624,0,78.30944591361795
10752,44.72289518973803,11,64,.4759900743953676,.3515189676647082,0,75.0372365368744
10753,41.00493504533394,12,323,.2856714567367764,.3155958594349011,0,76.09312302079404
10754,53.9220388032372,7,794,.4019232777499845,.2597724989397839,0,74.39257047190659
10755,41.55752416070993,11,258,.6181019241542705,.6499551089529706,1,68.3720500550202
10756,40.33221758062719,10,52,.3830700761820669,.1931711079404308,1,62.96094872030687
10757,39.94145790264597,10,103,.6438758739867941,.5202738436681105,1,74.52389034265306
10758,44.68167370815178,10,190,.526252756020027,.5414651415230237,0,68.94086021347761
10759,32.28189440216494,8,51,.5334846157978539,.5743360354083678,0,75.55981313370746
10760,39.05316036278051,11,86,.5710682309852805,.8149325045182905,1,74.14995271058611
10761,38.55098353272448,14,29,.6068159500887611,.5495963011306535,1,67.60464658094317
10762,37.70616266349614,10,115,.5772315881003651,.6171358389872322,0,71.37198858162489
10763,36.097346397333,8,253,.3893540159729455,.4074105234981693,1,70.51208341034088
10764,39.42302135582472,15,88,.3324521302878952,.2063143369108243,0,80.72966068785234
10765,37.59492989033992,7,111,.3565428846771312,.3891136860224176,0,76.10264526961311
10766,31.82588687649544,15,120,.5398980041198445,.4691293239427046,0,73.49105323808929
10767,39.94070983080105,13,57,.4071429076162745,.2850422444442114,1,65.98340661622174
10768,35.29638900565604,14,128,.507813718328585,.7242793770439464,0,69.41306589462958
10769,38.18387006561994,13,194,.5807824795907078,.4444861241120962,0,74.34333083408879
10770,42.76402184800534,14,92,.4309477140325724,.5407343844015964,1,67.53296156294525
10771,32.76771042903306,13,139,.4781844619445981,.4684116686116999,1,75.45142493913119
10772,36.68248322260331,7,298,.2731141004988772,.1567909978899775,0,68.78605850727716
10773,42.44857066480584,13,57,.2318101547817326,.1185687681898424,0,72.36135304778726
10774,33.55914405197366,9,139,.6062779915908366,.5670458786501165,0,74.57437893617352
10775,31.87679721801416,12,20,.5045700735038933,.6555375470163447,0,72.24750802882014
10776,34.45183671237663,11,145,.7317799158543947,.7017537198507912,0,72.90148419813178
10777,41.74783957903318,7,51,.6652049103354,.7576634781110296,1,68.4154976696164
10778,48.16683099181559,10,147,.4038822126695011,.4197190390445554,1,64.29939216620673
10779,29.6984153390283,12,80,.4656842748205926,.6267504204002911,1,72.94264453926189
10780,42.37586447903853,13,39,.4153370659874748,.3184339599291,0,76.41346956806443
10781,39.15916512453219,16,61,.3337446081268775,.3420324504804158,0,72.79722895081429
10782,49.47106611219487,14,146,.2492881233122483,.3621348678072581,0,76.76653306184248
10783,32.66576469259158,10,85,.3557475660476627,.3906543655564553,1,69.71221602507107
10784,39.08767914828066,13,232,.4247650815817121,.7969904933545033,1,72.76382990374248
10785,34.10672463734406,10,52,.60321813679031,.4313808805642165,1,70.96554587490689
10786,45.72914485581359,15,80,.2534693639603515,.125116791492438,1,70.83256362671023
10787,41.82956750653089,10,210,.465091685908421,.2978293001444539,0,77.1254477674312
10788,32.14653694032278,12,15,.5699441265809344,.5177684121070798,1,66.48565164176912
10789,47.40370518357582,11,75,.2488622459764636,.2496112087546433,1,68.88670104709173
10790,51.92016596745834,13,131,.5444169510687686,.6266712709977715,1,74.09951779020825
10791,34.43060785677785,14,73,.2303039484118253,.4624271760161688,1,73.77303345277399
10792,50.64018196892145,7,42,.2733367860754826,.1291593527774191,1,66.22842708455489
10793,43.26535139577576,13,50,.3030256312265464,.1985967324337514,0,73.03990629073087
10794,37.51916172539742,8,52,.6447611021058489,.8792090097249604,1,73.55367470626913
10795,39.33769557127281,11,196,.5646962132678031,.5945440059160213,1,69.68591147265724
10796,45.07717876612758,13,44,.4549695006687432,.5776845776318241,1,63.82853176615367
10797,37.82288984058556,6,71,.4208675557321207,.3528257331029224,0,73.69386773429844
10798,36.43699534122426,9,149,.4140643998380154,.2922017452986629,1,64.70042861856582
10799,32.01501205887165,11,54,.5293958229503826,.6590056716678852,1,76.5866757283226
10800,44.91956411417289,13,224,.4040423459577318,.3399145303384292,1,70.80776066496205
10801,37.71592479272618,8,161,.4210395159499238,.407852388521446,1,68.64284359001741
10802,43.5654762109708,11,94,.2206475749291864,.3585493144202846,1,66.18242872218599
10803,34.44682150298839,14,189,.447302789762423,.1741192101155067,0,73.37108183276047
10804,46.08213059829693,12,48,.3696019609665328,.1331496324273271,0,71.74399273354564
10805,35.12634875261244,10,52,.3684786998121562,.4793331426047356,1,63.8155954785941
10806,43.40315070386511,12,50,.4073688668589053,.5039601658307646,0,74.85682402954676
10807,33.63541518198365,12,87,.3080501734623445,.315869798180567,1,68.32244228970224
10808,30.90567875354612,11,40,.662702178521017,.4819349093667307,1,71.60225391635852
10809,43.16999457534966,10,40,.5245259292337562,.628434889641688,1,71.91843799915266
10810,44.03696394099494,12,114,.446660165138475,.492267823663688,0,68.73594324757795
10811,46.05222652453364,15,94,.3826975345352447,.5734778354122814,1,77.55194030674087
10812,46.65193569143462,11,82,.3558107595849791,.3698493887614449,0,67.83494998098085
10813,35.19931265631403,12,44,.3695371195940523,.3173322634402592,1,68.23973755332392
10814,35.7513808227837,14,84,.4430511763974672,.5402419508387337,0,72.71220237542413
10815,43.25558753588702,10,43,.1150971238937336,.02,0,76.00794397925566
10816,41.5318528991512,12,72,.5374079035614858,.4100373672970554,0,72.46801991618106
10817,49.59164619378832,14,29,.4872494352125737,.9048789218291207,1,73.05786744331621
10818,40.58995867347098,10,58,.5455427795276022,.638686552068762,1,72.80007004561803
10819,37.65969915478839,10,50,.3764835741889126,.2320244130376425,0,78.02649200620196
10820,43.7709247519869,7,68,.4592445261450934,.4102088283481158,0,75.47243618567366
10821,41.40534620854376,7,65,.545468337151051,.4280176870474506,0,70.20734926531324
10822,55.88554970308963,12,259,.2002196234507426,.4021701981871849,0,70.54906869303525
10823,39.35859471944607,11,204,.6386250925597763,.717451234600808,0,78.64952803396902
10824,38.12631515335224,13,24,.561678812309885,.5929866292464054,0,79.53875835764718
10825,41.11995286688943,9,88,.2390825533258349,.4217402749801656,0,72.94965015002998
10826,44.69698399154432,11,83,.6669374638373293,.6686232314444609,1,75.76572842093417
10827,41.46308869413306,11,264,.3888990261080692,.1899628202308965,0,70.28566236446524
10828,28.60942522002691,13,105,.4566369605069465,.4424872328806206,0,76.29335672039278
10829,30.65831803552379,12,52,.389912416386801,.3526313588474043,1,77.10550405529891
10830,42.44554471993163,9,197,.5420121840835526,.6930437527217653,1,69.6872596384005
10831,42.14695041261621,14,84,.6043017647160854,.6528016952278695,1,76.69680087911239
10832,35.87751199856602,11,56,.4365817040798909,.4821503242840228,0,78.96879523262129
10833,40.49750154798412,10,156,.4478357426273734,.2580487216788718,1,69.06022580737964
10834,43.29772394042047,16,133,.474468761032291,.5157533108373421,0,77.62092544234589
10835,44.37587164732322,13,49,.4186495208611302,.4462291287271551,0,76.17023374133038
10836,46.75173159675469,10,74,.3838815574329183,.3742311586433522,1,71.27835801326491
10837,41.3946633545015,11,74,.6368925172485912,.6831943922250958,1,69.61484490046817
10838,36.8127275284095,14,24,.5262454475507414,.3574016389070376,0,69.95185414741066
10839,50.95125010762395,13,108,.3243409957268966,.3744042298478455,1,75.70742654994619
10840,39.70867580001817,14,189,.4458127157280047,.4208170378990761,0,71.12753415504977
10841,33.47110049379717,11,34,.3431688413507478,.3567798669399379,1,71.24016749367972
10842,43.30550738991804,12,492,.2492628193891277,.3345433294157736,0,76.01482260223712
10843,33.20195643099515,9,46,.4023485067389471,.2286595408609788,0,76.00134487158768
10844,45.89279145424342,10,43,.5371022772874623,.6723352984442303,0,72.62067859409041
10845,42.27720713712171,13,100,.4878054951138157,.2378578482682409,0,76.33664281228438
10846,37.84860177766634,16,76,.4061639684013024,.5768926571406698,0,76.03532948399547
10847,33.40016173573659,11,75,.4714275635314824,.583586157625906,1,70.5378492664273
10848,46.62315089292689,14,218,.3183867766024803,.4252216976078875,0,76.63718644148121
10849,51.90606799583685,14,85,.2640977019389976,.1189026634407313,0,76.23842188702137
10850,32.200838962212,8,63,.4557632593826854,.7072572690204859,0,76.83600832929642
10851,41.65484034272035,9,98,.4373769999194854,.3641797469541995,1,69.78416782352404
10852,36.45668472725654,10,156,.4212325137802556,.4520504508354753,0,73.76401273088868
10853,33.50241725718464,10,29,.6116354527037782,.7457277519000547,0,79.03366567621801
10854,37.07593765907178,14,116,.6168713139076015,.5771779525796648,1,67.85101727264983
10855,38.85287849453639,10,114,.3531826987582519,.1833217766563224,0,70.82617549912216
10856,45.35404516194026,15,94,.1730729688602033,.02,1,69.78223529061343
10857,28.1928584578667,14,95,.5107583439077281,.2888683354392099,0,74.84936359510871
10858,47.19383715526273,10,84,.3236094382381786,.3166714846971581,0,74.60461129981773
10859,35.11344195862226,9,70,.6179959312818367,.4240720590665448,1,71.4564197629179
10860,43.26278771243373,9,33,.4441598775982523,.648417972363651,0,78.34246246152732
10861,45.52874738683703,14,97,.4445293700315397,.3554101652930104,0,75.74261228861113
10862,34.90431418590758,10,178,.5188257412235374,.7268103729605641,1,70.5306829679722
10863,51.11224764254304,11,108,.4601209498594151,.7141212439369573,1,64.50935441535086
10864,48.56325844673855,13,184,.2133226596164325,.2664673465169667,0,71.38179657003521
10865,34.80682217216456,8,87,.4588652333337866,.3596428815914314,0,75.83922935679962
10866,37.64141112589489,13,64,.6866987727277724,.5780557189828115,0,72.2689032019973
10867,36.88479985755459,9,134,.3205299667002916,.4746148455065268,1,74.71011021423308
10868,38.07236164515572,13,119,.4188379816616453,.5013201759789732,1,65.85149356591835
10869,29.66834207653445,14,57,.6869898722474992,.7676100932761033,1,74.72532068435048
10870,38.61258724093269,14,147,.4709133943414414,.5060537986203408,1,65.21210942483398
10871,45.44372985124315,19,70,.5397192468302965,.7034553137272238,1,69.58277204378433
10872,35.84454390797072,11,154,.4443581268839339,.4106057803028048,0,81.77510628266585
10873,35.51943016481798,14,81,.5227159385045917,.5642151644488342,0,75.53389546363267
10874,42.89876025856307,13,110,.4496685849289488,.8515094899481404,1,75.63499796557132
10875,45.65411125842258,12,70,.269767564555945,.3568785002557062,0,81.18413522367797
10876,44.16024026799763,11,40,.6522826442244647,.511467639646106,1,67.93947699888972
10877,42.94784443842831,16,81,.5277875941393708,.504208649928408,1,73.01599416506245
10878,41.91753774579822,13,385,.3167263286363021,.1579232751292989,0,80.94580443241547
10879,49.90934313030203,12,49,.4115221564256138,.417578538868753,1,71.35998037063538
10880,30.8608691398825,9,56,.4334464708285382,.500631022200964,0,74.3685140911327
10881,33.15321173890148,13,49,.3157693155699237,.2636336140002555,0,77.84023108629275
10882,35.70417497204213,9,60,.3595957177916453,.1926484275372991,1,69.78376655249986
10883,39.8675089836189,13,112,.6133620991936739,.6006810825084126,1,72.46898538376048
10884,33.72855607886451,14,149,.5240707025176442,.6251143091595576,0,71.50438279963251
10885,41.49970179467766,10,52,.3895412595826948,.3065843541209815,0,69.85914893504159
10886,35.14758349017776,12,95,.588749864812449,.5730975979640919,1,66.71033268037591
10887,32.23824126529244,13,251,.4929243630504878,.6114593359521964,0,75.42996269149293
10888,37.35481751322221,13,72,.3694882310175944,.4969414560946141,1,72.92814847098947
10889,35.17033119480215,13,60,.4137086605725177,.4019400608277396,0,76.53581850146801
10890,34.63672658439094,15,28,.3479721338927233,.5032509720881451,1,67.4037352847286
10891,42.02249820002091,12,114,.5523240095370268,.5573235005855693,0,69.17734677515634
10892,39.27248429008189,9,178,.4426101658947942,.177473429225318,0,69.66973113502257
10893,23.76235199646911,10,50,.4310351997405928,.576858063278232,1,74.53461631088113
10894,39.48408629480171,15,177,.4650965288770172,.5240600945464435,1,77.26573367386777
10895,36.35298794115268,10,88,.295777163809525,.3468068527981759,0,66.73952226123073
10896,39.96872613519488,9,71,.2815166774392073,.2267907893036203,0,72.4175403738718
10897,46.6559452478127,13,92,.4025398723807881,.416698813328354,1,67.76391509687174
10898,37.12012548343495,18,146,.3606557347289794,.3762900967966125,0,79.47203972895635
10899,46.58253696648276,9,26,.3937857848148071,.4365375605580968,0,75.89303263733561
10900,45.19712822241986,7,61,.4697628879753921,.3766567731022951,0,71.23758606934608
10901,33.27795259549591,10,165,.4404599240136441,.5341074589773165,0,71.34333733548472
10902,38.1887600499721,15,58,.5491746808217848,.7810114516725082,0,77.32454650354063
10903,31.12150664471459,7,107,.4541568386591785,.6141159395191695,1,70.34248236569505
10904,48.58106451659238,12,57,.4926672915611268,.7666466014985845,0,75.1650876104662
10905,53.52816177010456,16,60,.4472125518172952,.344333524097015,0,81.14046068225728
10906,41.86512982568371,11,30,.4089933741021357,.0318138148739169,1,66.39876953382431
10907,39.96008714764334,14,125,.4106581539285967,.2032725145159499,0,80.27737835593781
10908,42.6005460258316,14,125,.2546626643988472,.5181118609740105,1,70.28079006711252
10909,36.18378466257911,15,58,.3495372782040868,.2409646030411866,0,73.57535684284828
10910,38.75284134556549,14,84,.2046700255496048,.1907503631210092,1,74.06102495496853
10911,31.65510879130368,15,112,.2344097663223353,.2654827806554024,1,67.93501683827476
10912,40.0816565384114,11,86,.5371520500343638,.5725240582860054,0,73.13737371437546
10913,42.74406937021573,11,115,.5479484015510004,.5399322627805019,1,64.06310314368783
10914,50.50398408429054,14,51,.3455607770507502,.3777970361781636,0,79.42527027550805
10915,42.34786133779735,12,84,.2152167037848039,.2742294126851447,1,66.87511567836977
10916,31.92146208160637,9,57,.1834020748736454,.3611895948632864,0,70.60681136148989
10917,28.84965049003828,10,90,.44426019813372,.7658655938300825,1,77.56260723722004
10918,42.64326693506298,14,128,.283657303007444,.12116989188064,0,76.23602894509344
10919,31.7428754385588,15,132,.5910145014351016,.3796084698900147,0,79.95714074272944
10920,38.48622771756421,13,137,.3888251736301104,.4292080873760882,1,69.87875454315521
10921,45.25590418161632,15,58,.4939034273535209,.5519234224637215,1,79.808349438623
10922,33.1337741024138,15,63,.2317491254850143,.4215741904727527,0,73.67277819110012
10923,40.35726038541326,13,104,.7279867532200651,.7497502799893471,1,68.38298101595068
10924,37.10721416029816,16,154,.3407183312175612,.2211734860258119,0,77.40601124549119
10925,34.47090963056296,16,172,.5981951647613671,.6492709504252062,1,67.8161978506763
10926,42.23743103110038,11,143,.6940095536653028,.8733829280131227,1,73.23736660073313
10927,36.14900438494359,11,32,.5715792885577113,.5519100459958241,1,68.7417701260631
10928,36.06580006096487,14,392,.6062400322026665,.4238829931854452,1,75.82508701499061
10929,36.85397951190301,14,98,.497798129568837,.5214622461562802,0,78.667684632221
10930,33.1775982355265,14,47,.6376857117727843,.7687466388488715,0,75.96476686008141
10931,37.57298961320289,10,104,.3893273238867461,.4051868525202004,0,76.18270338637643
10932,30.10263684170177,16,81,.5186978710731847,.6798096849940403,0,74.47916948077106
10933,30.27366657655799,14,47,.4003426932150629,.511866593571585,0,67.54957755683762
10934,51.37845028076371,7,87,.5958660368606621,.6228371109369094,1,69.97706098968125
10935,45.39315111601843,12,59,.3273656585287438,.3776664411707287,1,70.27625917682498
10936,39.97730116955466,11,99,.5950899794359457,.4474986121021479,0,71.58480428232181
10937,49.62204639209438,11,25,.3678120383078579,.2601572697584009,0,73.20528908813934
10938,39.52707925768907,11,154,.5785409145794208,.4149088573757891,0,79.41463490618636
10939,38.34093979167567,13,91,.2978996649148738,.273141242396202,0,78.52217874112996
10940,42.4007099255012,14,141,.5789139028857075,.3714352809648458,1,72.58291267618115
10941,29.73390798890163,12,78,.1863946029823834,.2733895261630128,0,71.85101626717943
10942,39.18438671211158,13,27,.4090006918730528,.3732643209452449,0,75.40694317348385
10943,35.64735841044289,13,340,.3667322850502113,.3245172369216257,0,74.17982738366899
10944,38.79335549760455,13,141,.3070208952852835,.3870615860938988,1,74.36826488202136
10945,35.35220935663978,11,113,.3869401478403616,.33918064132742,1,73.92108061516346
10946,43.15006967406675,8,66,.5197653467583794,.3956921356420901,0,70.99728621996181
10947,48.08348654929822,12,28,.4028615910035903,.2760697067568343,1,73.98603949248802
10948,37.53233780450344,11,63,.3551087252606689,.3931410721009864,0,77.40565727474544
10949,37.17964693109921,9,75,.4026581627977853,.4127206846803135,0,71.15055324361106
10950,41.87543528889888,11,33,.4175628963565543,.3845508835869365,0,68.67118690772656
10951,36.8792784797723,16,186,.5069025825818205,.5082906890708184,0,76.66985396700852
10952,32.25360794782233,13,194,.4145881311015422,.3155723658097843,0,74.80780115340912
10953,25.56003952000752,12,52,.2932032918451082,.181827063425559,0,71.42031777400842
10954,37.27560221906366,8,114,.4787178138240367,.364481025048315,1,64.78144362765984
10955,47.37974849121617,16,56,.4293901222836388,.4605627025186838,1,66.60110348218649
10956,35.18364094208286,15,115,.4262170098222875,.6748918209803151,1,69.34559588787248
10957,31.7945378917891,12,31,.5147072001600163,.5142446702500302,0,75.89396691165034
10958,39.20755497840423,12,86,.4397773275652936,.5861945841567988,0,75.39891142914833
10959,26.912706314214,15,110,.3154588481994724,.4701120654622989,1,70.14236544237768
10960,27.40044457302474,13,100,.4042016986335214,.5167036214522206,1,72.04509196551527
10961,29.82055727718261,10,133,.5901600709732261,.4821672658771498,0,72.07093583005714
10962,39.90037948000265,10,170,.4062258802163331,.4102237581889679,0,75.74137327172912
10963,39.87511612741616,11,171,.4570196550423902,.3399667844557846,1,67.54358166462323
10964,46.78016530460933,10,372,.4262553180253503,.3266854150752545,1,69.22106501465882
10965,37.92515102483029,10,119,.5477865954909791,.4287211564688788,0,69.30352546372873
10966,46.00497097545807,12,59,.5126089852179274,.5639838675367845,0,75.69789968819637
10967,44.23315435470263,12,129,.6624070488418298,.8379328290012523,0,79.98316311888873
10968,35.86613972445745,13,85,.4074108210780329,.4265513402591922,0,75.90316373614516
10969,33.81182222035967,15,217,.476874223258534,.6656993103444584,0,71.13707124293501
10970,47.02502969934477,12,52,.4876508373668934,.3453394817679164,1,70.7355574780664
10971,29.6837750504975,13,83,.4487131776984337,.3594683279016591,0,76.64721739429307
10972,44.51350648960911,8,74,.4799946958570304,.2577837415547762,0,69.07885828390089
10973,41.00992809866541,6,228,.6018712854105188,.4559505638067881,1,67.68758558252809
10974,38.4232570320689,9,28,.4647874008997282,.5658889556809665,1,73.11224326777973
10975,35.88950120068428,16,246,.5813432190155305,.6343771935440012,1,68.92777556039302
10976,34.46873792801928,12,74,.3853853642424273,.5076194319711741,1,67.20837864750231
10977,48.14310600738747,6,68,.3565101593718076,.1904691124710916,0,68.68066677023265
10978,46.58306261037364,15,409,.3458997524122165,.3279069214351474,0,75.51638708435593
10979,39.8657544309859,13,53,.3711137032262735,.2985311783793775,1,69.59944993770755
10980,41.27843129287922,9,41,.367023628817843,.2569422912998821,1,73.19790796759925
10981,42.25032916393788,12,83,.4433441935970037,.4595299132069834,0,79.40088797395462
10982,38.64845160766905,12,77,.3615349441864839,.4128135262190274,1,72.79201873361399
10983,43.33510671110494,12,89,.4745119481381567,.254510350965871,0,75.96858483484054
10984,38.17258849108891,17,75,.5279730624284793,.6029388604979247,0,76.824533914425
10985,38.3809888003227,16,50,.4008327386347276,.393251764118503,1,73.47097700568209
10986,38.48727931975021,14,39,.4792948059170186,.6821346544831784,1,67.3019567057206
10987,40.80106975071458,12,16,.4652671460779377,.4564617644137909,0,74.65730213448637
10988,38.49487855461902,9,146,.5178720661951993,.4755370371672432,1,66.81854990747992
10989,44.28695894798403,14,43,.4211341041895368,.4312233144422455,0,77.66489221474849
10990,28.96839789781533,12,64,.3021178760613511,.4741988024014893,1,64.48625127447488
10991,45.41278957230302,11,136,.5963263416206473,.5319889655216938,0,77.95193397899291
10992,35.31273523359354,8,44,.3500679699699477,.4657237914913092,1,72.47011632213083
10993,34.93741910664724,8,275,.4315214626995328,.4163446999937013,0,78.3125929314224
10994,53.5274639502267,10,167,.4235439610166764,.2194804418542623,1,67.6421331728104
10995,34.67182690954837,12,54,.5609986741044088,.6765428442567173,1,73.99044927564981
10996,43.44948508229214,12,78,.3858745860745735,.306151590269272,0,73.54110556686294
10997,38.94244157562463,10,165,.3365296849954643,.0692670417489596,0,68.59393408714763
10998,42.61823002493094,13,65,.3562387416968809,.331256695198629,0,77.43575835755244
10999,48.35351712132741,14,145,.4806256734851869,.5289510268671772,1,72.99029896478203
11000,37.30356611454955,9,59,.4469836208651341,.5358765266722164,1,71.26229595344574
11001,32.50611226597489,10,96,.4772928616704028,.333375978938843,0,76.12695687232852
11002,43.73943747856656,13,88,.2685820552451005,.3468764228328444,0,74.91539698460906
11003,41.19073173083896,12,419,.5172258932591877,.3212121823431929,0,68.1494168944719
11004,39.83290738903347,10,396,.3391118760468133,.190422087693087,1,68.75233534411365
11005,44.05783919888366,16,176,.531495092682716,.4722159693272573,0,75.03686493999152
11006,42.45017421858001,20,51,.5045590564060465,.5577193635457146,0,76.2118870800587
11007,39.73853284268735,12,78,.3957845210015874,.7417645393336263,1,73.09882569772408
11008,33.29543783532279,13,77,.5260157319978365,.3388810507622617,1,71.2045198267767
11009,49.30494228342572,11,88,.6991962076520909,.98,1,73.94674613996267
11010,40.92853303418741,8,41,.5593215295171912,.674446791525126,0,78.3431631430619
11011,37.6748463948397,14,153,.3781320463995839,.33575792966202,0,74.93191318002678
11012,43.62433980388867,9,45,.5679611360505096,.5579901203915714,1,71.52972399769874
11013,33.9642386905909,11,103,.519632188803864,.5929620542763023,0,75.07376334859579
11014,33.51038252462045,9,144,.7065304963491952,.7736078369031429,1,71.31851929193215
11015,43.55712804020126,10,132,.4502793442184216,.5387790507703176,0,80.6826600461568
11016,33.24152442818279,10,85,.4138816902985988,.5154288417431359,0,72.32560532627087
11017,34.44533497340115,13,140,.3214031059236516,.0929535599517882,0,79.18541723782509
11018,39.38864194008228,15,42,.468692871848549,.4289329631244433,0,74.69203753899895
11019,39.41800678000769,12,174,.5483738760989656,.3765355784610991,1,71.39482036122014
11020,41.8297951054422,14,290,.5237449923573585,.5303474548556159,1,68.8609151340391
11021,44.26728179471988,12,118,.3215830184137559,.2629946319165707,0,77.20936057581496
11022,40.76200692688232,14,101,.4087531503327699,.546976394292136,0,75.47400660170035
11023,35.65588662199248,7,46,.5482391988308841,.5751440055435444,0,65.23603291748432
11024,54.03120136931231,12,289,.5418387185381396,.4558257782216008,1,74.68308372899175
11025,39.98586306417937,12,153,.4571590559664957,.2774503570943582,1,76.93451089032978
11026,35.40495011950296,14,172,.4210125395105033,.3605396874749396,0,76.13338061757919
11027,38.12406670868474,10,159,.498485430115457,.4623114634531433,1,68.1072485837343
11028,54.32314685125417,15,93,.5088194329317606,.4897318948452443,0,75.53847853867373
11029,32.11290714551521,11,60,.3517675538885942,.383191278194846,1,70.19862390280949
11030,42.23135030155262,15,171,.4466217399728591,.2510282363967572,0,81.69487194453501
11031,40.74279215738024,9,67,.2282476672920471,.2555747249612405,1,70.23185313719999
11032,37.31523451751858,14,59,.4575974632272969,.2470193789771478,0,69.38057993110067
11033,40.53703868209656,14,58,.4838504932251393,.6397892129913234,0,76.33244963974388
11034,36.94623616705437,15,144,.4248944154803703,.6332310434110699,0,78.0007283420143
11035,43.81693075554784,9,150,.55791588096472,.643475207949974,1,67.06026947790384
11036,38.11423920247768,14,33,.2783717468500183,.2826116549182514,1,70.22267869084908
11037,44.09717893527993,15,190,.4252682443556881,.6092164770098901,0,81.52659838991855
11038,40.27015997448527,7,46,.4908250672041494,.2802094104249843,1,63.96056540194809
11039,37.19640239919427,12,52,.2545262309254521,.2688546248885941,1,66.6220094432154
11040,35.47931987765713,12,80,.5362258095870549,.6397499566323321,1,70.67349815745165
11041,36.45873573324755,12,49,.4125821922269864,.2805478026979242,0,77.79619486861824
11042,40.18921942045202,14,102,.4274372602204035,.3267287685345315,0,73.80712133399545
11043,37.98853658167563,13,178,.6438025150842323,.5390912620717591,0,82.09484300920246
11044,36.20569366697982,11,106,.3107898993808119,.1016764742226666,0,72.43603739311037
11045,41.62498757350869,11,105,.5792185103655144,.6021148385027018,0,69.215192405216
11046,48.40801971539336,12,66,.3770354707701304,.4047383862732933,0,72.05220593527292
11047,34.48412892579071,16,90,.4045390462009386,.3786798473864635,0,76.26034246258854
11048,39.79022726560997,12,110,.6681636684034137,.98,1,70.52943370911265
11049,38.50650956368033,12,66,.5029424805652791,.4732529434504337,0,67.67573497764158
11050,44.91641792571594,16,187,.8232036428162369,.9346186808517999,0,75.70457311323545
11051,40.64043117740495,12,61,.5270561643951422,.53114007154785,0,71.78987220042873
11052,51.57877856798987,13,119,.3118003923442748,.3526959422980432,0,70.1825052380225
11053,52.1586277590816,11,187,.61822469582327,.4803140742481805,1,70.94045186868365
11054,37.49561622388372,9,350,.3727275973627113,.282645226811515,0,76.11565017648317
11055,43.20323843113908,13,70,.5184682095510451,.3414042576851227,1,68.35696597268493
11056,39.97009952079962,14,126,.4211525735167221,.4147334782067308,0,70.72304968947368
11057,38.36062025761881,13,46,.4273172319329216,.5343826914714354,1,70.44459322140338
11058,38.3009530491879,13,40,.4040570467019203,.2840971694259528,0,76.78429326696408
11059,49.17117018767615,13,191,.6399805216882193,.5213710374595016,1,66.32955229228995
11060,33.47107968666138,14,76,.3423745643992989,.6030467967131672,1,68.27368936050637
11061,28.57399495087571,9,58,.4874957061235886,.5519796301199352,0,70.79165593077714
11062,55.15727583906005,13,61,.3854652669689914,.3367090942207546,0,78.50548152596578
11063,48.5455330879845,10,420,.3727943751819208,.458211326616881,0,74.99122644345087
11064,58.37377542493128,15,109,.5128712354045901,.394621531724175,0,75.88946536776726
11065,46.89265163326175,13,46,.3503760592043613,.1173602768643572,0,78.28003161966686
11066,43.11693901224572,12,94,.2579950470308067,.5384429887348705,0,77.62426137964799
11067,36.24914746868258,13,72,.465925113284866,.3344736417840325,0,72.32079766198868
11068,34.63861851912323,7,47,.3606842001626779,.4094455604301068,1,70.08479430177371
11069,37.42742371833445,9,60,.4242316280735845,.4666766399711649,1,68.00500756383258
11070,36.16527899792893,14,187,.5348834520944086,.4903655604470317,1,75.01037226193039
11071,29.98074473292132,7,28,.4188014218404023,.274197269122999,0,72.68754147488369
11072,45.48952314092271,10,68,.5008812867951127,.7184954997196685,0,71.94753061372295
11073,38.22617811113577,14,133,.470934720942593,.3294516095530765,0,76.80800451358651
11074,41.05040785467733,12,118,.6173909600581383,.5115788983380045,0,76.513976810931
11075,46.05520260706489,17,73,.2594389486837704,.221324319077583,0,70.20399423490919
11076,47.25275641774218,9,36,.2679505529488455,.3638492412908991,1,74.75661485301809
11077,34.58064504611441,16,110,.2601776631366797,.0694955415466762,1,65.63614803889425
11078,35.8762373847113,15,128,.4958663987885966,.4721903037842836,1,72.70952988708873
11079,40.81331030710754,12,191,.2894582984212993,.4236329170277817,1,65.97037971903691
11080,43.44363340427461,8,116,.5921250979613055,.4681029509414449,0,81.52314576444806
11081,39.72333541292513,15,23,.27059547316345,.308003145069228,1,70.28373069644449
11082,33.4824594549618,11,106,.5940435568399483,.6439626194528434,1,67.09526135014821
11083,50.9234761264356,13,19,.4756731553022663,.5608539833704447,0,72.53048942870423
11084,43.58502372190025,14,41,.5679347272006683,.5993401428119529,1,76.68115800567041
11085,33.66881719647016,10,100,.5790477857026848,.669905141386493,0,77.93948888991009
11086,43.67678590850129,9,31,.4122806929872624,.2800237962707194,0,70.94668909496804
11087,46.1557459065214,10,93,.5999365619259793,.6472185281659419,1,65.89144193030205
11088,53.06176559436578,14,166,.4706256646039784,.5065884630353527,0,77.1234053383552
11089,40.86454120736725,13,160,.4860576438863615,.58470120689575,0,82.37027790524508
11090,40.09488730875431,12,54,.1727036938704966,.1589767357984085,1,70.13164411382994
11091,35.28026452970112,13,246,.5733058267471944,.6747394045863681,0,79.46510294259753
11092,31.4581393066835,8,255,.5218230961873038,.3796724203479527,1,70.61510860621567
11093,28.70436145275743,15,221,.318263913754719,.1632369261367888,0,74.49086619531826
11094,29.94717964911491,12,92,.7946213961847599,.6842865157289125,0,71.55263523131559
11095,29.36463591719932,16,63,.2989818605299272,.2016101136364596,0,80.92848363600575
11096,48.48021208494593,10,112,.4500910507349233,.2192557937010643,0,79.00001670167649
11097,52.40882814822051,11,195,.2939971089786634,.514576705197643,0,74.37352230654764
11098,43.31185912112473,15,137,.3574107892823959,.3180411792523765,1,73.23629198160899
11099,36.61386091526899,13,166,.4475829742551035,.4671706525545313,0,73.7320346399769
11100,38.83711564996737,16,177,.4223571283126038,.1365871359937992,0,71.69733449168005
11101,37.47012475544958,11,57,.4104522646286668,.5504342815179414,0,72.7547539735985
11102,33.99305416344148,6,59,.6525945039347534,.9095921588807216,1,72.87546649711156
11103,39.84162777619348,11,121,.4411501271317924,.6894892839029233,0,75.65246508676012
11104,47.246362272413,12,110,.5344781149365643,.6757304430166271,0,74.33217262848233
11105,43.88224944862105,15,143,.5527456712378652,.6325775740253532,0,75.16376836264946
11106,44.11078491779423,14,130,.4594169692473667,.3857825093929583,1,70.24187918807418
11107,40.24727650869376,12,44,.4224634282238395,.3774427984748727,0,74.36356848351382
11108,44.70357111015017,10,207,.3796749163304228,.5027311924712061,0,72.36759558450801
11109,52.23787959460834,12,136,.4016847036778972,.5551162716505196,0,74.31171864646505
11110,34.03741972264928,7,50,.4739181703825107,.4487199981158381,1,68.88667518182281
11111,44.16768344675025,9,86,.4589953555483138,.5015462149904893,1,65.36262079532173
11112,46.93004790875578,11,128,.5883430132468592,.5490693788696186,1,66.14227489928071
11113,44.73113846233644,10,166,.2942938513645438,.5814837833182982,0,82.39805754464044
11114,44.60783684453104,13,66,.3793340553785089,.2318102369307061,0,74.51743652181439
11115,33.46865518513857,15,13,.4511361447541952,.526717312018909,0,74.44733701174661
11116,41.22256418666046,14,301,.4065829998836025,.1625974099585112,0,77.23965438517945
11117,33.62402922380844,10,46,.3272192695631307,.4025851511943603,0,71.29798848503141
11118,38.32996312557045,18,21,.5969692163370021,.5802537460330176,0,76.14504469068818
11119,36.70925203523372,6,92,.4936528029642559,.5980862059796218,0,74.7483957616239
11120,44.62330145087153,10,73,.5612518302352724,.6595453412280574,1,70.97540111866391
11121,41.81624355151516,10,72,.2354377818620358,.5088105340821878,1,69.80523483474377
11122,41.6434513390515,12,87,.2341182465597121,.4387823578212571,0,75.72242330152683
11123,43.81009939978939,12,117,.5520559234562707,.570622579117536,0,75.87462165250905
11124,38.476706835046,9,56,.4393451688708447,.4423320541337362,1,68.62971038621451
11125,39.00855780621445,14,81,.4491344548099929,.3648739789265325,0,75.68115803376314
11126,40.8335796740377,14,50,.4387545543720431,.5179935430032691,1,74.74855159758614
11127,35.97024659590848,12,198,.6227165389854585,.7242558936053398,1,69.76931775670096
11128,46.82117680654243,17,115,.4636145566686679,.5092669940354909,1,73.00958971984861
11129,38.92403094990592,14,71,.30631330181964,.5307117692320519,0,76.19320089273899
11130,37.43536377619684,15,119,.2207253289675164,.3260574832892707,1,73.28895871803266
11131,42.4042546061851,12,107,.4278536430986223,.4182764705086937,0,80.55183427402872
11132,42.66447802654525,13,148,.4745960301980786,.245187690469633,0,73.15904206836211
11133,41.64946148830642,11,90,.6178636813939449,.6017166021824467,0,69.21590687833714
11134,47.89429157512949,10,214,.445487369616778,.4950449394907681,0,77.14120741942055
11135,37.2137970677251,13,122,.3385393669007226,.5688354630799566,0,77.10414554821419
11136,31.80577606844248,9,86,.281127635236856,.5251481513874987,1,68.4845870791182
11137,33.94535669854076,11,117,.313756236000707,.195385208566752,0,75.14471520464245
11138,35.3253710578126,14,256,.2681624924545045,.3816101708162168,0,82.2817309808523
11139,41.26830720572576,8,85,.4550272155441005,.5647450883020066,0,73.68232760689189
11140,34.80206347853708,9,52,.2890197545775093,.4334743385816493,1,67.51020776368703
11141,32.89188446143766,13,32,.3050595582436395,.1921563126795147,0,73.58114623581571
11142,34.56562037778754,11,22,.3855555939692429,.1637220068732166,0,80.24838420003009
11143,36.49899172131623,14,116,.4729823643754052,.4586786242413596,0,72.06474689921023
11144,42.59014764761302,14,71,.4453333763959909,.6276430000713609,1,68.89734235124669
11145,42.86888641626638,12,25,.4745358533958173,.5771042518617296,1,68.3088294609866
11146,38.11623985950246,11,73,.2411481713389309,.1991629080674708,0,67.75972682777868
11147,53.76028226896033,9,103,.6041078453937712,.6772492202484082,1,72.43187595465044
11148,48.53761624357628,14,51,.5117244011523631,.430185194275004,1,74.96556506092909
11149,40.03844478536284,12,68,.505308870350067,.2724532900636161,0,73.46703768490281
11150,44.03710427565304,12,138,.5155497619938308,.4269383096792583,0,75.59732232732323
11151,32.6195363467387,15,133,.4751965420427706,.3743977750406202,0,73.24841621608826
11152,43.8783433989144,12,146,.3725090558589442,.5180900198868432,1,66.43842240954076
11153,49.15659859123808,15,53,.4330347258850216,.1794272553437041,0,76.03998803358763
11154,37.02057643879481,12,163,.5933947851296739,.5568039875764058,1,71.26147984330744
11155,42.80938769329227,8,106,.4591268886212979,.4956868046809821,1,75.08859518451436
11156,44.52140876929204,15,59,.6664277632397638,.5117798813338895,1,71.70816444683393
11157,49.74392042534864,8,143,.4820695160310733,.5208787858460464,1,71.7988482662345
11158,36.26480759964394,17,112,.3609696945845819,.490033686609174,0,74.75822005504232
11159,33.69728842080757,13,206,.3380929008574488,.4177630470979441,1,68.26275800530314
11160,46.92151185281624,16,79,.1752126474411629,.2658057037453475,0,81.07695076207079
11161,37.11086224529355,14,46,.5739131203295219,.98,1,73.01718323178446
11162,40.9365160739255,15,436,.5234634476184974,.4430009728146277,0,73.00261181361404
11163,37.48308606728742,12,108,.4490173464250089,.4704580329023912,1,70.04697930000388
11164,35.2803673876617,15,43,.6083381558986127,.484663757268218,1,71.39920112380116
11165,37.42788776563303,12,33,.3911793667183293,.3245866045608301,0,73.8335661596338
11166,55.54417200041618,14,36,.505920582122892,.5741947269471842,1,73.01936196407435
11167,44.06753221147659,14,219,.5522647303035605,.7434044125830896,1,75.56794095586928
11168,32.14934783327435,13,290,.6320411759891256,.7561295120820555,1,79.00889816766339
11169,39.31904894168753,10,361,.4414172258553775,.394995650806039,0,77.97324916997617
11170,35.62612000585131,12,58,.4043325502082353,.2997044438603693,1,69.32430101388314
11171,44.70598895975392,9,89,.3868001516194203,.3766140748790618,0,70.61539376721589
11172,33.22617355562765,13,106,.4234330037840021,.3797554968779238,0,77.59741888863671
11173,37.52322474688024,12,73,.6266744082482367,.8764203509034321,1,73.65399015387945
11174,38.1270621794927,13,62,.5966820833296403,.6177901525006413,0,71.23515742112843
11175,37.19090515563461,12,34,.354199905633266,.120074954353875,0,69.21390913138018
11176,25.01410045506303,13,98,.3356448840523992,.4828549460365447,0,70.00391156282235
11177,47.91109284900768,13,30,.6178550061756662,.7050020308238225,0,73.10892043186939
11178,35.52285890377058,13,24,.266033172178305,.4002346015670251,0,74.76120985219617
11179,30.00622281391399,7,85,.4677526166044128,.5267126088051071,0,67.24597921851087
11180,35.90983943593932,12,31,.4253760537183172,.4908580566953986,1,67.43850525931438
11181,32.61273519205113,14,27,.5594953515932133,.424998559185195,0,73.04524468113209
11182,51.8762738907886,8,35,.4342511739762067,.5135580686048135,1,62.92230796237645
11183,47.27085018834497,16,59,.376440859139559,.1806151144618165,1,69.53452126588648
11184,41.6950033997337,14,162,.5737775360486773,.3134251045436309,0,69.68541708756327
11185,37.67725923913159,13,210,.5553358974952234,.5922645828721199,1,68.48331078114936
11186,30.28122962435648,12,48,.4268578485068182,.4587929099398133,1,71.23498067363259
11187,38.43844630828756,16,32,.3166946123392467,.0394721009258722,0,77.65002766913382
11188,32.70126297946381,11,53,.3292824264222601,.5525058287286512,1,67.55284591189653
11189,33.7193103634888,10,25,.5200294558872898,.7188923500035479,0,72.92135158041816
11190,48.38089208502413,9,231,.3903917578844475,.4451020797667756,0,69.554125811503
11191,35.68078224733184,15,82,.4912276592299393,.4280270723409607,0,79.36921830508994
11192,46.11156817897887,8,137,.3247968148634759,.1994821805847976,1,65.96852029072244
11193,40.76891220980691,14,60,.609297117330388,.4048902594349031,0,71.59439246429744
11194,37.55306491291501,17,226,.3742606347314084,.6307658907013948,0,81.69812989782747
11195,37.4933173528017,10,310,.3517317675918168,.4523846772750965,1,72.1193880553427
11196,34.21345482213642,9,30,.4336348086758012,.3468804212722482,1,74.24589763719604
11197,30.99592446792828,8,64,.4845508658264721,.590148832722051,0,75.84234841170647
11198,46.48343928358891,13,110,.4755971429383664,.5727087375761257,1,70.98375525216768
11199,34.70926196180939,13,80,.4356330732406928,.3479699678431871,1,68.98232296194341
11200,27.05860449959165,13,208,.4874862601437369,.6819055466798345,1,71.53280156535992
11201,41.01262537440142,11,249,.6440789763968782,.4699213770881168,1,67.44921484915183
11202,37.49599193945364,10,185,.3068096395207689,.2835607380338087,0,74.7030446295071
11203,29.59199493556179,12,137,.566649997672369,.9060203714574691,1,70.84151445042076
11204,44.19922863551916,12,57,.3676822025739335,.4860171519399565,0,75.68252552907718
11205,42.70684482147609,13,93,.6193906760294667,.4480897655036458,1,74.59163190981643
11206,44.23100321234139,16,30,.7273877058717277,.7877336125704597,0,69.55106739432499
11207,36.13887379540252,12,97,.563133415164166,.504645728368968,0,69.2643050418357
11208,40.49578704721083,11,71,.3458502699936117,.2387407288867008,0,77.09667923397515
11209,39.04742094368188,16,60,.4206566139545072,.3926027655385798,0,77.929632634396
11210,37.14446402526955,12,113,.5567741589693528,.329300790759337,0,75.40588217594055
11211,43.11412021487388,9,56,.4474860169378643,.7730523187176072,0,74.04432190746164
11212,34.74109671887656,10,69,.254643362586525,.2767057297535086,0,76.46314080509204
11213,36.17650168784532,10,79,.4453170728464724,.5092743732281052,1,68.98558841929027
11214,49.84300502502051,12,66,.6445439713761716,.5308712325721561,0,72.07719862229774
11215,41.86399282861671,18,157,.4114497813566594,.4872443222345532,1,72.03080319131607
11216,43.64188590554561,17,84,.4879736623821511,.2134196387866784,0,78.3774845183459
11217,46.06998092577998,14,93,.6650097355804648,.4190209197674922,1,70.03454706269297
11218,44.64275201320985,13,41,.281691997046082,.1409218308703394,1,78.91351390676894
11219,40.60730562748579,13,97,.5023933617366936,.5352849847615984,1,71.15532771212472
11220,41.98100521808826,7,80,.6378088794790427,.4740834369329011,1,66.83481237696748
11221,43.60653650692167,11,41,.5406848987822871,.5960864708555149,1,70.93277236407549
11222,47.00875650516878,13,122,.5424164677426093,.4495480502131097,1,63.07639565942598
11223,33.77368907261386,14,105,.2537982666092821,.1859223850846619,1,71.8105093473189
11224,43.51253980044248,16,362,.539668494492002,.5661846253264841,0,70.08151478040867
11225,42.86504251226006,11,109,.4729734010879583,.6612443470048699,1,71.9681940408589
11226,39.22212859744127,9,133,.5761966355013637,.5710415220246852,1,67.21033164517171
11227,32.26590353526796,12,89,.2634601699291468,.2939976785287605,0,77.53845196086672
11228,52.01802484198573,15,53,.3607938693362572,.0226837823552009,0,76.14717103761362
11229,52.55448674850592,16,39,.4628652718807518,.4327541577645376,1,76.60259376828314
11230,31.53840332381061,11,69,.4811767139215104,.4056067330467988,1,65.458644468613
11231,37.15211889336307,11,119,.3022314174337127,.3416347850576898,1,68.5982343525602
11232,48.63660955176882,11,91,.4058327476976095,.4884548385505748,0,74.56397430475243
11233,37.97489131810723,10,62,.2268976097757186,.3589053763456594,1,69.31634430470243
11234,33.6379997325842,18,252,.4527457268813763,.4907133787158374,0,82.07151134086514
11235,33.43082221650793,12,68,.5948938465436824,.6316053854969843,0,75.42027908290156
11236,42.59340150141012,14,13,.4641069278414083,.5393608209367795,0,74.96169904096158
11237,41.41741957588886,8,41,.37935780151639,.02,0,71.88386276281885
11238,40.3234274361815,14,72,.4773848823811641,.4960877119949196,0,81.63100701980507
11239,41.73642660977796,11,78,.3692798724152688,.4680887381803818,0,73.996971862717
11240,23.96298681039747,13,119,.6655959453068035,.638700034932065,1,68.93624737512229
11241,43.53113433847784,14,105,.5194652140885145,.3972115246227136,0,67.98335011946945
11242,35.94464885857516,9,52,.5435249605535319,.7873345799660463,1,70.34389339209261
11243,42.01411035677248,10,187,.363651475955656,.5274823542709794,0,75.66940222894588
11244,41.58318054275197,14,220,.5872960149836424,.4615302590375693,1,69.2761412836095
11245,43.59658581594343,7,83,.7283479296044474,.7392808610932199,1,77.63247216798509
11246,46.46109220423678,10,100,.368085100487911,.2620661067554768,0,81.50382919404122
11247,26.67779464432186,13,47,.2771673041609186,.2462327562274629,0,72.26894322360995
11248,39.20569021247787,11,97,.4190457416571061,.338572956779255,0,72.8346825676002
11249,27.53371424309621,12,116,.4139236956151213,.4847668708054357,1,71.82508203181591
11250,41.3133843924832,12,136,.4784414354229741,.2044735250928344,0,80.688949654135
11251,33.57547654024346,14,213,.5124261058998691,.6200061716543315,0,71.58758295086497
11252,34.84506901563495,11,169,.4578388699900658,.4033038345788227,1,66.79120664142205
11253,40.71493495675767,12,158,.5174550834648369,.4240513152426951,0,75.31439530478954
11254,42.19794972499774,12,78,.2864178421701887,.3468439255287575,1,70.15884124920068
11255,40.89280166718184,12,106,.4513718794752447,.2378661511846721,0,72.28465317494469
11256,26.3998377851944,12,72,.4544545724848201,.5310581222194667,0,72.87292322082232
11257,40.36545399002077,9,220,.1664485864164802,.0590442285116742,0,78.9071715165105
11258,34.18770245872282,9,61,.3398616267685591,.3062085847918914,1,66.7609629911711
11259,48.43443422255992,13,170,.3391822372256228,.501637690168083,0,71.40940037187849
11260,44.89670594561622,12,87,.5204680010597816,.5378032577842485,1,67.69766990034074
11261,34.9134503669147,7,84,.4496780886568683,.498865552495086,1,69.93164256799474
11262,32.09753775676363,12,113,.7406772856760439,.757962081260702,1,68.44823082229126
11263,32.98019175286971,14,154,.48546544872643,.4548565938989569,0,80.42812529127563
11264,35.14654902529666,17,130,.4022414069782269,.5202157771171179,1,69.96451069823726
11265,37.4548636328779,12,106,.18646517544317,.2388297533212664,1,72.82106801167402
11266,41.3327389251862,14,128,.237944571727002,.101794096075738,0,72.40372612562027
11267,30.42534394428892,12,149,.4057991289669443,.4554074775735774,0,73.23284974142638
11268,33.12484706762687,13,51,.391334447110209,.2995379088315556,1,73.09739950741675
11269,34.56519572426112,13,276,.5046695244934969,.2962040510952856,1,65.82249840606811
11270,40.00069225540276,12,133,.5509933185505395,.7161458992949922,1,74.3799626200184
11271,43.5671253803859,9,99,.1936028123020221,.443829512333858,0,69.51847533691274
11272,41.73797427170776,12,280,.1879406051424397,.4676981788657084,0,76.92920353254007
11273,30.8777565042022,15,495,.4439931897964359,.6033570105468311,1,73.01829751290316
11274,49.52018904028915,9,170,.4593962478177714,.4855250016883008,0,78.73666838858351
11275,29.81619405210748,10,48,.6111288389360536,.6497531919791746,0,79.86404856197849
11276,40.01359921592589,12,30,.2908757957291101,.4106722230040984,1,63.86358016820039
11277,43.09499445665973,13,234,.5419315606720586,.5436846350482947,0,74.95359467174815
11278,41.53874158699038,11,134,.6038512699953446,.6568890492929055,1,73.20177805312545
11279,40.31890530017317,13,53,.4783633531737319,.5148233982904862,0,70.73318171529428
11280,34.8699068447107,17,88,.5997653385979131,.5760726263457254,0,79.42262325186356
11281,41.86821507332751,8,143,.5213206474384364,.3721566774878992,1,67.16796624955676
11282,34.3571037600566,12,32,.3495231904307098,.0710273214185347,0,75.31368189700295
11283,35.64510714208124,15,64,.4760680501683769,.232316929759527,0,78.41888225601761
11284,38.43340088745597,10,86,.3310541165842699,.4912116040567531,1,75.56659895919611
11285,38.30640512411505,14,147,.2903352796389209,.2590906940200924,0,77.7895218725187
11286,39.49210498530611,8,117,.3485015748777254,.4110370111447436,0,72.29837295388343
11287,43.8793998693716,11,109,.4924700169804354,.4352577319095901,1,69.74620651242007
11288,50.5856080982399,11,197,.521853832417009,.7402861634379618,1,74.55800352989594
11289,37.29705289607656,15,72,.4527107397661197,.8184047204777505,1,77.06302462292187
11290,34.85003364059054,14,71,.2951812507028855,.1730889511764827,0,72.81767079307642
11291,40.20123402550954,13,192,.5781164749209582,.8044124100961274,1,70.87534960412493
11292,43.70686673308261,11,49,.3182999239657761,.4678707110924437,1,70.10051306845689
11293,45.05629635735665,11,244,.4235714689461773,.1321467260940236,1,67.76812750460822
11294,29.29529279902944,8,80,.3162720657864518,.5111895128233763,1,65.81208162655052
11295,49.39431510580093,11,89,.2881421478053424,.3688186141416968,1,70.971301744664
11296,41.88541059802537,9,89,.4199626492931289,.5713788892374732,1,68.22497214056114
11297,46.65874469929351,16,167,.5540927478041799,.1430063880005975,0,74.23508053338624
11298,31.21041369087808,10,185,.3926497253519053,.5695302370618256,0,80.70402474742737
11299,33.09154331026493,10,97,.3090657426065045,.3584651048719718,1,68.48304865503376
11300,41.35597582048184,10,31,.554932812029134,.670020752369453,0,75.03211076317083
11301,43.9787776786351,10,232,.1924448736008367,.1595466981114635,0,72.92596548302267
11302,37.68998613324513,15,111,.4934902672039577,.5793751347986577,0,75.18557167472413
11303,42.67863314462987,16,35,.4930170446006689,.6113748195794798,0,79.91925898770482
11304,48.09853596555215,10,34,.4493320874086253,.4704889804500887,0,66.51313641828904
11305,36.87722965137034,11,97,.3756852577987281,.2895854037950575,0,70.34048582495988
11306,20.10081959115349,16,167,.4823133650870851,.5058401407327325,1,70.68587940858514
11307,39.61356585728753,9,120,.4075239896330004,.2099344097713501,1,64.08166860882405
11308,36.41967018965283,14,286,.2589774861172791,.3566695642662484,1,75.4307867230257
11309,32.75221606316673,14,48,.5832779580323371,.7174181732635858,1,80.20729356231477
11310,49.72276519890573,16,220,.4704080505912921,.6202183769855125,1,65.90143563415103
11311,41.70429329167906,10,103,.5400612418774098,.5585066641467606,1,73.13717414996651
11312,32.46956042506989,12,240,.4651198842592203,.4034318037394432,1,71.40894444182769
11313,43.27975823785778,8,52,.491117588176237,.2850947215670586,1,69.75171551782277
11314,43.04575645784173,10,104,.4749072530175757,.3069399986533451,0,71.89900890596485
11315,42.95246692099926,9,41,.5104268333877705,.2594534821209198,0,69.96595536546896
11316,43.45732194221356,6,204,.4967459769948454,.5719965541314324,1,67.77435733875906
11317,36.18677263362125,10,145,.4215603918513249,.1851296995698533,1,66.18480317513595
11318,40.49370573208908,11,162,.4850767426042866,.3436647063025451,0,77.75980374666639
11319,48.02615554824325,14,170,.5897680869445204,.5391661872990533,1,69.48133956480403
11320,34.35580525823308,8,120,.5842730394171773,.6273762233197988,0,72.4246088661036
11321,47.85516286271424,11,110,.3777857315440786,.8316391913902756,1,67.88702732928887
11322,40.65112268460283,13,100,.4531183156289773,.4793989090291083,0,75.44412771049852
11323,39.65913293195004,12,202,.3569709566840841,.522211217053546,1,67.49660541517538
11324,46.4358282228056,10,97,.6427641225322548,.6943305929583651,1,65.0313799500702
11325,39.72523957642722,11,186,.4700348179972219,.4377880046559359,0,75.38922396085123
11326,50.63623471681263,14,186,.5721250118670078,.5428700660991786,1,67.80182064919694
11327,46.67651553521821,10,140,.2880305858447751,.3025039167399242,0,74.50362283308409
11328,41.77611997229295,15,115,.6210194172134107,.8534049601637388,1,69.82183128560422
11329,49.79188668061616,11,283,.3140860580591143,.3869658986710382,1,67.37996560950199
11330,33.83539832268547,11,199,.464580422943013,.336315552869564,0,74.25573386176957
11331,30.46751159381954,14,262,.5002605235055781,.3404594040312811,0,75.49984346149463
11332,34.53231568594272,12,152,.3018681607871611,.2920875856655519,0,75.2335527932732
11333,57.41382813912811,14,146,.657982746509416,.6655213677998677,0,77.70342004602401
11334,36.9681674089163,14,46,.5060676222881033,.638478751666713,1,73.10910242974425
11335,47.10424263778935,15,56,.4009472227749409,.5296535642699846,0,77.36923439870476
11336,44.79323240735833,14,55,.6017100893522838,.3297693448986982,0,73.25275606450545
11337,44.60453605680143,12,62,.4728781295677547,.3862347326722711,0,67.18257887969904
11338,35.1275241587443,14,125,.6237522818224781,.6091229973777061,1,72.85786699234396
11339,48.25413400898849,12,99,.506574787156133,.2582173666547843,1,72.39787881363324
11340,34.42219151763507,16,54,.4543077516185399,.513807711383069,0,80.03239514212152
11341,46.79314213680317,12,253,.4269255949342291,.3323952400776515,0,72.19917466056572
11342,39.07418838656565,14,86,.2641390805091721,.4379257644129172,1,68.88686972015869
11343,38.06707329842995,15,205,.3460858002652206,.5907109750247441,0,82.16458331231549
11344,36.59770094876362,13,120,.3695000349017394,.5374270712413294,1,68.79406786253372
11345,39.91488836101387,14,71,.3273639260091017,.382692822789225,0,64.37928315074397
11346,31.65070412302955,18,25,.5793267271901477,.5310345745588759,0,81.01376445253685
11347,34.61136582985762,8,94,.2280743599459601,.1832900537522153,1,65.86193302948972
11348,36.23025640625074,12,45,.4338314001297865,.20965615199825,0,72.62253284134178
11349,35.09935002229782,12,150,.5884757509446317,.5338749249807619,1,70.26380123531747
11350,38.95825147277797,10,65,.5014949920947888,.4218626032758963,1,70.00540609623377
11351,31.97945094164817,8,251,.5283253745641571,.2407634356013864,0,72.87472125452543
11352,39.35085083165948,15,57,.4654271326099993,.4894438007272014,0,73.64935349560584
11353,35.37829776578572,11,115,.5103763081793843,.6584469819937122,1,70.76175509961681
11354,44.55916518995174,11,450,.4789532215769357,.476517417334577,1,71.29906344214947
11355,38.49507441446763,13,184,.78013975909037,.4820082764880158,1,75.90148250967539
11356,37.45089613593381,13,129,.582333976835014,.6056076851391645,1,75.94178372125522
11357,33.09597182805496,10,122,.4861811061428223,.5645437599576313,1,67.83439154931146
11358,43.70980560139316,10,107,.5122064154643758,.3291935009058691,1,67.20548492896729
11359,32.95246560246564,14,215,.5233382642573382,.5637223829916794,0,76.59755398397638
11360,36.81360328480701,11,217,.3862675199543716,.3402840164373138,0,72.26622545687029
11361,34.44432590256327,13,64,.2499081322180993,.3160316938517732,0,75.69696844489985
11362,48.15410806123032,14,146,.5439244553891863,.5073450996841339,1,69.04340925486892
11363,45.12997967136277,15,87,.440136488514869,.3791054630370562,0,76.746698548635
11364,30.72921056392217,16,37,.4410650617906945,.5308996072266871,1,73.37620041906528
11365,37.77789116102396,8,177,.2807194634287855,.3395547328546706,0,78.23292991857876
11366,38.19776598357523,7,48,.5398460787978653,.2864263245971774,1,69.59745713762966
11367,41.47439780104925,15,38,.630021900121849,.6056321131730517,0,79.28835250308529
11368,33.91544874394911,15,637,.2850661120090063,.4024956663046967,0,74.9977320820273
11369,32.78542127639018,14,60,.08,.2043139651987493,0,71.78666486477259
11370,46.14096317057372,16,33,.6061748004127154,.8735284446415716,1,75.10736338300228
11371,45.65768949341641,11,20,.5022251363120033,.4371660807918984,1,69.6945709946102
11372,51.80046218706946,15,398,.5549337755787189,.5263229989914141,0,75.40840427828694
11373,32.97992781549648,11,24,.3777005013245914,.4014970067594122,1,68.03448058421306
11374,34.81216853117962,15,211,.5331113803242838,.6019721936603736,0,84.85629900467002
11375,37.30195889768007,11,53,.232262175121785,.1665696040765869,0,74.95560970840495
11376,39.00379884308496,7,44,.2291980929685843,.084809610001882,1,66.2516628222392
11377,45.63498565421645,13,76,.5278364424832057,.551353157972223,0,73.2854293238877
11378,36.41506257708818,10,146,.4800378602671563,.4875798722993139,0,71.87214181414039
11379,41.69302929066111,17,97,.3556628231760396,.2381968538009752,0,73.44536154425448
11380,42.43480774050431,11,74,.5940303397094993,.8230655828283363,1,70.36932179680767
11381,47.75803740057899,14,139,.4337936391714486,.4538660807656659,0,77.25179368379234
11382,40.0518267089908,9,17,.2843442550680745,.3057010542265304,0,79.80962681692039
11383,39.8475620127659,15,49,.3988891483157551,.1910439918409292,0,75.34490455816319
11384,39.02698399240081,11,99,.5252371186630106,.5288283141344553,0,73.78463328280037
11385,46.90704062978458,13,79,.5836222736411862,.7839639848600334,1,74.14017874071088
11386,39.47651949738696,10,165,.3695225417674365,.0678652619836279,0,76.2435082702913
11387,44.97360069435479,7,180,.486941222423376,.4748857506766695,0,67.63142443774629
11388,39.91263451198233,16,91,.3501377525987704,.2536521178206969,0,74.19002597036936
11389,42.13340881940521,13,40,.3428823616557902,.3615027666411222,0,84.05423122008382
11390,33.45254599859816,13,35,.5178108104375757,.211275998919169,1,64.68196001616714
11391,37.42831373688483,14,46,.7292379589357127,.9432488057789022,1,66.95062907147802
11392,39.8475196299319,10,183,.3586510334210383,.3717307529910511,0,76.19918728856349
11393,42.05061187021041,14,79,.5943602800106247,.5833870275728994,1,74.87052384832288
11394,38.14595785807559,8,105,.517040517279575,.3918539029478334,1,67.34551453486091
11395,36.38984933100431,13,24,.5424752262318154,.6687570843572622,1,71.78241154766086
11396,40.77008182196955,14,104,.5055234629458699,.4232235717153165,1,69.68956546752223
11397,46.49271640026379,12,203,.5414708094291026,.4080124439937639,1,70.49152987914064
11398,38.69256431881976,16,55,.5058134182743341,.6583914458932305,1,70.49844488543174
11399,35.42744908456331,8,45,.2779112399642422,.123710298658434,0,77.38156002716661
11400,42.43806114262935,12,131,.218900426105243,.1154854682317081,0,74.3299072835599
11401,42.54855468780518,12,95,.4947518854093857,.4426502831128266,0,72.9508852931007
11402,45.06965299790721,16,72,.4985574868804636,.5898800744882159,1,63.64972549350909
11403,40.19233568021859,15,94,.7091821201788366,.8217027012637177,1,73.38139114049233
11404,35.87592241678423,8,54,.4305267542823923,.0751774498127648,1,70.19271313983857
11405,44.3089557758484,11,17,.5133941386757171,.5511528035889863,0,75.12032730872012
11406,46.8794569272433,14,170,.6213652542079007,.6704307507317844,1,73.56223713368719
11407,37.4151285244977,12,45,.3587510438941297,.2147729791698263,1,69.66936465360342
11408,42.1641044400435,13,133,.4993013350665026,.615521163018522,0,75.17791548712671
11409,35.29205195288281,12,56,.3710407766077017,.5263910730563275,0,68.75209132217007
11410,40.94807708773691,10,184,.4125261067754209,.2757984533602069,0,72.0904459437219
11411,42.79998853161641,12,107,.4948352307852663,.3963065555935148,1,62.16540832381187
11412,41.63244602554234,13,143,.4946660443942333,.4730142458589132,1,76.98228107101599
11413,34.61118088952981,11,43,.3292028645285547,.3146070337771876,1,70.20148849284639
11414,37.85914613338495,10,33,.3695834649474509,.2125428819299147,0,75.77363164804251
11415,35.64089419669922,16,252,.5184665917993501,.2603705596810462,0,73.40580985389124
11416,35.35540455011558,13,77,.3092953622988585,.2145289910096235,0,73.13771694590082
11417,33.48253230745205,15,438,.4261609568693709,.3974401319236721,1,67.9872562957196
11418,39.64935184293216,12,256,.2758549909645515,.2563745016630095,0,69.75330425023992
11419,39.9515438225908,17,46,.3941175876356678,.3151067846383329,1,72.87119146523915
11420,35.32821848660702,17,134,.4560825507450029,.4767366538126134,0,82.25607239658216
11421,35.99385313339616,11,36,.550546989649732,.6547839587784703,1,76.16656739736372
11422,34.35632602678282,9,75,.4569772989951937,.9283036015748565,1,72.75787503028683
11423,40.65816302277452,11,28,.4580431235850301,.4769387336952146,0,73.06831873930086
11424,51.80762353516202,13,170,.5134200214975738,.5655953044032109,0,79.06362355030659
11425,48.76293898221718,10,196,.6452262381142539,.7417206274196071,0,83.70230885287033
11426,29.69849649024627,12,84,.2199082945644006,.3300645895926059,1,72.15063279388625
11427,47.95312963222841,9,128,.3662321920705398,.523911830753673,0,72.03637119187799
11428,36.9259162632579,14,49,.354401473252468,.4239022214833313,0,77.13109510711222
11429,35.08792030288623,10,108,.3431493680768721,.2598400594740131,0,72.74267843579862
11430,21.0753719924843,14,101,.4599405995982188,.5569200853583519,0,75.74110745844295
11431,30.37966789075641,11,276,.4330695068335719,.6807468117941486,1,65.17137646779554
11432,38.79541555209497,14,19,.2353565003008954,.2372020187222294,0,72.52767403092724
11433,49.19130711474492,13,89,.4683910534289765,.4314595093074285,1,65.37236523185364
11434,33.06619430375832,13,61,.4181677348003094,.4121622831730748,1,64.51791738172795
11435,43.35565364205836,13,34,.5199952097986619,.5318017798888668,0,72.26487353173928
11436,39.13945781447118,13,90,.6599713833634627,.6355696681513083,1,75.00387036778233
11437,47.42058663529991,15,129,.5471707461054298,.4060272348233367,1,67.79498058187336
11438,40.2968702358645,11,75,.8154360943142756,.98,1,77.25485069885802
11439,37.75724399149292,15,76,.5075660963557145,.7014069705274579,0,70.65704046221012
11440,38.34452129015584,12,126,.3941798158271533,.4826414261538237,1,73.30566602201331
11441,43.96566483441389,9,247,.4825617157500486,.5339620957915615,0,74.12175809842009
11442,45.4461419127437,12,196,.4296346784889202,.3673462383662991,1,70.26995305554925
11443,42.73367915531201,18,221,.8070044866407716,.8465583093989648,1,74.45048751802426
11444,46.70386816895103,10,73,.6617041214386592,.4658022144486202,0,74.84013577230002
11445,46.68774357102863,17,120,.4274289932174443,.2368957325498333,0,75.28177331298018
11446,49.68033343314622,13,85,.7854994326260547,.7369925124128432,1,67.93679094010824
11447,33.21598632688963,11,85,.4322526463696608,.5672256886228935,0,73.41283287883492
11448,34.93389654530805,7,141,.5150113235540631,.867192377451695,1,77.60926359031689
11449,41.79328711014211,15,231,.4037050587185902,.2133534684481189,0,76.21677722898821
11450,41.64214093410669,9,201,.456820929897466,.1423638298045072,1,67.14887486567103
11451,44.28785261806416,11,95,.3031779759335238,.4164039273314075,0,76.58290299337045
11452,45.5623752874268,8,68,.2848090318760527,.254276170084645,0,70.1496351393138
11453,44.63167690599244,18,51,.5683222408099108,.2151729053264584,0,75.57074761290237
11454,48.38067877347061,10,71,.4275960417300444,.3707282718389241,1,68.95757753909047
11455,32.34919678210447,9,42,.3726562065562995,.5409141986022157,1,65.41430625816781
11456,35.43399795700498,11,99,.4123045150393485,.4883154872525192,1,65.72614226364641
11457,53.79730041459734,12,129,.4165847705004854,.4714431688223154,0,76.58046995563241
11458,45.87902878392354,11,85,.4808347768357601,.5829626614562365,0,75.10945558354442
11459,33.35974841019542,7,53,.4063927615178087,.1676558834462478,0,67.49668973975687
11460,44.95284378469531,12,65,.5174062445198381,.6748560346730049,1,63.86240608995178
11461,52.62934265436782,11,51,.2609894737500338,.368551697264938,0,68.30001854235611
11462,44.09386714826519,10,136,.5965337722627019,.725082050309495,1,72.93433982076925
11463,42.67262646276527,13,88,.4036237668768895,.528684583800574,1,74.28984633646495
11464,43.19887906709301,16,51,.5141145657444175,.5577609875720617,0,73.05193652575034
11465,32.33675396293542,15,32,.6403307018149471,.98,0,69.36316884419456
11466,32.73928388738934,10,140,.3636495901585004,.414481955401205,0,74.69622563693372
11467,43.70471923874943,9,61,.4255971385079196,.4799007425846522,1,74.5023545049021
11468,45.06744701563468,14,158,.3749040507432572,.531307484859578,1,66.41821706930114
11469,35.30886231267287,16,146,.5328558770187627,.7168492549894858,1,75.80769730519317
11470,49.11350115201775,11,166,.5772113227008052,.4580314471124587,0,76.06743735305774
11471,49.9570005791989,10,136,.4667987094705553,.67656090818019,0,80.68254578969923
11472,47.27266792524942,11,41,.4676676681062163,.236176548076058,0,71.84183730297494
11473,49.19063050311855,12,242,.523166496520756,.800970161776955,1,77.1465016431094
11474,41.97217633872049,11,187,.397490210095904,.2518636376354583,0,76.03773384866601
11475,40.86221689435183,12,63,.434215788649908,.4167886351023986,0,80.88861283091195
11476,33.14615471718129,12,234,.2995009497135719,.2265691543027553,1,65.54513409406954
11477,44.13879803841529,16,115,.4464793151281209,.4903262233952404,0,74.2913522113365
11478,47.67534112201852,12,72,.5904139089512768,.5608546864148212,1,69.6477272372484
11479,47.28308432207871,9,57,.4197029056630479,.5651265622647392,0,76.46478898513186
11480,41.27545257418319,11,134,.3879996005466297,.4912570121488932,0,73.94578770523367
11481,43.83787521821711,11,93,.421269210045345,.526039649191463,1,73.21531612479204
11482,44.86227596367674,13,86,.2381167351570828,.2982009331493572,0,76.16356747316878
11483,37.98021785857494,13,56,.3301335146996407,.2806313708851373,0,78.13410580071779
11484,36.75410781343871,12,50,.4026630397131545,.3908556924327024,0,76.8320940829699
11485,33.48413185775158,14,170,.3414167181131827,.2577141369876714,0,73.35462897958188
11486,38.07934163217197,15,33,.3831039264439808,.4225476691879587,0,75.42233676433654
11487,38.90172973071797,9,57,.5941195230617181,.2614405216260594,1,69.82023509789458
11488,32.81313811038103,12,132,.2742809535659645,.2290261194901316,0,75.26667339173346
11489,36.07801139553807,16,70,.6191326993634192,.6172390235473767,0,79.19239440680073
11490,35.63612963535582,12,65,.4965517775981171,.6083290590822975,1,67.74215047976256
11491,32.73775384481306,14,130,.3356727290385735,.4409027228575331,0,72.01901525942455
11492,47.59157454039971,11,81,.3746595424814589,.5057149420342573,1,67.70114672022679
11493,29.01235200173267,11,48,.556152366563551,.5761414093955537,0,76.54958600683526
11494,41.5272633619504,15,65,.5774360413398323,.6275421631035027,1,70.39830485065799
11495,35.69109706326216,12,102,.3686373481983636,.2925101901680896,0,73.05756309922266
11496,36.4988854235518,13,141,.6107337517340242,.7013391596541487,0,72.80412856723053
11497,31.72623159250787,15,172,.2875512651122925,.3172661604023782,0,75.49484331631437
11498,33.27358250736416,10,46,.3340151390907173,.4051622113197872,0,72.37015733697278
11499,36.25042379459907,10,70,.3252743411088449,.3201233895364006,0,66.86113684098382
11500,40.6212328376448,13,71,.4533309992039049,.5593342121895545,0,75.6022030826432
11501,37.25483836566651,14,76,.4304440057468565,.4457753100837873,0,83.23324852957842
11502,36.82051450500986,14,83,.3763836190063625,.2389355449496431,1,66.66361360052854
11503,38.83741623296871,11,268,.5763204914736129,.4459177603573086,1,68.97518826647223
11504,34.01340522541601,17,168,.47377847792984,.5724692316022386,1,74.26422196099534
11505,41.04121810341601,14,111,.6170005125569844,.5842296779949325,0,73.91930534943947
11506,38.47299359059799,13,223,.4691224456618708,.4784610229353181,0,78.98607692885876
11507,36.2468383650273,14,29,.3690740340586732,.5474225740462247,0,80.69710995768412
11508,34.56460453262527,14,93,.223980844766747,.3186603260767585,0,75.24198520888041
11509,41.50250108031711,9,45,.4598749766023055,.5594240831245589,1,69.52255622810458
11510,32.93185053563544,11,47,.4191490490365551,.2934747386414803,0,69.07831082456312
11511,44.55838407105936,9,74,.3904942354422288,.3869664861911907,1,64.99252489856566
11512,39.24766860939883,10,79,.6002889434787002,.5814521738569919,0,72.90871191843254
11513,34.39118571010437,11,22,.5142733378945085,.6761726589183337,1,73.65738583034386
11514,45.99872349074827,11,165,.4123980827669957,.2032143651395591,0,66.1454923383
11515,34.59774547497992,12,164,.3356573630925758,.5137348444638201,0,78.90809112716987
11516,60.47672615406655,12,99,.3805925547122274,.322891017880712,1,71.21850212909196
11517,39.13097540179078,13,46,.5332385419256309,.512806642092335,0,71.51606566639967
11518,37.9721203278285,12,97,.1876288778495569,.1387673402646748,0,68.02341095055051
11519,40.49555706254629,6,57,.5897420933931764,.3301936000001844,0,75.22578201936429
11520,39.43536809216538,9,123,.5339365861557778,.4405224004418193,1,68.63318268644166
11521,44.14483988639448,11,55,.528210498117731,.3763007317727368,1,69.19067849366836
11522,43.40900425978929,17,51,.2889536116814934,.1565379726174549,0,77.02351505501478
11523,42.63442032104459,12,41,.5262446564912722,.6306042987044984,1,70.69015863652626
11524,47.67419099660501,13,111,.5857999076263628,.6366418368108057,1,70.66522382273764
11525,29.02338051196037,12,96,.2917812618913754,.3263264032809349,0,70.34160734709889
11526,31.60306810305289,11,21,.4676987490869686,.3458642134383322,0,74.70219955012516
11527,53.02041793632533,13,111,.4342198776325246,.5164273784210143,1,69.00313289706692
11528,40.91307909358771,10,92,.5193961242728271,.5645097677862517,1,72.0336703670464
11529,28.93966404302829,8,268,.4267226896281704,.6773183052365781,1,69.84797204549417
11530,46.03156087767919,13,192,.5603723964097087,.6039450543666161,1,67.99357775855687
11531,32.4940177814312,14,74,.441804549487259,.4218536591812098,0,71.55011459347853
11532,38.62958234158674,11,250,.312433289284474,.1542806919832789,0,71.72703424923921
11533,43.56130282076094,11,51,.4380243257204551,.4027189593303796,0,77.24471701257109
11534,42.66702294078041,13,85,.2712945418462878,.2274512846784893,0,80.13775084499477
11535,43.20753263703241,10,398,.3333838441119928,.2446409297245476,0,72.71207349825126
11536,34.19376909001612,10,78,.2888200299248361,.326483305711958,0,68.55654361607054
11537,47.55021644337798,13,122,.4758048522757802,.1489638887183429,0,76.11125131679434
11538,34.94517647660634,8,112,.6553090799878483,.5990895835872214,1,68.99849098155363
11539,48.58433482978805,15,72,.2124069259354232,.0957548658551517,0,71.9991462031421
11540,33.46880015260641,13,163,.4182912886421458,.4020234366034861,0,73.59709471551437
11541,34.2187993451147,8,89,.5008722681130232,.615827538311329,1,69.3346632750913
11542,33.48465258395603,14,163,.5451003811843839,.6076636827161496,0,81.27390129441866
11543,50.60187645766941,12,94,.6921254289326758,.5079680787116909,1,68.88662851061228
11544,40.38861690688689,11,59,.4908043113963349,.5188003639001881,0,73.07912505340876
11545,41.55395409923134,16,37,.3087360115644964,.27537308756671,0,75.14064820639805
11546,36.19388691189182,13,276,.4123831813956639,.3155785296067893,0,75.26221109270402
11547,38.08077652711862,15,157,.6295642011341468,.4593313392249558,1,77.14430552869065
11548,30.51677572311754,14,63,.214286083870711,.0588690737781543,0,75.57627025285186
11549,36.13997274832113,14,25,.4352544772178707,.6012701936178535,1,66.47402622540237
11550,49.30079486515883,12,84,.3046923184349171,.5446180678681596,1,74.49190416780222
11551,47.4517814315348,17,59,.4203641658140095,.8939831256342017,1,65.91408572076445
11552,34.35201312757339,10,59,.4277662957133885,.4034328373478681,0,69.48180824464704
11553,34.25920183165137,13,183,.5618500159378365,.7094703954677937,0,75.18487565009529
11554,40.55508422489816,14,75,.488449299324943,.3714663065207306,0,82.19005852584223
11555,41.15329982174674,11,104,.4216175232881245,.4092522137156321,0,76.73881818556688
11556,34.95077678099863,12,35,.6484576089094213,.8098657593732208,1,74.03521161510288
11557,40.77592230018029,16,78,.6616793614401503,.7925604757772493,0,75.86319678596169
11558,40.3261755226513,14,42,.4452370982662825,.4047042581153314,0,74.78488223415063
11559,42.38433935854947,12,50,.5053019394488593,.4736032908799596,0,77.51379010130331
11560,38.93086420286394,11,52,.5312645230994262,.5324581493046046,1,68.08090410897697
11561,33.47752325676854,12,198,.46309171722756,.6521851333325989,0,73.5256007170855
11562,48.42633461186904,13,109,.3496358859541669,.64248609891321,1,67.45991847919245
11563,39.97902406001001,15,193,.5525847103988566,.6761568824100976,1,80.39445652550998
11564,48.40719752284681,14,110,.378909570454853,.3870889366177434,0,79.23474826133982
11565,51.10009805429259,16,62,.2980390419150135,.3110963381983291,0,67.83166331901825
11566,47.60180860032003,12,76,.5023336365492538,.352299868727536,1,66.18648869272198
11567,38.44562039647654,12,30,.5415497841485053,.5819967120546394,1,78.72026199932033
11568,51.0753649684628,13,166,.3866110532534216,.6338105918044867,1,72.60533842253869
11569,42.71977019819204,15,30,.5188742227107944,.4892680900356732,1,69.67237325823892
11570,30.67818999617718,17,31,.3535613768178875,.3524879377192681,0,75.45226330105058
11571,39.95567033850561,15,34,.2468341996474311,.3568238862350558,0,79.74832372249038
11572,49.29527498134102,13,160,.4853179095796087,.4610013163633205,1,67.71422176635795
11573,47.21708340976477,11,89,.3693754937958602,.657222651774056,1,73.30830749512421
11574,45.3752718639313,12,40,.4433267049271175,.6113315330376092,1,68.51233727677136
11575,34.73063600679317,11,205,.4297670809027145,.7095393567666841,0,79.03272867867287
11576,37.83277286848126,15,680,.2565383797998033,.1860035063226834,0,66.91112025824728
11577,42.62506558382983,12,74,.3099903718111033,.0497401333005038,0,76.19750734351236
11578,31.52395872372559,12,66,.2767235073646668,.3727881292175182,0,77.93326553917788
11579,41.76871941026303,12,275,.323688205624443,.278849150410811,1,72.52126691915919
11580,40.70452392884175,11,61,.4029740335910573,.3408634709663603,0,76.69571781355984
11581,42.04742881975282,8,292,.5554064593906836,.2510398669004886,1,73.94499227745536
11582,33.7272145422944,11,134,.5005354268429473,.3910775767664191,0,74.03289543185298
11583,38.64895400871112,13,54,.3007380903734537,.438722792227199,1,69.45716821491837
11584,43.50357119379369,6,58,.4942584456962941,.407474523839174,0,79.45068079253826
11585,48.65564896692958,14,121,.6505926792270547,.8188733265618143,0,86.21823577299487
11586,41.38539317598057,16,85,.302536281893969,.5589596092785303,1,74.12777297697333
11587,42.74127526670068,11,97,.5794787027237029,.6359190413577867,1,67.53464104251515
11588,45.78072421552527,11,79,.431735359669595,.5005296049502269,0,75.44145473459653
11589,38.40174203060978,9,101,.5250845067943507,.366850836294183,1,70.94486080410414
11590,30.45755055287784,10,33,.3939260144906004,.3457639134202923,0,76.76080585495224
11591,26.25904687821382,11,90,.477870810799176,.5232599208444817,1,71.15273280206078
11592,48.56885792946552,7,105,.4697307508143873,.3824999024838032,0,70.50805247021549
11593,37.69738632356011,12,91,.6395256638500613,.6120508996937316,1,76.87780892411362
11594,33.17664234677519,9,95,.5749660886750132,.8140359440498427,1,74.18005547016264
11595,30.16345610128051,15,147,.6065778654395382,.9511023694237295,1,71.18806603579156
11596,35.62578133290761,6,61,.4687283268002935,.5603960902434636,1,70.91013988019054
11597,36.20297357459042,11,42,.4737125449717491,.5836831303996817,1,68.85822186730591
11598,43.14208838275179,16,94,.3286755615348959,.3297850560457395,0,81.8413668128162
11599,28.48496291752439,9,97,.6313021450144485,.6349872927613225,0,71.27578672468091
11600,39.58389944383944,12,144,.3735441452320152,.5301900813966254,1,70.83127210235276
11601,55.47302565310801,9,141,.4295337039094532,.5576714093315767,1,66.26835898273532
11602,41.40178844375107,16,32,.3085568910726925,.3420729000478621,1,65.80890884533818
11603,39.24886542335528,11,50,.2421166395374499,.02,0,76.54062580954128
11604,47.25886711838577,15,62,.3472872664525324,.3075247838326423,0,68.49660348193716
11605,39.91663672268452,14,12,.3805006423895231,.6741982731252332,0,71.76838208210485
11606,48.80401512839475,15,69,.4725330346833875,.4293012305963261,1,72.93948618753252
11607,45.13780215848281,15,194,.3288192311369209,.5094948206519772,0,74.50120478488316
11608,37.22013719712847,17,42,.4411743839584092,.4056016787139191,1,68.78213284524878
11609,31.86420090739666,7,45,.4945266605952282,.626296732688968,1,71.37068890324866
11610,38.34706707279253,14,68,.6372091428544134,.6664057295874964,1,69.34599892973165
11611,45.93840225661089,8,275,.3952588708215604,.2560266037952663,1,64.20134117612824
11612,44.12268188027564,9,206,.4207215706916945,.512666616205802,1,68.22144252366978
11613,47.25636300181242,14,85,.6825095027173071,.6902438937806925,1,75.58356866072064
11614,38.82804226807571,12,95,.5075539977697776,.5369863140233438,0,76.87592802921668
11615,34.54032883404797,13,47,.453462381582735,.1944524414323064,0,75.42202185047313
11616,30.24948652650774,14,179,.3293804604180558,.2636489617462114,0,70.32691219920855
11617,41.88132640331556,11,538,.4193959403173766,.2544001830380258,1,75.18776088683536
11618,38.69668933976911,9,195,.4085901294578118,.4503750898797728,0,76.9082093429201
11619,45.76045826332069,14,76,.2115961129713558,.4342356362721795,1,70.29459682170902
11620,23.78241862312191,9,76,.4941430683682534,.4780760592722181,1,63.77149869826118
11621,36.97407708333752,10,46,.4648888379915623,.3945941030194473,0,71.43891766719857
11622,34.01124436515549,7,59,.475665352972787,.4485941828062824,0,77.15449698847395
11623,36.44667556266604,10,81,.37014970663952,.5958181418443272,1,64.58141994883482
11624,31.54813465118113,11,141,.5887981043128031,.4446832143455055,0,76.50287806379822
11625,37.22687671883038,13,92,.3766007490219618,.1651608385236178,0,72.85186586223806
11626,44.88452585125356,11,47,.5830293536345084,.5287890127270983,0,72.21417455149182
11627,35.56503871792061,8,353,.3510479862644753,.3462438465961344,1,63.80864312041717
11628,28.71467044969994,9,29,.4998030339545927,.2316783975748002,1,75.56109864493396
11629,33.01218648674534,9,241,.4784188943391483,.4242450037669386,1,70.27406520944986
11630,42.83811761450409,12,71,.3098440063478514,.1618718857700003,0,73.73265946059551
11631,40.58888774795115,14,50,.4736282291072692,.4488723938639292,1,73.93988255657956
11632,42.48869562017587,9,20,.4753618115190171,.5569733617417181,1,67.16771850333728
11633,42.18580100548557,13,84,.3130530955892301,.5133857393799828,1,66.54020098753934
11634,27.11038368763626,12,214,.419393359624899,.3518239459408691,0,78.01811019832341
11635,49.00077345813773,11,123,.3866987397052787,.2093037205233798,0,74.70419333170713
11636,32.91543440046883,12,157,.3955002943704209,.3389638309897146,1,70.55485106683486
11637,40.10737435119609,13,46,.3450425265024568,.1436420208815007,0,70.20663021262607
11638,37.36730447887974,14,25,.577256257989897,.3693289307321755,1,67.88918710697016
11639,54.62220626725669,8,331,.4269947272903435,.4768145768158427,1,68.34903155495705
11640,35.94908004679183,12,217,.5345532635559537,.6190472395411651,0,70.45949892367015
11641,33.91799498095148,14,67,.475206565208933,.6174494350093417,1,75.53067340386798
11642,47.51026327457463,9,136,.4203787485224948,.348902887322304,0,73.00345061494232
11643,38.83744587333022,8,18,.6879873132687905,.7037488089291336,1,65.08609789936449
11644,36.26005027939728,11,109,.4622459900502296,.5106623347280269,0,77.72147017011009
11645,43.96547875462964,14,220,.2164220577992992,.3553545849841936,0,78.59792414892797
11646,34.78346854126393,10,48,.2122134900416571,.02,1,64.91895305959061
11647,28.53305710734568,10,168,.4095302484339798,.3038140593218503,0,72.14502917798798
11648,43.45268286192123,8,113,.6717977106053992,.5417520636980837,0,71.3530284479651
11649,37.76949362769149,7,39,.4721737766464137,.4202317625010072,0,70.71287167077111
11650,34.04145454929873,12,63,.4844429349888728,.731176795709062,1,70.37542614688564
11651,40.41662283552186,12,68,.6298539005457333,.6955815349704559,1,70.14357134576318
11652,39.10090607662267,12,158,.3004897324602889,.326237064212375,0,78.86251403258706
11653,52.51575763222549,12,31,.502887710411389,.6200264472667221,1,75.10181453307951
11654,38.12655077659478,9,144,.6421347266406854,.6496917880387463,0,72.22975667795941
11655,41.26063122910761,8,41,.337250213743414,.2801771863465054,1,65.17062525489511
11656,40.04069162288161,10,75,.5455767338850424,.3796566574135254,0,76.30641122328301
11657,40.65052897168668,14,20,.5923788699734264,.5845617433675089,0,73.73409808091689
11658,38.0223550154482,14,238,.4149805655038196,.2300458160634317,0,71.70524938414751
11659,37.58974708627946,13,40,.6870119452194354,.7337577379166216,1,70.93369038285461
11660,35.39846735673964,13,181,.3792607505254908,.2636830456079501,0,72.17332932082536
11661,29.84146001193034,13,93,.2493568476974141,.3448474933964663,0,74.55384345154717
11662,47.86395903678201,8,141,.4960776823643515,.3606599821760023,0,71.40737881594897
11663,51.07343663127141,9,80,.4803811412620428,.3126708568935378,1,59.57405384422626
11664,44.59017761134881,7,60,.3907824659641818,.2050540249498436,0,73.41737786422786
11665,28.76786857121299,10,113,.3959129547276584,.4199230564457172,0,74.4193594672751
11666,43.73650641488734,13,124,.5678473321968873,.7452535563051207,1,70.26905427203941
11667,47.68954820282412,11,168,.3914399497725537,.4115571760295012,1,71.87290366125335
11668,42.60661273057934,9,196,.4265874867917046,.3241006913540308,1,60.60326690362493
11669,40.12895101698415,11,52,.6503754026969966,.7282322087193785,1,73.86348820103677
11670,34.53100520237498,15,74,.7899174059742355,.5728976829917553,0,77.72795125113237
11671,33.44746979754603,14,290,.3784702400527147,.257658717095096,1,72.81848815298252
11672,35.92486793279458,12,60,.4282912470220558,.374084142832765,1,67.94197956590617
11673,30.72602734751734,16,71,.5852763008352806,.5865138334678772,1,70.90761695935537
11674,43.70226405803052,10,44,.525206075577913,.7252115914918589,1,69.25638106444804
11675,44.13023173091865,15,101,.4910982082232141,.8555542648116765,1,71.9144011103121
11676,42.74063123840659,11,80,.6529333746275501,.772511916155172,0,76.30147513168208
11677,45.77928584252989,11,46,.4625268763934439,.5263051397112803,1,74.04580471863324
11678,33.70350012968329,10,114,.3331487624096566,.1097333870686539,0,76.96375905590392
11679,43.51780938066029,13,273,.4740078290808341,.485377605313767,0,76.44660596222487
11680,44.78373503080962,14,65,.538680615606503,.6494461270893597,0,77.52064650892197
11681,44.696289227168,9,25,.3227152666314393,.3766097031113378,0,74.30263192321152
11682,33.71201239741259,12,51,.4467318042566876,.7488348289125994,1,69.20583633589837
11683,42.66349156929471,14,52,.3029163655026065,.3208360864262638,0,76.58861668098791
11684,46.09061364720395,10,265,.3921119277045512,.366754665445114,0,73.10153393801779
11685,35.49660720104939,12,63,.7168909306609341,.8158254331508068,1,70.68478237316671
11686,42.46486950005713,12,126,.3671328519080806,.1583561998582814,0,72.92960469614114
11687,43.32987531596011,12,143,.5376106109717145,.4879530467649961,1,68.44732340984658
11688,35.00412795710933,10,50,.3607712928998328,.2876375971247398,0,70.12739166470411
11689,37.12540246690325,13,98,.4395341975989153,.5162485915942002,0,74.37409271190045
11690,35.40312273038732,14,118,.4134660187098089,.4531420270281,1,70.56811052185908
11691,30.59426940394548,15,330,.6020722898679847,.7202864645978625,0,78.1870028004292
11692,40.45699484760353,10,83,.5288979882649063,.4983500704347399,1,70.20801039350025
11693,46.79880489672163,10,58,.4411658162620308,.4859168809960671,0,74.28302630292549
11694,42.79333881825647,13,34,.4679914525548102,.4425939385536723,1,66.76298127255542
11695,35.29403970279357,7,131,.6007819047718179,.7085066685134187,1,69.77646351877914
11696,32.55694392099083,15,208,.4602531270159009,.3876889321416381,0,78.07790891221173
11697,40.81072469409167,13,16,.4968981015993594,.6551587700379152,0,72.30815733044439
11698,38.32707735544645,9,71,.48657326335611,.5439214685236888,1,69.88333493493872
11699,41.16013901494524,11,48,.4671364871625717,.4946416008806692,0,73.62679127782769
11700,37.44331680338898,11,94,.3631425366062694,.4255229926916215,0,69.65252805317589
11701,31.63990594857858,12,118,.3036328491148209,.3823284148142763,0,75.4241933273242
11702,48.93042398453984,10,28,.6709366290655425,.6080902374371979,1,66.1751320804151
11703,37.26516293935637,14,200,.2943741681708291,.3825448867995117,0,72.70636071469397
11704,44.00384103038115,11,58,.3647483389449986,.3337521104298634,1,69.3357357428597
11705,35.01222930646331,16,275,.4174934087279446,.2686453848590062,0,81.6270840936714
11706,29.57703273171537,13,106,.388151429091274,.4321116334168904,0,67.9793108803344
11707,47.47083248676006,14,29,.7383890968044547,.8651487192726786,1,68.39731566561474
11708,38.20448655370383,11,54,.5240760851997207,.6623671070500236,1,74.31607450814619
11709,47.46451432395786,13,119,.4835649352981768,.5307194796633864,1,68.19616119027339
11710,34.35215982128024,13,61,.1972848822346154,.02,0,66.24444612439294
11711,48.23869425541555,13,138,.4167783271861695,.464424661127377,1,69.50849685678543
11712,48.50800731243883,16,74,.2003535937124992,.0308962738543523,0,79.11915944087633
11713,44.45967686950406,11,91,.5113931548391689,.5498002293244606,0,73.68920848447569
11714,36.09825385062545,13,97,.5707405552025706,.1669918242413047,0,75.5167215546699
11715,26.18325945983042,6,56,.3070355132004055,.2130217938783599,0,70.18151779684297
11716,54.6825206988215,13,25,.4381579163629454,.4992178593082122,1,68.58712697435004
11717,39.65334906346105,10,201,.2488105082772745,.02,0,73.05300391351469
11718,32.868264984517,11,42,.3335725704742906,.1018700667465094,1,74.43294826279836
11719,55.70024570454625,14,44,.5480937383005434,.4866037223441109,1,70.97611399101176
11720,34.39781639411362,11,46,.2709031547402114,.2886241943270467,1,66.49471614031245
11721,36.58283435825847,8,118,.4919767863505807,.4264657129866634,1,67.25180079415071
11722,37.31495237871913,14,43,.3380317157661424,.379634807751053,0,72.47727051440972
11723,46.49725991515889,10,65,.647607165152305,.4768408394691365,0,71.49419396689355
11724,43.34873908809604,16,42,.4571582064544734,.4731723918940983,1,76.22372694463525
11725,36.28377308546263,11,87,.526941074434923,.3764180714435563,0,71.21439629342419
11726,34.5175864930225,11,39,.5143794096878942,.6150022221190468,0,72.43592865354074
11727,35.43742635331373,17,96,.3700793653727652,.2727153923028399,0,71.26418489624338
11728,40.54337060280865,15,230,.4073009315119239,.4633324468539083,0,71.7250556914849
11729,42.40305632181236,11,40,.3846396939170143,.2020564884902546,0,70.8576984969727
11730,48.12799265278157,11,18,.4654919899290186,.6090983494563763,1,71.0731718205342
11731,37.33204486476991,15,322,.7512114554970033,.6711958185534141,1,73.71231786924479
11732,40.12176161493534,11,65,.5957955205001725,.3557691114368825,0,77.09499267792032
11733,35.95169480220579,12,113,.3390734311161771,.3296051634437822,1,72.89818322477531
11734,34.81437133585652,13,65,.5074205594926529,.3870194082743867,0,78.05360691046805
11735,33.84066465102941,10,105,.4148671561587177,.4601060987951486,0,69.55448099564921
11736,49.84951300243279,11,85,.4054607115473316,.4608316148812456,1,70.77014157458505
11737,35.29783711037,15,62,.6107375959457811,.4014304784891692,0,76.07489537706643
11738,29.91336932106517,13,112,.3989864995195394,.3746053256204855,1,67.24603317192565
11739,41.96236526454283,10,23,.4707470237891802,.7537716330743582,1,70.84903218912255
11740,46.17958175936569,11,70,.3560817119747592,.5061861627280784,1,71.28280490217254
11741,54.57095598036273,10,575,.4983484334864532,.5475573376948421,1,67.48563994361716
11742,37.74344990080253,12,65,.3473119443363711,.1593836128327473,0,73.21953714944975
11743,39.73144038290797,10,82,.614244579094268,.5868690803303912,1,73.03456619565462
11744,41.58960744131338,14,33,.3723092921718305,.5005859822264276,0,75.66340586569844
11745,31.6894504905761,11,229,.3307383645518167,.1854760426114709,0,78.44755537535417
11746,38.3551279939007,9,151,.4156040035519789,.2933958383836255,0,71.18169212699397
11747,45.27365147916914,13,107,.5120612171402738,.3275854453005335,0,74.29115559182667
11748,40.23241353369185,11,126,.5818645858398648,.7444113910725489,1,68.84194910180322
11749,33.62689595607242,10,148,.382082588574252,.1584545275402021,0,76.32484141575293
11750,22.61219046375864,11,95,.403144624903964,.2083847946313175,1,77.71707624857895
11751,35.34751270878746,15,80,.3979977772772514,.3274410285361402,0,71.39580810197668
11752,40.03071759123214,12,30,.6980728871088203,.5473237229230135,0,74.42009193920565
11753,40.54243888692494,13,77,.2971765121553446,.4645234441080504,0,76.12045580666057
11754,46.22987241950901,6,297,.3491199243960739,.4464802706849423,1,68.6995800044383
11755,46.16643980229296,8,70,.4429637277077839,.2319393607542247,1,71.57370879599354
11756,53.60483057306256,14,126,.3650754692505723,.2560740572885851,0,75.21753396164551
11757,36.48387093017179,13,56,.3657170815222612,.3779332610070664,1,70.19251363461767
11758,39.5291902049575,14,26,.6221254077502394,.6008738110364683,1,68.01358573135909
11759,40.51065584098478,13,60,.5030984589599053,.4553406812663173,0,72.65431142131415
11760,42.71722457924664,10,47,.4610195690376669,.3660130052545311,0,78.40030493774908
11761,32.19320955001545,11,75,.3767128966538758,.3701205864004699,0,76.28781331009239
11762,35.66477912605067,12,190,.5210631123356,.2590872900994062,0,76.38716949644903
11763,43.6658141530532,13,75,.4850699473765044,.5786349264071865,0,79.94127459962799
11764,43.06327708237376,12,47,.5073316627086488,.3552598076158129,0,72.48885027840507
11765,34.97537173883461,16,86,.4069794394165731,.3948527547290455,0,73.52172292438441
11766,26.66019147512617,11,158,.5898146014617391,.5201896401399384,0,72.40276246142129
11767,32.82607977439446,17,38,.2307081525038886,.1620582110360394,0,81.62885238364133
11768,38.75693610994661,14,218,.4176656282704924,.5430746245046509,0,75.83433185116066
11769,41.82187867338597,14,93,.3103201352944873,.4052987360065178,1,65.95057048126043
11770,30.68881369891072,13,35,.4487107014718331,.3938130140442846,1,73.1664033780628
11771,45.30937413610072,13,150,.3639919261097003,.5304544466014242,0,76.66186238516903
11772,32.41820143362566,12,74,.20025265674264,.1090708046081426,0,73.69912440424251
11773,43.94389994458216,13,296,.4768188007755132,.814493335761906,1,76.94790400084577
11774,38.11919502003367,13,104,.4660070724937533,.5673011392349746,0,72.42583214876738
11775,38.76418062076824,9,117,.4172770894470063,.3749930570750586,1,68.11449874405444
11776,30.78033028651666,14,34,.3511721909646792,.2842888476408668,1,71.76617877539439
11777,39.5678390989985,15,139,.5411820850885808,.3982802899243964,0,79.79807746833679
11778,38.15486065264358,10,73,.4444956642292475,.481106562473725,1,67.94717690837626
11779,33.83367293146694,15,12,.5756737374839478,.687205282186653,1,77.32136834395217
11780,46.57857492603842,9,184,.4567720240284658,.5024773759885639,1,67.04527184528389
11781,31.59732973623784,15,19,.5133285402604046,.7167021366607451,1,74.76264688373837
11782,35.17641056308772,12,71,.4677217377853826,.678444882563496,1,67.2468843619347
11783,36.54375082126931,6,110,.412992578980973,.2984625207456719,1,66.2679279631646
11784,45.53406272558786,17,88,.5905069629837116,.8188791575496206,1,69.28531888803759
11785,44.82028969992848,15,37,.1127031689328081,.118398720047342,0,74.39686922340131
11786,35.12535712942579,12,32,.5190933898314343,.805689719052844,1,67.36921496058427
11787,52.01261004581103,11,51,.3279942352552462,.3219404233025731,0,73.82876038692118
11788,46.17196531418217,15,68,.5099458204520373,.6083334197785163,0,80.32444574304637
11789,50.88531838394012,13,35,.2412294582572508,.1214884632472248,0,75.48826491141408
11790,34.12693559056927,9,110,.2539905944274777,.02,0,76.50021999348131
11791,46.87100286413356,11,295,.1903894541913994,.1108114855763772,0,69.9804869562996
11792,45.08052620409048,16,179,.4524372671186757,.4443509890474426,1,66.25862601565048
11793,44.92229577066748,11,276,.1781225240928716,.1340487985889165,0,72.11495553072905
11794,47.08953534426237,13,537,.3766958837100832,.4899526783626648,0,77.02817867926858
11795,37.53741036405677,15,15,.4090734103241443,.6480344276764478,1,83.28192629622492
11796,40.84410377389076,15,152,.3019709888664123,.1749634178421584,0,70.75984145218474
11797,37.52031437440844,12,65,.5602150534766444,.6422221616745495,0,80.39285553272433
11798,39.78228069334219,9,38,.3281103161569162,.2594054880401906,1,69.06624084234264
11799,46.97168895149044,7,58,.4922471470944834,.53241676277116,1,71.49231462141141
11800,40.17121316412752,10,500,.674762149670654,.6279241018961893,1,73.31275354443628
11801,44.0803634311677,12,125,.3744125571896157,.0224997221527573,0,80.01762069623032
11802,38.6288185242333,12,47,.4434409151693431,.5000723859572559,0,77.51020187368573
11803,34.91154630054842,10,88,.3825771300575013,.4179219841190452,0,71.05587955399287
11804,44.49357892103814,12,119,.379750263076049,.2451848312875614,0,72.85990923470366
11805,44.39793560075489,8,154,.6624724485420395,.4411620343930522,0,72.86707799910909
11806,37.57050594578394,11,105,.3444115423370654,.4177336431427127,0,71.18560012422648
11807,32.96421113144228,12,48,.3791532328191678,.4590481443421961,0,73.14877133401606
11808,34.89610155841163,8,85,.4481162114022914,.5296385852094487,1,70.4533615880943
11809,43.84784518693759,12,100,.5589295502099154,.3829520918896517,1,65.25371814265615
11810,43.7500327514211,10,108,.6973645202163581,.98,1,71.97000257920946
11811,31.63599451990394,12,25,.3288308215463801,.1876917063185411,0,73.41049626198773
11812,26.81599326412287,14,96,.5902572308352109,.5889503671087609,1,73.0481441854985
11813,41.37712622653888,7,113,.3361883551851423,.414163676297264,1,67.44585492180461
11814,33.17250663982662,12,106,.4638713636528188,.4452368846081559,0,67.97757188535282
11815,43.59929822569723,13,129,.2934742896420018,.02,0,70.56083441958613
11816,44.02295430526429,12,133,.6151369743652003,.6756307780256374,0,74.29145231300232
11817,35.56172694617208,12,98,.6298254126935402,.5797968012323955,0,70.40858681026432
11818,44.99667200136843,10,410,.3578288595612446,.516299036859484,0,76.57802826656119
11819,39.46604758974703,15,48,.5222399781317852,.4962433165714533,1,70.51507135126505
11820,47.12159990702557,11,144,.4673772350348617,.4663512430334616,1,72.27227752161257
11821,34.47434920541237,12,183,.5858324713367693,.5287442343310559,1,71.93211059148534
11822,40.0826360771103,11,78,.360595357977645,.5427769962857849,1,71.06203333371568
11823,38.91917827973208,13,131,.4610292699227274,.4609249438490477,0,78.24228408494015
11824,43.11896982820198,14,157,.352844893476379,.3466440433159416,1,71.69794977280952
11825,53.66446209528453,13,109,.7027573013479922,.8534420451931433,1,69.63777775146423
11826,22.45855810855399,14,57,.3919163766371724,.5778353158552629,1,70.89008865751531
11827,35.22892071943397,13,185,.4012597525598486,.5679079159217523,1,70.0486212371931
11828,52.99940020270139,12,32,.4845346840144173,.5641314752978308,1,69.00820200794551
11829,42.6980572758582,12,106,.3352582768910244,.3240970602624421,0,77.59152616973425
11830,35.84307033877749,12,163,.3321820547002385,.4572542160912034,0,69.22226674189402
11831,35.96177031648607,15,195,.6431423575591934,.8195421389970559,1,72.61673491006488
11832,30.75610601523702,12,129,.4735319869238585,.5344646711110536,0,71.73491048976324
11833,26.54974918674857,6,160,.6052791913341463,.4369722151698521,0,73.38253287500014
11834,32.5571297166519,9,411,.5651695758045738,.6317297178789242,1,75.87176144413834
11835,40.12133536478807,13,52,.3416864465836182,.3401776325540212,1,70.98401417265622
11836,31.86746265236323,10,97,.299632027312829,.4704043372185592,0,70.91688456869834
11837,46.24542794395681,14,104,.4271206227500101,.4471758008595264,0,71.29088113293338
11838,33.94811416693516,13,79,.3796798937759355,.4635072409569984,0,73.88370495210198
11839,46.74676043233278,15,121,.421022708260277,.5074170936773391,0,76.54753757742971
11840,31.047824170202,16,62,.5118207091283814,.5396901026012423,0,80.35558471608753
11841,45.00659141263245,8,120,.30948511450476,.0334786932532841,0,70.71768461994154
11842,59.5274349829114,11,155,.251667151663522,.3781905778326876,0,74.79402590056237
11843,32.73345010933397,11,67,.3793377033165958,.5194640871099065,1,65.52542369239364
11844,48.72366630376139,12,297,.4393935122507479,.449208003966124,1,74.92231979593167
11845,34.8872935054731,8,176,.6309165097026119,.98,1,69.83308906037797
11846,44.67322723532212,12,299,.3699538885788874,.4900220091245999,1,74.25207271248699
11847,39.42465683229971,13,55,.3921374084630498,.2837947242001248,0,76.08012321226744
11848,41.77242183319846,10,83,.510785354437032,.5804269424418526,1,70.90141577831942
11849,37.95987703767884,13,164,.5773748782613926,.5027525991117595,0,76.01103664323945
11850,40.76562035327456,16,80,.3088366900178024,.2652099534969325,1,74.74331022750681
11851,42.86341489126647,9,86,.619807657380452,.5661882466463782,0,72.29892689519311
11852,40.06193059106657,15,56,.6168444849731489,.6349481635864886,0,75.84331669682254
11853,43.52954703317211,13,161,.2638440417884567,.3101347864057695,0,71.52350806296641
11854,38.63891602514385,16,37,.3810021258041374,.3731556958865666,1,69.54404009641564
11855,46.59027254329578,13,101,.6428732411455524,.585405539391935,0,77.34854387382299
11856,38.00105576619698,10,94,.4681795716305743,.3990644228330814,1,75.29249761529383
11857,40.64808131543219,14,44,.2771957374180876,.1521392521445191,0,82.2318284695878
11858,45.81426144342239,9,52,.4339217071714402,.528573225396872,1,67.03138062615409
11859,33.2513723061701,14,72,.4301219275838827,.5675248551301001,1,74.57112245312084
11860,47.43153452306025,8,267,.6206907353273154,.5597446451763259,0,73.65840954182404
11861,43.60049441050803,11,326,.4303484764370216,.4730369898303236,0,69.24964263686341
11862,27.28097710155829,13,162,.2427328024401325,.2600209400761356,0,75.79769441980089
11863,26.82899126090522,9,288,.5208406115301452,.5317280623774938,0,75.7614485091303
11864,33.93497218369086,10,79,.4941094735172047,.5902586777233134,1,69.03765517267273
11865,53.02749655299105,15,43,.6470663365759861,.803777520281957,1,71.41623860676837
11866,37.33466368564059,14,202,.6611530130714938,.7671248966928584,1,75.65603497299632
11867,50.04518366609183,11,123,.7083044225838906,.7406291225840745,1,72.10119358518942
11868,48.10742247979115,10,383,.569234804324199,.5046213619221083,1,63.85773559285123
11869,31.85557940327373,11,70,.3392861432193194,.1305126756930162,0,68.6245470767447
11870,34.50966535866075,9,97,.3964061986190348,.2382404416872089,0,75.31461878395545
11871,34.47198033928803,15,100,.215512104890085,.3283326252048797,0,69.71772567756041
11872,39.53557541064676,11,58,.4551469286947595,.5421610597377715,1,72.32589156106968
11873,41.37702424660887,13,122,.3347004459841244,.5627114725327165,1,63.94642585723466
11874,36.16523145675117,11,41,.4922428322594538,.5428520564014968,1,67.11929045530731
11875,39.84061358292987,11,72,.4331476285769209,.5780546455992985,0,73.86260549714318
11876,29.80744048353334,11,92,.491489053710675,.4945189422178229,0,77.95839467644952
11877,41.92422892782109,11,50,.4132407272091085,.4802149126503037,1,68.98916471234561
11878,49.32163791179966,17,151,.652239720411212,.7830463941378827,1,72.71322312739419
11879,37.72475191282792,13,32,.5258152719599946,.6905976983928659,1,70.66081580564034
11880,44.63634782029538,13,289,.4249247586552545,.3526578723243497,0,76.58583869160414
11881,37.8882275195407,8,70,.50112368279483,.420540197979777,1,73.8412462727425
11882,31.09433510806365,14,74,.5726790307912757,.62818715156105,1,73.88117470923899
11883,41.05394329384791,13,40,.440525537767049,.3076847349483973,0,73.18009040181576
11884,37.70009298582482,8,28,.3994062342219131,.2462804874684401,0,71.85622698241174
11885,42.48782219796099,12,97,.5359108777790842,.7106330751288277,1,69.85152190990192
11886,47.64649285057642,16,97,.420566265407498,.5431151346227694,1,73.08597234818298
11887,38.7087817929096,11,230,.6536228793818583,.4850662585184313,1,76.68352747320642
11888,35.68334576025354,15,64,.2497680341034882,.3393941844877424,0,79.90564159706956
11889,38.09855483093511,18,205,.6066303062127517,.768384083016466,0,76.2950057223774
11890,46.71201585814727,9,135,.6758996055808865,.8291737708089364,1,66.85689696587926
11891,31.45502491308071,16,41,.3513426096254203,.4990279221841692,0,76.19276603531847
11892,27.94861737682261,11,62,.1383146436664782,.0391991913825223,1,66.62761182687387
11893,38.47140806939206,10,63,.5241235294289808,.4012704174186001,0,72.62034687073601
11894,35.69730984718151,15,27,.4939553526380499,.439917695370634,1,76.67771398282285
11895,34.66601275178391,14,192,.4134435623847005,.5099966751680927,1,69.82330648998848
11896,42.16139076983254,10,82,.3335100591875384,.3195518051603645,0,78.43747856060823
11897,37.75435837934749,11,75,.5087943029624289,.5236419259732524,1,68.21836535566517
11898,31.34647235276912,10,159,.4083539752247167,.5073702221450724,0,75.94862358992199
11899,35.70723434138487,13,164,.4835129384765617,.4973935025521868,1,74.34711131886527
11900,48.34300351396947,9,67,.2593630234472029,.02,1,68.03944952290598
11901,28.54289555568423,13,142,.4208858331235794,.4498120149849884,1,68.43252099344785
11902,49.58602754126631,10,58,.4829379415710768,.5602598544712357,0,78.1530257220759
11903,39.3815297869214,14,199,.5896950024236242,.7269082257121914,1,70.0482875273831
11904,40.1406403589703,11,37,.4542281317681102,.4002486181517482,1,75.00743870075341
11905,44.84270788765242,11,86,.4585475490597939,.5697576302497225,0,81.24908810409498
11906,36.81071023119819,11,152,.4872885304831928,.5680933007018621,0,78.05558298492561
11907,39.48642542230925,8,18,.3820498687456994,.3228504680914351,0,77.53664425017996
11908,39.12212633523959,11,71,.2700066602697789,.198275289375042,1,73.03677220186307
11909,30.29911018205118,16,72,.4112256159014762,.5125230154249881,1,76.96369088822215
11910,36.13257114253755,11,237,.316308372775293,.533338733466841,0,77.43865882494829
11911,43.7400567593007,15,254,.698240719956214,.7912040503971514,0,74.95196410972133
11912,40.29173151150277,12,325,.319766256837905,.164737980160938,1,74.93846200014424
11913,42.25587914890334,9,93,.5378607658658306,.7262459285147995,1,69.93760117696459
11914,34.1869365897288,12,120,.4467302534958599,.2885208908980111,0,70.77638682460123
11915,33.36621458235605,12,129,.3574413552675828,.3737031205776917,0,77.94655692433088
11916,36.50643647179803,11,186,.3648377696303192,.4054891133663961,0,72.30197013527014
11917,36.85267865774218,12,78,.5968015450791873,.2559249746153609,1,65.97717394396835
11918,47.05553817702385,14,128,.4638246444786956,.2984007194721028,0,71.13552034137047
11919,48.39745366474264,9,116,.292553131151064,.368686472198998,1,67.82226287499732
11920,48.30384027245668,9,99,.5639029377046726,.4705955839528222,0,76.15587452462161
11921,40.27778281543831,14,173,.4854389937071132,.5093691968734869,1,67.71266723364302
11922,37.47486460865998,9,99,.4942724245774049,.6007929474522642,1,66.85935501390099
11923,48.83995591900809,15,24,.5362703894951214,.5409326317632321,0,76.52358982210501
11924,37.20778540463778,12,38,.4276095313604169,.6272191531174945,1,70.36594202002517
11925,49.04607833444383,7,117,.5811715660490512,.5548866552700616,1,69.58215379469323
11926,31.83479771456712,12,100,.4435854844022623,.5781274265443176,1,75.84328371233877
11927,43.54007925199835,17,88,.504488619227011,.4248642844019255,1,71.40976767687866
11928,40.65568115191357,12,66,.4508251487831343,.248758907946267,0,65.52716373786846
11929,37.7757729992651,9,80,.610024069673103,.6629700117364299,1,67.40225265897783
11930,46.69206777556845,16,24,.532632325328896,.3823500914467122,0,75.35937939930074
11931,40.86613599232463,11,37,.42052171394652,.468372476740337,1,61.19192818247121
11932,42.30590254411644,11,53,.3745017131329038,.3995343164618677,1,72.01560845099507
11933,40.05610610919993,9,226,.5171864985116829,.5121371129034874,1,76.34446397895827
11934,46.5645539938234,14,21,.3079067989266767,.3660170432158241,0,69.49800809564536
11935,35.96461180119336,8,111,.4486133797879158,.2859949468567616,0,75.05058559207269
11936,35.83032335443006,13,24,.4772565855356323,.5862686350942462,0,78.67088786934349
11937,41.40347965757898,7,83,.2681448551396804,.117352096018283,0,74.25805309751073
11938,38.28036386838749,17,159,.2175617692222293,.1593580988801882,0,81.7832843585927
11939,53.37947286842731,11,89,.4269725701548632,.3059773652539221,0,65.13415416221457
11940,51.5968904752205,10,61,.5841293030187267,.4741875467469756,0,70.6499580912481
11941,29.56377218710655,11,134,.5324647383152551,.6883068959083845,0,69.89629224579025
11942,39.50095809894866,14,71,.4322917038482185,.4496133293819866,0,80.08449558084537
11943,37.16759752231749,17,42,.527763749956863,.3763975212683016,1,67.23792055657549
11944,46.39299649462761,11,295,.4459353538756927,.3205139381603702,0,77.16472783721593
11945,47.18575951660827,9,113,.6591049250578873,.9387868080336916,1,71.18025779867639
11946,37.37816609593516,9,128,.4223966870800044,.3950289321061083,0,74.41797248419414
11947,32.52322834504148,11,219,.2494479946417112,.3479474400954953,0,75.09820651787133
11948,47.248892643109,13,48,.4585454177879009,.4732854898696976,0,73.85005824408806
11949,49.4674231600625,11,50,.3884035538045706,.5898915387895649,0,70.38620885977713
11950,44.91233761201426,11,125,.3287637525252674,.4273753623515714,1,71.96150663545903
11951,38.85423206611198,16,64,.3389819321577136,.2348043443971101,0,77.11982682734742
11952,41.46771513332342,12,214,.4470140831363894,.5018801304798144,0,69.50118551235778
11953,32.67853264598151,13,67,.5090940889567932,.5520573873480189,1,75.69877371252917
11954,40.17719185180499,13,104,.3603180715688423,.2329843414628897,0,73.30172964260004
11955,43.82835194359902,12,494,.4551943915250027,.3960885699016359,0,75.63879286744385
11956,48.22400270440239,9,189,.2852330768708722,.02,0,75.81006170976656
11957,33.83346582113746,7,126,.4106431868639964,.5239571033544276,0,68.73943814480052
11958,46.17927076356018,9,273,.6656235685917853,.5199733995963385,1,72.59085380109599
11959,39.16224826745459,11,363,.6061014753131302,.4008244157656321,0,68.32500413301334
11960,34.59866145507719,16,180,.473122809203362,.513361770952341,1,70.52463078334026
11961,44.45194109033773,14,39,.4379022437994755,.3753441545585174,1,68.77750476758865
11962,38.17820826095974,12,187,.6257360220271804,.7691314651946852,1,72.51252026468704
11963,50.87920039678696,14,57,.554943260460718,.6864679891308076,1,72.35692650269363
11964,33.0180971303935,10,84,.2921860408695739,.1253536899248305,0,72.32647152229498
11965,43.47300451344487,11,111,.3473158946453646,.3042144142794697,0,72.31687465912509
11966,36.28356585408703,16,32,.5654012775534931,.5885711782793758,1,71.56402998401245
11967,38.49426847068673,11,74,.5886132211656809,.4009107622232737,0,71.33731392275176
11968,31.43494870936095,9,300,.5557535165741337,.7713957619324852,1,74.97702834405716
11969,46.99457057852332,13,198,.5098987947218041,.7280076390595617,1,71.35754761947733
11970,42.88498663252186,19,101,.390444256158667,.469109526300216,0,75.56449371053282
11971,31.952284452201,19,49,.51310809732222,.3390789073218902,0,75.9860164205656
11972,36.08703644044091,8,57,.5353663082268307,.5303889583069743,1,68.24026628991649
11973,43.2631369408594,9,133,.3717479957230215,.375344310523457,1,71.06699644727026
11974,44.79534817290002,14,89,.465087736729871,.353737200289725,1,70.17617641874769
11975,47.3881215782971,7,123,.2608860371606592,.0990973072512082,1,68.25642104892833
11976,35.90616957195289,14,69,.2637478819064876,.2320391874302211,1,69.63610013876384
11977,40.9589430229113,12,64,.4574500765619084,.7692455070978961,0,72.00011648953185
11978,52.7043874167662,13,42,.4441563904862894,.4064931673086546,0,74.5638365943858
11979,42.56369344051217,13,148,.5881026061491857,.7816071452939004,1,67.43783446046098
11980,52.46136556374961,7,421,.360453407074715,.3582167496134656,0,74.58154294656623
11981,38.00651423757726,12,99,.3252217332663143,.4897004331894452,0,73.12180808737084
11982,45.36961812382275,10,91,.5535193093293045,.5053713932283732,0,73.73315189446927
11983,30.02403201652821,10,37,.4393879198055733,.4907481357240278,1,70.52589572949989
11984,27.16484747140025,17,178,.4363412598728337,.352024171592314,1,75.73246874497457
11985,41.327181028807,12,89,.2893349655535285,.2353812366333754,0,69.72754281692966
11986,43.47937479301061,11,152,.5159838457787854,.5641843961616722,1,72.56762941796168
11987,46.78099906096025,14,75,.5703573054649168,.6525772330938147,1,73.95546249800228
11988,46.18332589898525,11,69,.6185370083595706,.4347820687292926,1,71.41932416827491
11989,43.69941972240877,11,100,.3928985836582136,.4096754220945599,0,79.27529862826592
11990,33.6784049053344,14,66,.3311107749766281,.17063532751109,0,76.36411161905711
11991,48.950225027493,10,49,.6955198475460972,.6491997557502284,1,68.05332537471018
11992,41.81643227926617,13,38,.4704289041964509,.6196953532943303,1,68.48610962962366
11993,39.86016398496161,9,72,.4264207364104301,.5649205776240099,1,67.31061816045957
11994,41.68544573295434,9,170,.4882674783167235,.4317080057487949,0,71.14799224964581
11995,51.47790436204926,16,20,.555313770641012,.235884495064188,0,73.91029407277063
11996,41.58401096053126,7,45,.5780223778096584,.5623131768329108,0,75.46124752153747
11997,45.45607538883017,13,142,.3365151970722918,.4414626039219575,0,77.04176499354391
11998,36.14916334319587,12,36,.3523586215329533,.119548071202069,0,72.46121921807534
11999,41.42440583276787,11,44,.5474985253442656,.5748703202719045,0,76.64715794759724
12000,42.27619129352846,9,86,.6329215063125075,.6308427171371563,1,62.80382672334356
